Year,"Real GDP","Project Allocation (%)","Project Investment",Imports,"GDP impact",,,"Baseline GDP Growth","Projected Growth"
,,,,,I-M,Multiplier,"% of GDP",,
2020,100,0,0,0,0,0.8,0,-0.063,-0.063
2021,110.60000000000001,0,0,0,0,0.8,0,0.106,0.1060000000000001
2022,122.76600000000002,0,0,0,0,0.8,0,0.11,0.1100000000000001
2023,132.34174800000002,0,0,0,0,0.8,0,0.078,0.07800000000000007
2024,145.178897556,0,0,0,0,0.8,0,0.09699999999999999,0.09699999999999998
2025,152.873379126468,0,0,0,0,0.8,0,0.053,0.052999999999999936
2026,160.9756682201708,0.05,610.0543384105057,182.8910336918559,341.7306437749198,0.8,2.1228714100290333,0.053,2.288383594760572
2027,169.50737863583984,0.1,1144.8357277232103,343.2156391120918,641.2960708888949,0.8,3.783292951905176,0.053,0.6128770022936432
2028,178.49126970353933,0.15,1611.309961609022,483.0621240142037,902.5982700758547,0.8,5.056820266755921,0.053,0.33335587115853027
2029,187.9513069978269,0.2,2015.8698401551612,604.3470157344016,1129.2182595366078,0.8,6.0080362173255,0.053,0.21837231613878605
2030,197.9127262687117,0.2,1891.503485953705,567.0626467130204,1059.5526713925476,0.8,5.353635874602439,0.053,-0.04532762553135883
2031,208.4021007609534,0.15,1331.1073089047889,399.05886468192847,745.6387553782884,0.8,3.577885024458413,0.053,-0.24129852168206956
2032,219.44741210128393,0.1,832.6576332190407,249.6263130389732,466.425056144054,0.8,2.1254525249483454,0.053,-0.28108690122466284
2033,231.07812494265195,0.05,390.6439752376451,117.11297820266158,218.82479762798687,0.8,0.9469732268352703,0.053,-0.3440428893120293
2034,243.3252655646125,0,0,0,0,0.8,0,0.053,-0.45916051361856125
2035,256.22150463953693,0,0,0,0,0.8,0,0.053,0.052999999999999936
2036,269.80124438543237,0,0,0,0,0.8,0,0.053,0.052999999999999936
2037,284.1007103378603,0,0,0,0,0.8,0,0.053,0.052999999999999936
2038,299.15804798576687,0,0,0,0,0.8,0,0.053,0.052999999999999936
2039,315.01342452901247,0,0,0,0,0.8,0,0.053,0.052999999999999936
2040,331.7091360290501,0,0,0,0,0.8,0,0.053,0.052999999999999936
2041,349.2897202385897,0,0,0,0,0.8,0,0.053,0.052999999999999936
2042,367.80207541123497,0,0,0,0,0.8,0,0.053,0.052999999999999936
2043,387.2955854080304,0,0,0,0,0.8,0,0.053,0.052999999999999936
,,,,,,,,,
,Assumptions,,,,,,,,
,,,,,,,,,
,"Exchange Rate",2.746,,,,,,,
,Multiplier,0.8,,,,,,,
,"demand multiplier","Bell Shape",,,,,,,
,"Total Inv (M USD)",6500,,,,,,,
,,,,,,,,,
,,,,,,,,,
,,,,,,,,,
,,,,,,,,,
,,,,,,,,,
"Scenario 2: Multiplier = 1",,,,,,,,,
Year,"Real GDP","Project Allocation (%)","Project Investment",Imports,"GDP impact",,,"Baseline GDP Growth","Projected Growth"
,,,,,,,,,
2020,100,0,0,0,0,1,0,-0.063,-0.063
2021,110.60000000000001,0,0,0,0,1,0,0.106,0.1060000000000001
2022,122.76600000000002,0,0,0,0,1,0,0.11,0.1100000000000001
2023,132.34174800000002,0,0,0,0,1,0,0.078,0.07800000000000007
2024,145.178897556,0,0,0,0,1,0,0.09699999999999999,0.09699999999999998
2025,152.873379126468,0,0,0,0,1,0,0.053,0.052999999999999936
2026,160.9756682201708,0.05,610.0543384105057,182.8910336918559,427.1633047186498,1,2.6535892625362916,0.053,2.8472294934507154
2027,169.50737863583984,0.1,1144.8357277232103,343.2156391120918,801.6200886111185,1,4.729116189881469,0.053,0.6511870696043414
2028,178.49126970353933,0.15,1611.309961609022,483.0621240142037,1128.2478375948183,1,6.3210253334449,0.053,0.3455896896859709
2029,187.9513069978269,0.2,2015.8698401551612,604.3470157344016,1411.5228244207597,1,7.5100452716568755,0.053,0.2240194867401264
2030,197.9127262687117,0.2,1891.503485953705,567.0626467130204,1324.4408392406845,1,6.692044843253049,0.053,-0.0482162008089444
2031,208.4021007609534,0.15,1331.1073089047889,399.05886468192847,932.0484442228603,1,4.472356280573015,0.053,-0.25086355047737774
2032,219.44741210128393,0.1,832.6576332190407,249.6263130389732,583.0313201800675,1,2.6568156561854317,0.053,-0.2963493806802986
2033,231.07812494265195,0.05,390.6439752376451,117.11297820266158,273.53099703498356,1,1.1837165335440878,0.053,-0.3711869216233409
2034,243.3252655646125,0,0,0,0,1,0,0.053,-0.5177945562874767
2035,256.22150463953693,0,0,0,0,1,0,0.053,0.052999999999999936
2036,269.80124438543237,0,0,0,0,1,0,0.053,0.052999999999999936
2037,284.1007103378603,0,0,0,0,1,0,0.053,0.052999999999999936
2038,299.15804798576687,0,0,0,0,1,0,0.053,0.052999999999999936
2039,315.01342452901247,0,0,0,0,1,0,0.053,0.052999999999999936
2040,331.7091360290501,0,0,0,0,1,0,0.053,0.052999999999999936
2041,349.2897202385897,0,0,0,0,1,0,0.053,0.052999999999999936
2042,367.80207541123497,0,0,0,0,1,0,0.053,0.052999999999999936
2043,387.2955854080304,0,0,0,0,1,0,0.053,0.052999999999999936
,,,,,,,,,
,,,,,,,,,
,,,,,,,,,
,,,,,,,,,
,,2.746,,,,,,,
,,1,,,,,,,
,,,,,,,,,
,,6500,,,,,,,
,,,,,,,,,
,,,,,,,,,
,,,,,,,,,
,,,,,,,,,
,,,,,,,,,
"Scenario 3: Import Content = 0.5",,,,,,,,,
Year,"Real GDP","Project Allocation (%)","Project Investment",Imports,"GDP impact",,,"Baseline GDP Growth","Projected Growth"
,,,,,,,,,
2020,100,0,0,0,0,0.8,0,-0.063,-0.063
2021,110.60000000000001,0,0,0,0,0.8,0,0.106,0.1060000000000001
2022,122.76600000000002,0,0,0,0,0.8,0,0.11,0.1100000000000001
2023,132.34174800000002,0,0,0,0,0.8,0,0.078,0.07800000000000007
2024,145.178897556,0,0,0,0,0.8,0,0.09699999999999999,0.09699999999999998
2025,152.873379126468,0,0,0,0,0.8,0,0.053,0.052999999999999936
2026,160.9756682201708,0.05,610.0543384105057,305.02716920525285,244.0217353642023,0.8,1.515892047923958,0.053,1.6492343264639278
2027,169.50737863583984,0.1,1144.8357277232103,572.4178638616052,457.93429108928416,0.8,2.7015596298795024,0.053,0.5492486227616249
2028,178.49126970353933,0.15,1611.309961609022,805.654980804511,644.5239846436089,0.8,3.6109552344723364,0.053,0.3117000257692526
2029,187.9513069978269,0.2,2015.8698401551612,1007.9349200775806,806.3479360620645,0.8,4.2901959499083855,0.053,0.2081176354970642
2030,197.9127262687117,0.2,1891.503485953705,945.7517429768525,756.601394381482,0.8,3.8229042095768158,0.053,-0.04001322809747054
2031,208.4021007609534,0.15,1331.1073089047889,665.5536544523944,532.4429235619156,0.8,2.5548827080810073,0.053,-0.2238511633350988
2032,219.44741210128393,0.1,832.6576332190407,416.32881660952035,333.0630532876163,0.8,1.5177351607768976,0.053,-0.2542158653304126
2033,231.07812494265195,0.05,390.6439752376451,195.32198761882256,156.25759009505805,0.8,0.6762110871976196,0.053,-0.2989531614300325
2034,243.3252655646125,0,0,0,0,0.8,0,0.053,-0.3717974973185135
2035,256.22150463953693,0,0,0,0,0.8,0,0.053,0.052999999999999936
2036,269.80124438543237,0,0,0,0,0.8,0,0.053,0.052999999999999936
2037,284.1007103378603,0,0,0,0,0.8,0,0.053,0.052999999999999936
2038,299.15804798576687,0,0,0,0,0.8,0,0.053,0.052999999999999936
2039,315.01342452901247,0,0,0,0,0.8,0,0.053,0.052999999999999936
2040,331.7091360290501,0,0,0,0,0.8,0,0.053,0.052999999999999936
2041,349.2897202385897,0,0,0,0,0.8,0,0.053,0.052999999999999936
2042,367.80207541123497,0,0,0,0,0.8,0,0.053,0.052999999999999936
2043,387.2955854080304,0,0,0,0,0.8,0,0.053,0.052999999999999936
,,,,,,,,,
,,,,,,,,,
,,,,,,,,,
,,,,,,,,,
,,2.746,,,,,,,
,,0.8,,,,,,,
,,,,,,,,,
,,6500,,,,,,,
