Year,"Real GDP Growth (%)","GDP Deflator Growth (%)","Real GDP Index (2020=100)","GDP Deflator Index (2020=100)","Nominal GDP Index"
2020,-0.063,0.073,100,100,100
2021,0.106,0.103,110.60000000000001,110.3,121.9918
2022,0.11,0.086,122.76600000000002,119.78580000000001,147.05623522800005
2023,0.078,0.025,132.34174800000002,122.780445,162.48978711517861
2024,0.09699999999999999,0.049,145.178897556,128.79668680499998,186.98560999215312
2025,0.053,0.06575,152.873379126468,137.26506896242873,209.84174928314144
2026,0.053,0.06575,160.9756682201708,146.29024724670842,235.49170304632892
2027,0.053,0.06575,169.50737863583984,155.9088310031795,264.27697249527114
2028,0.053,0.06575,178.49126970353933,166.15983664163855,296.5808021589874
2029,0.053,0.06575,187.9513069978269,177.08484590082628,332.8332823656907
2030,0.053,0.06575,197.9127262687117,188.72817451880562,373.51707542734033
2031,0.053,0.06575,208.4021007609534,201.1370519934171,419.1738417629323
2032,0.053,0.06575,219.44741210128393,214.36181316198426,470.4114515173639
2033,0.053,0.06575,231.07812494265195,228.45610237738472,527.9120776907259
2034,0.053,0.06575,243.3252655646125,243.47709110869778,592.4412785292324
2035,0.053,0.06575,256.22150463953693,259.48570984909463,664.8581900999333
2036,0.053,0.06575,269.80124438543237,276.5468952716726,746.1269647522511
2037,0.053,0.06575,284.1007103378603,294.7298536357851,837.3296077570013
2038,0.053,0.06575,299.15804798576687,314.108341512338,939.6803830287765
2039,0.053,0.06575,315.01342452901247,334.76096496677417,1054.541979728203
2040,0.053,0.06575,331.7091360290501,356.77149841333954,1183.4436549847849
2041,0.053,0.06575,349.2897202385897,380.2292244340166,1328.101594290936
2042,0.053,0.06575,367.80207541123497,405.2292959405532,1490.44176064369
2043,0.053,0.06575,387.2955854080304,431.87312214864454,1672.625536645531
