,"Gold, Fixing Committee of the London Bullion Market Association, London 3 PM fixed price, US$ per troy ounce","Monthly log return","3-month volatility","12-month volatility",,"Avg Price Jan-Sep 2025"
1990M1,409.819061279297,,,,,3202.8236082355647
1990M2,417.181060791016,1.7804577763742158,,,,
1990M3,392.703338623047,-6.046586283977909,,,,
1990M4,374.292114257813,-4.801791654598456,4.205911315509111,,,
1990M5,369.197631835938,-1.3704458419804602,2.421774046313538,,,
1990M6,352.527618408203,-4.620311901862343,1.9308330841718906,,,
1990M7,362.498565673828,2.7891548247739797,3.7140298034876476,,,
1990M8,394.631805419922,8.493267448770908,6.5752447531850695,,,
1990M9,389.755004882813,-1.243484289288566,4.892228760325101,,,
1990M10,380.995208740234,-2.273154955719252,5.941105501529432,,,
1990M11,381.794097900391,0.20946529934300276,1.2473096059958966,,,
1990M12,376.682342529297,-1.3479213049392647,1.2546522542507472,,,
1991M1,383.702270507813,1.846467513241765,1.597359759375206,3.98062494934324,,
1991M2,364.391662597656,-5.163762932392457,3.50970317235949,4.1137671142654515,,
1991M3,362.760803222656,-0.4485612539770916,3.5740643253722166,3.811526779207119,,
1991M4,358.323333740234,-1.2307927112367436,2.5269635164677804,3.591915048953385,,
1991M5,356.964294433594,-0.3799984477498231,0.47265875461876444,3.578022021064593,,
1991M6,366.910003662109,2.748083516812701,2.0952407854445023,3.39308162176582,,
1991M7,367.792266845703,0.24016901623760306,1.6562578101755363,3.303973950333667,,
1991M8,356.669525146484,-3.070863333095449,2.9186958503922256,2.1110840324517413,,
1991M9,348.742858886719,-2.247479656967142,1.7238180403657188,2.1479775698102483,,
1991M10,358.814361572266,2.8470299446701657,3.2055537640765683,2.3547541782145034,,
1991M11,359.589996337891,0.21593272882150316,2.5477147022013735,2.3549320166782293,,
1991M12,361.532012939453,0.5386110176724812,1.4350140405737917,2.356100414333068,,
1992M1,354.700958251953,-1.9075530166859027,1.3289740072989529,2.2873118232743077,,
1992M2,353.779998779297,-0.2599815795328384,1.2473946354851135,1.793226064327614,,
1992M3,344.183319091797,-2.7500827797976206,1.26655385658696,1.9343529334047596,,
1992M4,338.691589355469,-1.6084492387724163,1.2464814584507413,1.951419565020439,,
1992M5,337.098937988281,-0.4713455579389469,1.1393693613312994,1.9512166407021725,,
1992M6,341.021911621094,1.1570260372668375,1.3899911471793889,1.7564716889412417,,
1992M7,352.254486083984,3.2407154036876538,1.8606787296862228,2.0734372475461007,,
1992M8,342.892852783203,-2.693587040127227,3.010673455729372,2.0310168832157265,,
1992M9,345.006500244141,0.6145242333143851,2.9736740954439194,1.9516472158183116,,
1992M10,344.892395019531,-0.03307882544350478,1.7531540091876139,1.7211360319022113,,
1992M11,335.050537109375,-2.8951092396597717,1.867624825289783,1.8601566952698863,,
1992M12,334.80712890625,-0.07267460721499384,1.6410831368467553,1.8346643667669646,,
1993M1,329.030548095703,-1.7404033608375418,1.4189668845483865,1.8247735633490334,,
1993M2,329.299987792969,0.08185545030102777,1.0104310886207164,1.8336541191508484,,
1993M3,330.096954345703,0.24172600443525374,1.1011374868386534,1.7138537999899859,,
1993M4,342.05712890625,3.559135434087044,1.9630860060824589,1.9946360549101234,,
1993M5,366.667999267578,6.947903777996453,3.353152162349913,2.796194259404825,,
1993M6,371.809997558594,1.3926160062247273,2.799963676763916,2.800513413762123,,
1993M7,392.399993896484,5.389874759676879,2.86550618539355,3.0352347270566686,,
1993M8,378.700012207031,-3.5537344995096856,4.480189866672999,3.1362737352322316,,
1993M9,354.399993896484,-6.631816563297374,6.2447817954578895,3.8069527527736273,,
1993M10,362.380004882813,2.2267196973435817,4.497441950605935,3.8487502517787933,,
1993M11,374.167510986328,3.2010188997118965,5.417680574739201,3.774125953301014,,
1993M12,383.302001953125,2.411960783408184,0.5173950628882297,3.7828496607534596,,
1994M1,387.077514648438,0.9801773908908428,1.1258147717168963,3.6753593534963964,,
1994M2,382.304992675781,-1.2406269029592245,1.840442528364405,3.7362936966985845,,
1994M3,383.877502441406,0.41047974435022405,1.1534499180607614,3.732495044369877,,
1994M4,377.321044921875,-1.7227094533012137,1.1187085485140495,3.7478390791245304,,
1994M5,381.589996337891,1.1250321079797834,1.481593355883709,3.222059241674551,,
1994M6,385.743194580078,1.082512485683544,1.6320084785874913,3.2140166080606805,,
1994M7,385.399993896484,-0.08901088964598271,0.6889817773724568,2.787047245988173,,
1994M8,380.761352539063,-1.2108932557730043,1.1467924076393914,2.602911516162833,,
1994M9,391.928100585938,2.8905598509222465,2.1196847024930063,1.664690671727898,,
1994M10,389.594451904297,-0.5972074919991341,2.2122028554296924,1.6501850059261831,,
1994M11,384.441253662109,-1.3315340216662692,2.2557272722070274,1.5147436459108425,,
1994M12,379.399993896484,-1.319994954464128,0.42067214433995553,1.4041482486172654,,
1995M1,378.549987792969,-0.22429091111262173,0.635962237683608,1.3635252983663293,,
1995M2,376.505249023438,-0.5416143530420139,0.5637874714945057,1.3288483128698882,,
1995M3,381.661895751953,1.3603138256796399,1.0189044063500965,1.3906503242731434,,
1995M4,391.04443359375,2.4286067404580214,1.5044818539425073,1.4512616717866726,,
1995M5,385.219055175781,-1.5009047467735128,2.0317841912713535,1.5118823725934203,,
1995M6,387.490478515625,0.5879129953211455,1.9660609329045065,1.4885966739904528,,
1995M7,386.240478515625,-0.32311001030559444,1.0472442343059345,1.4919378534644827,,
1995M8,383.697631835938,-0.6605351497739229,0.6458123324565371,1.4588128790444201,,
1995M9,383.217498779297,-0.12521153911383398,0.2706753583709371,1.1559349064060975,,
1995M10,383.069030761719,-0.03875000113200828,0.3368144238677002,1.1491534886186414,,
1995M11,385.676300048828,0.6783206816928489,0.4410838906586836,1.1054580528157267,,
1995M12,387.557678222656,0.4866268010381582,0.3712496222906972,1.025504957742187,,
1996M1,400.070587158203,3.177631469187074,1.5013775385938473,1.3295484160571978,,
1996M2,404.484222412109,1.0971731141304397,1.4108259927878415,1.3010872600334886,,
1996M3,396.326324462891,-2.0374806991887375,2.6252541599250563,1.4776877648288074,,
1996M4,393.144989013672,-0.8059450964540154,1.5792716355764458,1.3460803793500553,,
1996M5,391.94287109375,-0.30623804556854484,0.8910282639757391,1.262994920855143,,
1996M6,385.272491455078,-1.7165238214155043,0.7150485671865706,1.3608016330698183,,
1996M7,383.586364746094,-0.43860570726478987,0.77883479997298,1.3633316581318653,,
1996M8,387.471435546875,1.0077334481345976,1.3629960460698647,1.3811859555947226,,
1996M9,382.964996337891,-1.169853972823201,1.1081898118280726,1.4275460691061082,,
1996M10,381.072723388672,-0.49533596821009307,1.1147555176518642,1.434580503595062,,
1996M11,378.516662597656,-0.6730137324655949,0.3496174459073531,1.4257759727931494,,
1996M12,368.977661132813,-2.5523991351101816,1.1398221902414876,1.5643877707625269,,
1997M1,355.200012207031,-3.805505778784995,1.5766458158777985,1.3988108026174475,,
1997M2,346.713195800781,-2.418313236776596,0.7651316267106816,1.2851570973992044,,
1997M3,351.805267333984,1.457989159859678,2.728076318211239,1.480249479343198,,
1997M4,344.583343505859,-2.0741817524460444,2.145552691127017,1.5106425578382434,,
1997M5,343.702789306641,-0.2558687841136338,1.7663428535000827,1.5131125695365657,,
1997M6,340.476318359375,-0.9431725784368492,0.9181349127615427,1.5006282798769546,,
1997M7,324.088623046875,-4.932856725268024,2.5253442768221617,1.8578994601896988,,
1997M8,324.049987792969,-0.011921910932518072,2.6140774932450674,1.7581840878891095,,
1997M9,324.476196289063,0.13143912086078224,2.883378927852227,1.8187801801514467,,
1997M10,323.883331298828,-0.182881605112033,0.1573621731584344,1.8347797857179333,,
1997M11,305.346160888672,-5.893727559332503,3.3915383077035455,2.2339042313637383,,
1997M12,287.619995117188,-5.9805939286053,3.322518509226915,2.538669252468311,,
1998M1,289.5,0.6515149531424549,3.804221635949935,2.5881583363189216,,
1998M2,297.455261230469,2.7108534245473126,4.5417874647872045,2.867948823209733,,
1998M3,295.954559326172,-0.5057904509177286,1.6292650981164156,2.7513609515725324,,
1998M4,308.285003662109,4.08187649295606,2.3548952582364806,3.1652671643894337,,
1998M5,298.978942871094,-3.065154594847713,3.6211666209289586,3.214574117827492,,
1998M6,292.538635253906,-2.1776401443010176,3.895494915113717,3.2266748831490757,,
1998M7,292.752258300781,0.07299722538428495,1.61766536076834,3.0267041591087316,,
1998M8,284.109985351563,-2.996528098598439,1.5894407698982598,3.0740646757688106,,
1998M9,288.981811523438,1.7002314671548506,2.3850027047733406,3.1630860743074374,,
1998M10,295.714996337891,2.303239004938173,2.9014565267823498,3.297559234966128,,
1998M11,293.716674804688,-0.6780528726893038,1.5762802072907287,2.87590282727578,,
1998M12,291.678955078125,-0.6961883050896555,1.7265087286996597,2.2721438948746093,,
1999M1,286.9368286,-1.6391646374093602,0.5497376770646722,2.3188780260189374,,
1999M2,287.655,0.24997632692637747,0.944570930575052,2.1530844403813365,,
1999M3,286.2136364,-0.5023333005173668,0.9510703485385595,2.153051593496658,,
1999M4,282.6175,-1.264411907295319,0.7571993685507886,1.6669230531525878,,
1999M5,276.91,-2.0401849670023378,0.7689359955144096,1.5588342815370744,,
1999M6,261.3136364,-5.797118572203784,2.424245713074644,2.129375200867712,,
1999M7,256.6931818,-1.7839831365162735,2.246680718935052,2.116452273961598,,
1999M8,256.9052632,0.08258646969002602,3.004448632157971,2.0506365641362483,,
1999M9,264.3108696,2.84185555026446,2.3272312415523775,2.2001675965409953,,
1999M10,310.7815789,16.196440003065703,8.617953812256312,5.349988079962761,,
1999M11,293.1840909,-5.828963848000638,11.095392810733795,5.644130856907948,,
1999M12,282.9526316,-3.552120418000859,12.112721064455458,5.734941885334617,,
2000M1,284.065625,0.39257812829716865,3.1478100109106157,5.720274507688322,,
2000M2,299.715,5.362673770880918,4.4672148808050425,5.933812023275768,,
2000M3,286.924,-4.361465079087926,4.862469432424704,6.086362756104298,,
2000M4,279.6526316,-2.5669140771659777,5.174579743191156,6.1228682673439705,,
2000M5,276.7409091,-1.0466509288941095,1.6592973507290025,6.100746386278963,,
2000M6,285.7318182,3.197195003536874,2.9873729214937765,5.872708338930312,,
2000M7,281.5857143,-1.4616779775790738,2.5783577849580714,5.860818391813048,,
2000M8,274.425,-2.5758892954923374,3.062544329987617,5.938942960873435,,
2000M9,273.53,-0.32666945128724545,1.1246259469476312,5.898067823212559,,
2000M10,269.9285714,-1.325393143212556,1.1269560437483381,3.11184046373389,,
2000M11,266.2973684,-1.354376294519481,0.5851595781635083,2.750510118638201,,
2000M12,271.45,1.9164349668272462,1.880092897769349,2.7060232182740886,,
2001M1,265.4863636,-2.221448219377142,2.1822044394335864,2.7460941333301987,,
2001M2,262.0894737,-1.2877530023601067,2.170279727087365,2.0151307480187035,,
2001M3,263.0272727,0.3571777146449055,1.3055583434963876,1.7701513515385867,,
2001M4,260.3305556,-1.0305534076255287,0.8848489855144976,1.6779526398609752,,
2001M5,272.0931818,4.419239657159502,2.8321484583710896,2.204078493270006,,
2001M6,270.202381,-0.6973350297485309,3.0547944683464943,1.9385675507767985,,
2001M7,267.5261905,-0.9953767523830342,3.04374320690895,1.9213853682900113,,
2001M8,272.0921053,1.6923161448273067,1.4732591260137924,1.8820472291662595,,
2001M9,284.4723529,4.449543958559072,2.7225343546953105,2.284999204376188,,
2001M10,282.2671429,-0.7782133221999128,2.6151885607859593,2.254283132208025,,
2001M11,277.184375,-1.8171039283237056,3.3585615873513777,2.290178851657318,,
2001M12,275.8357143,-0.4877448034011166,0.6989112169320196,2.2438435449800522,,
2002M1,281,1.854921888456878,1.8591690129041947,2.1619739077372153,,
2002M2,295.2875,4.959478868613158,2.7324777219320757,2.434377114886844,,
2002M3,294.0475,-0.4208139105503844,2.7007652575840937,2.463065606917452,,
2002M4,302.6833333,2.894583547189837,2.714258750277431,2.439693654008476,,
2002M5,314.4931818,3.827524202796389,2.2327343212224755,2.3750747026969052,,
2002M6,321.1777778,2.103239833347626,0.8631106270390531,2.307595489796612,,
2002M7,313.2913043,-2.4861352361470366,3.263377994915286,2.4840186085076663,,
2002M8,310.2809524,-0.9655257282655794,2.337803059715889,2.5645967850165627,,
2002M9,319.1357143,2.8138263885850945,2.729021464500796,2.4087993163677983,,
2002M10,316.5565217,-0.8114639779053339,2.138923704710543,2.4109964149135017,,
2002M11,320.4357143,1.2179867624425231,1.8169619635182988,2.2473514342600778,,
2002M12,332.0361111,3.5562054540323187,2.1856529620794842,2.2729552943929368,,
2003M1,356.8590909090909,7.20972691527626,3.019835419813195,2.8030786927178766,,
2003M2,358.97,0.5897819008986772,3.3159101253838466,2.6627897239822365,,
2003M3,340.55,-5.267686184955395,6.242588165763915,3.294408522046711,,
2003M4,328.18,-3.6999719340323116,3.0323161750728715,3.531784444447751,,
2003M5,355.6825,8.047624063410376,7.277376206457853,4.046888525471298,,
2003M6,356.352380952381,0.1881596444046257,5.984629755242276,4.038281311761471,,
2003M7,351.0195652173913,-1.5078112152691394,5.098265088496822,3.9738142725363366,,
2003M8,359.7675,2.4616026204175965,1.9916955222869186,3.9468835094730896,,
2003M9,378.9454545454546,5.193428584326298,3.3696125926607867,4.090677931352157,,
2003M10,378.9195652173912,-0.006832173909165396,2.6012418631803667,4.057026683657616,,
2003M11,389.91,2.8591989680796446,2.6046584664742634,4.0743366575341,,
2003M12,406.9526315789473,4.278085108089609,2.1828073857127896,4.110446133236986,,
2004M1,413.7880952380953,1.6657201193313411,1.307802257938354,3.7280954760348872,,
2004M2,404.8775,-2.1769443318094854,3.246996714619923,3.8549164754524075,,
2004M3,406.6673913043479,0.44110787358210835,1.9629884779189866,3.326804439666243,,
2004M4,403.26,-0.8414115743612991,1.3091155558064134,3.009495956143302,,
2004M5,383.778947368421,-4.951478627156061,2.817134965432245,2.859333238329466,,
2004M6,392.3727272727272,2.2145493974357393,3.595912176552026,2.890306288126756,,
2004M7,398.0909090909091,1.446817109030156,3.934453770719943,2.8000500390494807,,
2004M8,400.5095238095238,0.6057152021711708,0.804695879637652,2.7659590704688375,,
2004M9,405.275,1.1828303002897236,0.4301556480676821,2.419874608079813,,
2004M10,420.4642857142857,3.6793693875356115,1.6336625162413065,2.5706768537594975,,
2004M11,439.375,4.399371966193639,1.6880586194361793,2.7136591333403124,,
2004M12,442.078947368421,0.6135217518898995,2.01040987874829,2.509137420991514,,
2005M1,424.03,-4.1684272637886455,4.293539369001168,2.845546987099545,,
2005M2,423.35,-0.1604947357655659,2.5667638854173616,2.750117960062537,,
2005M3,434.3214285714286,2.5585618717509395,3.3840108060734737,2.8219621148391334,,
2005M4,429.2333333333334,-1.1784207194167071,1.9319455232899887,2.8386766381190274,,
2005M5,421.8725,-1.7297535928318593,2.3330472329758725,2.391219934262347,,
2005M6,430.6568181818182,2.060839173077669,2.047981368136135,2.3832858091722935,,
2005M7,424.4785714285714,-1.4450002492600305,2.111105083396613,2.4544121461370425,,
2005M8,437.9295454545454,3.1196517389777747,2.3891435661706772,2.565772734416724,,
2005M9,456.0477272727272,4.053942679788576,2.942428721106034,2.738436135240008,,
2005M10,469.8976190476191,2.991737005258266,0.5798768024600938,2.683542286378835,,
2005M11,476.6659090909091,1.430100610307674,1.3198192004094407,2.4619325042655165,,
2005M12,510.0972222222222,6.77854940939068,2.7502897111194744,3.025752142033789,,
2006M1,549.8642857142856,7.507015517245586,3.318269182693239,3.022316020295893,,
2006M2,554.995,0.9287610165672178,3.606108691900467,2.9618575517905357,,
2006M3,557.0934782608696,0.37739456752776246,3.9667142600116128,3.008188934285996,,
2006M4,610.6527777777778,9.179546212151706,4.930472169406607,3.4443545621976606,,
2006M5,675.3928571428571,10.076601965843016,5.359682931475829,3.6688066965480775,,
2006M6,596.1454545454545,-12.48098436116186,12.772548653544444,6.000164484845336,,
2006M7,633.7095238095238,6.110599656913522,12.043123013542262,5.920441364744178,,
2006M8,632.5931818181818,-0.17631523261839532,9.456718753460462,6.007379025591591,,
2006M9,598.1857142857143,-5.592626804002499,5.857007760822534,6.489092438830993,,
2006M10,585.7795454545455,-2.0957748244197916,2.746170968517778,6.602208760756242,,
2006M11,627.8272727272728,6.932156870972962,6.462735883106066,6.760541545418611,,
2006M12,629.7911764705883,0.3123213309998437,4.674838684680558,6.627106222589803,,
2007M1,631.1659090909092,0.21804598756480661,3.8494673954408034,6.381619487574243,,
2007M2,664.745,5.183475007561563,2.8399680553862603,6.485609595147959,,
2007M3,654.8954545454545,-1.4927896955156261,3.4678272369665324,6.537398588931786,,
2007M4,679.3684210526316,3.668796249039747,3.500207888828489,6.1172933987481795,,
2007M5,666.8595238095237,-1.8584159252197998,3.091001089780953,5.417908028633868,,
2007M6,655.4904761904762,-1.7195640731321424,3.1518190836845172,3.8459281451375453,,
2007M7,665.2954545454545,1.4847460514806454,1.8913670194676575,3.4785200191167625,,
2007M8,665.4113636363637,0.017420680441208817,1.6040450509746869,3.476023699508079,,
2007M9,712.6525,6.8588482987172235,3.601831722988529,3.3745084256897084,,
2007M10,754.6043478260871,5.719964494796631,3.6656330542301,3.3802587557409085,,
2007M11,806.2477272727273,6.619747994321953,0.6005324887703944,3.340718475219833,,
2007M12,803.2029411764706,-0.3783638465414013,3.8072909932132544,3.379746694656596,,
2008M1,889.5954545454545,10.215940318048396,5.38741510835369,4.0576487833740655,,
2008M2,922.297619047619,3.610115476592794,5.350765831151426,4.000766380205351,,
2008M3,968.4342105263158,4.88125825943892,3.505033487163462,3.8077922364688885,,
2008M4,909.7045454545455,-6.256067982708051,6.0964117294653875,4.687243558703849,,
2008M5,888.6625,-2.3402348080391535,5.649834030003108,4.729221715090337,,
2008M6,889.4880952380952,0.09285999730640866,3.20319076024328,4.613471383808212,,
2008M7,939.7717391304348,5.499089170314645,4.012527562532077,4.674827189342011,,
2008M8,839.025,-11.3396511662491,8.597216618360905,6.205663599867756,,
2008M9,829.9318181818181,-1.0896952753584699,8.485446878420394,6.054330354614766,,
2008M10,806.6195652173913,-2.8491412096046935,5.480967145261514,5.986673772433187,,
2008M11,760.8625,-5.839948032641487,2.4015785331851327,5.9193998777329675,,
2008M12,816.0921052631579,7.007456446625518,6.722514964200728,6.302811142687861,,
2009M1,858.6904761904761,5.088130396309204,6.930157676063489,5.702253984938014,,
2009M2,943.1625,9.383006350865557,2.151472724282293,6.276256724338449,,
2009M3,924.2727272727273,-2.023140268626964,5.760733614167104,6.121300359706308,,
2009M4,890.2,-3.7561030895036476,7.138388447097154,5.943424941008885,,
2009M5,928.6447368421053,4.2280094498902905,4.199723919171488,6.028298041974113,,
2009M6,945.6704545454545,1.816790056364676,4.095061457021284,6.041704499573231,,
2009M7,934.2282608695652,-1.2173352621352325,2.7286038690406165,5.845456526974066,,
2009M8,949.375,1.608307432708606,1.694778161080531,4.6433516402453145,,
2009M9,996.5909090909091,4.853649053203063,3.0379090788929575,4.7131832480413305,,
2009M10,1043.159090909091,4.56686115186037,1.7966417581688747,4.571573933628935,,
2009M11,1127.035714285714,7.7337227831507995,1.7514795927077909,4.068369077496369,,
2009M12,1134.723684210526,0.6798247009774473,3.533070975698075,3.948806452654657,,
2010M1,1117.9625,-1.4881339128812259,4.821828208388108,4.049386378698194,,
2010M2,1095.4125,-2.037682747204789,1.436830725569087,3.51410380741561,,
2010M3,1113.336956521739,1.6230768017090422,1.9741156883885786,3.3598893632758124,,
2010M4,1148.6875,3.1258213567508486,2.655848147774966,2.9317472791425003,,
2010M5,1205.434210526316,4.8219856477689085,1.6004287084628637,2.9751844432811323,,
2010M6,1232.920454545455,2.2545865629215953,1.3056008469269567,2.9730907012359586,,
2010M7,1192.965909090909,-3.2943141425953884,4.148416553088444,3.239317172481475,,
2010M8,1215.809523809524,1.8967562745881108,3.1055207193827514,3.2369136886456427,,
2010M9,1270.977272727273,4.437598096656903,3.940929588232344,3.2063701571412984,,
2010M10,1342.02380952381,5.439266957616952,1.8261343329176858,3.2782855679508005,,
2010M11,1369.886363636364,2.0549009935847082,1.7385108076792588,2.759898083849016,,
2010M12,1390.552631578947,1.4973454656463212,2.1332114363909374,2.7444620475996846,,
2011M1,1356.4,-2.486711353609055,2.4768871464660625,2.862335343584187,,
2011M2,1372.725,1.196368412265174,2.2184218297215037,2.6304113620590157,,
2011M3,1424.010869565217,3.667963069029461,3.097145835491625,2.6780210697482185,,
2011M4,1473.805555555556,3.437042280645582,1.36520596384431,2.690852999404814,,
2011M5,1510.4375,2.455147507231355,0.6439931862353908,2.554645197632394,,
2011M6,1528.659090909091,1.199159599994585,1.1217354011783758,2.558728767049202,,
2011M7,1572.809523809524,2.8472585752839903,0.8609575042904621,2.0027553057673666,,
2011M8,1755.806818181818,11.006495102233306,5.251558508172057,3.2020198581176005,,
2011M9,1771.852272727273,0.9097004436042684,5.358366271462195,3.2261685831996236,,
2011M10,1665.214285714286,-6.207166589226764,8.649712977603716,4.007037797418043,,
2011M11,1738.977272727273,4.334335084478217,5.3774401642912455,4.07378885936552,,
2011M12,1652.305555555556,-5.112554713908121,5.796049797882023,4.563596889713298,,
2012M1,1656.119047619048,0.2305323052390063,4.736973418543495,4.416230146848465,,
2012M2,1742.619047619048,5.091223929172014,5.103789450890539,4.520653776009319,,
2012M3,1673.772727272727,-4.030898474435627,4.564340633273904,4.798379758725019,,
2012M4,1650.065789473684,-1.4265037059512184,4.698878638961969,4.811149784735244,,
2012M5,1585.504545454545,-3.9912477643459914,1.4923335403538793,4.983566539597218,,
2012M6,1596.697368421053,0.7034669343598565,2.3507102868389658,4.978429914305875,,
2012M7,1593.909090909091,-0.1747804536416926,2.495899547606393,4.9173933528806755,,
2012M8,1626.034090909091,1.9954430334964266,1.0916646844305895,3.618914443630869,,
2012M9,1744.45,7.02953427017627,3.6958105832406827,4.235773324458426,,
2012M10,1747.010869565217,0.14669332523622444,3.5621493871058654,3.7795908573610797,,
2012M11,1721.136363636364,-1.49215037712395,4.521769885456745,3.5980550926233645,,
2012M12,1688.529411764706,-1.9126769644086166,1.0880913933160492,3.2976965629681443,,
2013M1,1670.954545454545,-1.0462932322176308,0.4332535777275791,3.3164884393048113,,
2013M2,1627.5875,-2.629619014496233,0.7928374368281268,2.9873119034480435,,
2013M3,1592.8625,-2.1566145022387198,0.8127594072156655,2.834971744749033,,
2013M4,1485.083333333333,-7.006182467089656,2.6738346486180005,3.41463881529485,,
2013M5,1413.5,-4.940198925145381,2.4336166392409218,3.5031374961251185,,
2013M6,1342.3625,-5.1637776852610155,1.1337791405784237,3.656419238504424,,
2013M7,1286.723913043478,-4.233173547730469,0.48578054151240563,3.7153751868807485,,
2013M8,1347.095238095238,4.5851212964129315,5.380046148716545,4.017769916425702,,
2013M9,1348.797619047619,0.1262944240643112,4.409240713791298,3.053242645654783,,
2013M10,1316.184782608696,-2.4476307663488464,3.5582259048506564,2.966963262433006,,
2013M11,1275.821428571429,-3.1147006494306253,1.711438098071161,2.9607959592431157,,
2013M12,1225.402777777778,-4.032064072821708,0.7955047435591935,2.9860095358531007,,
2014M1,1244.795454545455,1.5701634740868429,3.0048422308483436,3.2031103237635397,,
2014M2,1300.975,4.414276047681483,4.297568910633119,3.7641870704081404,,
2014M3,1336.083333333333,2.6628465060662743,1.4347147207079967,3.9812715165249104,,
2014M4,1299,-2.8147710730237274,3.771182883733223,3.6182398572925445,,
2014M5,1287.525,-0.887296684549683,2.7785778297196106,3.4120677198286153,,
2014M6,1279.095238095238,-0.6568788082413213,1.1849577307759118,3.1210465429268073,,
2014M7,1310.967391304348,2.461234856471807,1.8703114136870782,2.968625839183701,,
2014M8,1295.9875,-1.1492378503429874,1.9579140013061755,2.633374223158197,,
2014M9,1238.818181818182,-4.511510685252729,3.487108930825695,2.8894312655063126,,
2014M10,1222.489130434783,-1.3268794901841956,1.8920144034503321,2.845902220958327,,
2014M11,1176.3,-3.8515132083212738,1.6808355030021114,2.911910269584164,,
2014M12,1202.289473684211,2.185371482701961,3.0318767312234485,2.812057171625632,,
2015M1,1251.845238095238,4.039101948104968,4.125976671405561,3.0317837170287922,,
2015M2,1227.1875,-1.989368750213622,3.087804819262738,2.743025966622207,,
2015M3,1178.629545454545,-4.037260441991183,4.198490776415914,2.7255301828335683,,
2015M4,1197.91,1.6226010292256874,2.8657232345488755,2.7643193983612724,,
2015M5,1199.052631578947,0.09533996487428298,2.928166216675367,2.7720067614780644,,
2015M6,1181.504545454545,-1.4743106484226935,1.5485041892991587,2.7837315160624096,,
2015M7,1130.036956521739,-4.453832775110182,2.310711570399245,2.7942806565314267,,
2015M8,1117.475,-1.1178661185260024,1.8318150534444897,2.794385542234158,,
2015M9,1124.531818181818,0.6295111530252867,2.582711312899914,2.6359917286969328,,
2015M10,1159.245454545455,3.0402535830355797,2.087860381886224,2.850377624244683,,
2015M11,1085.702380952381,-6.554218998672318,4.991184930745501,3.22621801968322,,
2015M12,1068.252631578947,-1.6202874277031896,4.797885426256871,3.1050157445754984,,
2016M1,1097.375,2.689670527669139,4.625453345336152,2.9257808688615046,,
2016M2,1199.911904761905,8.93271771364623,5.3059289676229335,4.090238376358993,,
2016M3,1246.338095238095,3.7961586650157897,3.331270854205959,4.044781901995374,,
2016M4,1242.261904761905,-0.3275893370959454,4.639375373169199,4.033225107250027,,
2016M5,1259.3975,1.3699597318381946,2.0725753580876054,4.0440297321770196,,
2016M6,1276.404545454545,1.341374456943566,0.9719336487294051,4.006321304070453,,
2016M7,1337.326190476191,4.662506373010309,1.9092580455136552,3.8114043827253865,,
2016M8,1341.088636363637,0.28094590311483875,2.285916959451322,3.7481459298408306,,
2016M9,1326.029545454545,-1.1292526173598458,3.0202429323106093,3.819836610620548,,
2016M10,1266.569047619048,-4.587746573017478,2.505128297965888,4.138648220489892,,
2016M11,1235.979545454545,-2.4447897511625363,1.7456652185756583,3.617635027987455,,
2016M12,1151.402777777778,-7.088280413495081,2.324038832108084,4.273609623918636,,
2017M1,1192.616666666666,3.5168766899079307,5.316214653830529,4.316404139127734,,
2017M2,1234.3575,3.440081911396665,6.100842399074436,3.5940672616890024,,
2017M3,1231.093478260869,-0.2647810623605344,2.1615134531008517,3.4150883012915076,,
2017M4,1265.627777777778,2.7665484929681714,1.9735169872196159,3.511985116470192,,
2017M5,1245.004761904762,-1.6428911365280112,2.2557816123501646,3.524924359980308,,
2017M6,1260.256818181818,1.2176169415472164,2.236994012132218,3.5205155931928744,,
2017M7,1236.221428571428,-1.9256031828122022,1.7388820793844277,3.2091973143147388,,
2017M8,1282.315909090909,3.6608254770174415,2.800514413143254,3.438915379417954,,
2017M9,1314.978571428571,2.5152622915390905,2.9507565793813706,3.5259308633425954,,
2017M10,1279.513636363637,-2.7340335872253423,3.4098300223096327,3.346012493683361,,
2017M11,1282.284090909091,0.21628995888367925,2.6313744835432056,3.2499299182038266,,
2017M12,1261.255882352941,-1.6534977139963467,1.4926527136675252,2.3908913704195336,,
2018M1,1331.665909090909,5.4322765075038255,3.67221136680876,2.6424227509884415,,
2018M2,1331.525,-0.010581974469756936,3.7088200482105793,2.5284282648128977,,
2018M3,1324.657142857143,-0.5171236066138576,3.2983999807419373,2.5375924616143744,,
2018M4,1334.74,0.7582850484189337,0.642184833376586,2.447076683151878,,
2018M5,1303.02619047619,-2.4047118254463413,1.591341454312956,2.515050849945891,,
2018M6,1281.566666666667,-1.6606110237430427,1.6537479370154748,2.5646200079382764,,
2018M7,1238.525,-3.4162132386424444,0.8811886147843047,2.705953184467263,,
2018M8,1201.245454545455,-3.0562258094047183,0.92731428653993,2.5749033281110942,,
2018M9,1198.4725,-0.23110680773184095,1.7443141583943733,2.39393835302585,,
2018M10,1215.393478260869,1.4020045504050105,2.2555179753520744,2.383668641972568,,
2018M11,1220.945454545455,0.455764657401297,0.8199812043375765,2.3905495323025505,,
2018M12,1247.923529411765,2.1855472201308217,0.8661655696916778,2.4645247559815195,,
2019M1,1291.745454545455,3.451337578433152,1.5037636156609182,2.1005830798406118,,
2019M2,1320.065,2.1686608465749466,0.7357275287352714,2.214613278017823,,
2019M3,1300.897619047619,-1.4626475421198155,2.548820314618489,2.2484506607590675,,
2019M4,1286.445,-1.1171902214939968,2.0042687201615763,2.2446925761108507,,
2019M5,1283.947619047619,-0.1943190872643421,0.6557043236302437,2.145412741048002,,
2019M6,1359.0425,5.684099837349376,3.689287344193833,2.6541955013949443,,
2019M7,1412.978260869565,3.891931082040064,3.012892252385403,2.5112240377253623,,
2019M8,1498.797619047619,5.896348086842152,1.101105936173525,2.494602210352974,,
2019M9,1511.314285714286,0.8316460785511912,2.5506286239704763,2.4323143394923674,,
2019M10,1494.8,-1.0987241520008402,3.612676092280714,2.5843016924556865,,
2019M11,1470.016666666667,-1.6718680034338882,1.3116405668814535,2.747107747064543,,
2019M12,1476.044444444444,0.40920985423133366,1.0749607660477187,2.7574152914356507,,
2020M1,1560.672727272727,5.575112660023874,3.7313126730658386,2.9617027898531987,,
2020M2,1597.1025,2.307408627867011,2.613031445942351,2.9644962629964047,,
2020M3,1591.927272727273,-0.3245646597637767,2.9555418427702063,2.8748926170763696,,
2020M4,1682.93,5.559091853071047,2.9472626040926797,2.9293405940564408,,
2020M5,1716.381578947368,1.9682019751056001,2.965599515518703,2.8309158215198362,,
2020M6,1732.218181818182,0.9184431533020163,2.433519538114058,2.660365896627016,,
2020M7,1843.313043478261,6.216174641768031,2.8051507471242347,2.8840939943795707,,
2020M8,1968.030952380952,6.546900669132599,3.15845090291033,2.9645641821681146,,
2020M9,1922.213636363636,-2.3556068816326126,5.047102450606695,3.2355173957810583,,
2020M10,1900.275,-1.147884498477007,4.829129542368746,3.239831546095978,,
2020M11,1863.492857142857,-1.9546005644383135,0.6151138420765268,3.2698514230827835,,
2020M12,1855.955263157895,-0.40530767252419186,0.7748676896152301,3.3135056837318784,,
2021M1,1866.985,0.5925300076208706,1.2834759218603369,3.1187488845466937,,
2021M2,1808.175,-3.20067809263814,1.966308025778086,3.3822536311865474,,
2021M3,1718.228260869565,-5.102437028369189,2.8993609721947604,3.8108410103117274,,
2021M4,1761.6775,2.4972801077198374,3.9547253434177705,3.5444623923285907,,
2021M5,1855.56,5.192005717835961,5.338426705145702,3.7894026200393673,,
2021M6,1834.565909090909,-1.137864557514515,3.176556850683955,3.8224960378866326,,
2021M7,1807.093181818182,-1.5088314299606755,3.766211460794286,3.39491489932213,,
2021M8,1783.969047619048,-1.287889340046851,0.1866097813271718,2.6606559745585696,,
2021M9,1777.252272727273,-0.377217940261276,0.5998175966564836,2.617683927967736,,
2021M10,1776.854761904762,-0.0223690969515049,0.6527865380645504,2.6185196748067434,,
2021M11,1820.234090909091,2.412030055045095,1.5183390767634137,2.7088882731647344,,
2021M12,1786.652631578947,-1.8621283272103106,2.1439621861236415,2.751444828643655,,
2022M1,1816.765,1.6713616058316807,2.2840961281279095,2.801047930780787,,
2022M2,1856.295,2.1525118716753404,2.1921980070140843,2.7092144035566084,,
2022M3,1947.828260869565,4.813247386332312,1.6922600920559063,2.437152690213874,,
2022M4,1933.9,-0.7176350176479622,2.7661018543523106,2.4397177224272184,,
2022M5,1849.833181818182,-4.444322635179251,4.657994265570201,2.440404594432451,,
2022M6,1837.064090909091,-0.6926768510051995,2.1588449689071445,2.425298576338749,,
2022M7,1737.380476190476,-5.57901891153891,2.557300675257547,2.8961331789246385,,
2022M8,1764.132608695652,1.528062434775386,3.635900323420109,2.9252094636590273,,
2022M9,1683.208181818181,-4.695752533612888,3.873556451940884,3.2146569030930956,,
2022M10,1666.626666666667,-0.9899980942520943,3.1307378670589863,3.21500736969375,,
2022M11,1727.898636363636,3.6104385671556285,4.161118520361093,3.3313368470954376,,
2022M12,1797.408181818182,3.9439719111932408,2.7573937568485265,3.5212560944766,,
2023M1,1896.059545454545,5.343208090865859,0.9193835435033549,3.821675900643185,,
2023M2,1853.409,-2.2751163071035805,4.055321335113482,3.84611918717253,,
2023M3,1913.648260869565,3.1984858293079004,3.928507361998257,3.686865632663228,,
2023M4,1999.6685,4.396991242971905,3.5570061084682942,3.9041988824153324,,
2023M5,1989.826956521739,-0.4933738388171685,2.5489185180154452,3.626403979060446,,
2023M6,1944.728636363636,-2.2925229676044436,3.461748320196525,3.7070772284981253,,
2023M7,1950.27,0.2845375771523031,1.3218247999169923,3.186493938649202,,
2023M8,1919.302173913043,-1.6006155640823818,1.3337777971047489,3.2631526729456226,,
2023M9,1915.434761904762,-0.2017042307835411,0.9787054698361894,2.8142986297050574,,
2023M10,1913.984545454546,-0.07574080575388546,0.8463709521110835,2.765200522227025,,
2023M11,1985.777727272728,3.6823421034235824,2.206991536872641,2.7710808337355766,,
2023M12,2034.704285714285,2.433985463287982,1.9139970131786708,2.6653997343138305,,
2024M1,2034.006086956522,-0.0343203964236973,1.8914063663417533,2.3022397527555527,,
2024M2,2024.44619047619,-0.47111132561449937,1.5664666974756642,2.1525123435851725,,
2024M3,2162.346190476191,6.589765453324309,3.956540588022412,2.6665195439900113,,
2024M4,2333.550454545454,7.6197076503209855,4.4041290004924045,3.1552533734530943,,
2024M5,2350.596521739131,0.7278226976126552,3.7175536759577565,3.112017101102101,,
2024M6,2328.2625,-0.9546853737843145,4.543294093927685,2.989718125330783,,
2024M7,2393.962173913043,2.7827525395987642,1.8718089388874721,2.9843619917565922,,
2024M8,2468.328636363637,3.0591449518212728,2.241861904930754,2.812926051411958,,
2024M9,2569.049047619048,3.9994553892326437,0.6378273419123892,2.7618636043248346,,
2024M10,2689.128695652174,4.568142613218646,0.7620873549592165,2.700984022832318,,
2024M11,2652.199523809524,-1.3827931467305399,3.2839417595486458,2.941365422132826,,
2024M12,2640.605454545455,-0.43810750088150935,3.1981402823475134,3.0540616710351847,,
2025M1,2707.467391304348,2.5005426273837243,2.0251910313326866,2.974193549938558,,
2025M2,2894.38,6.675726975914571,3.574783673730547,3.064810377395259,,
2025M3,2986.256190476191,3.1249566908965822,2.2520371105548094,2.8493484707410284,,
2025M4,3222.011818181818,7.598546006360103,2.3619400903829226,2.846024855335689,,
2025M5,3288.009545454546,2.0276427595881126,2.9510467694296696,2.788779825357899,,
2025M6,3351.858571428571,1.923260912663916,3.2469144185824628,2.550393332338853,,
2025M7,3341.649130434783,-0.3050552674573565,1.3176853856883155,2.7279242702137125,,
2025M8,3367.256190476191,0.7633789171296412,1.1144707898780863,2.78638963954444,,
2025M9,3666.523636363636,8.514574917309519,4.813322962293472,3.2590725496986375,,
