Year,"Real GDP","Project Allocation (%)","Project Investment",Imports,"GDP impact",,,"Baseline GDP Growth","Projected Growth"
2020,37.28,0,0,0,0,Multiplier,"% of GDP",-6.8,
2021,41.1944,0,0,0,0,,,10.5,0.10499999999999998
2022,45.725784,0,0,0,0,,,11,0.10999999999999988
2023,49.1552178,0,0,0,0,,,7.5,0.07500000000000018
2024,52.89101435280001,0,0,0,0,,,7.6,0.07600000000000029
2025,56.06447521396801,0,0,0,0,,,6,0.05999999999999983
2026,58.86769897466641,0.05,0.8924500000000001,0.53547,0.23974329738609,,,5,0.05427620692909585
2027,61.81108392339974,0.1,1.7849000000000002,1.07094,0.4561109106037386,,,5,0.05345777858916079
2028,64.90163811956972,0.15,2.67735,1.6064100000000001,0.6508122386735863,,,5,0.05276061548939048
2029,68.14672002554822,0.2,3.5698000000000003,2.14188,0.8254455662923017,,,5,0.05216761867647235
2030,71.55405602682563,0.2,3.5698000000000003,2.14188,0.7852038680545079,,,5,0.048818161270522076
2031,75.13175882816692,0.15,2.67735,1.6064100000000001,0.5601930093135609,,,5,0.04634678247292423
2032,78.88834676957528,0.1,1.7849000000000002,1.07094,0.35525517832013365,,,5,0.04692242734129426
2033,82.83276410805405,0.05,0.8924500000000001,0.53547,0.16896798017604456,,,5,0.04742502925101455
2034,86.97440231345675,0,0,0,0,,,5,0.047862497869366694
2035,91.3231224291296,0,0,0,0,,,5,0.050000000000000044
2036,95.88927855058608,0,0,0,0,,,5,0.050000000000000044
2037,100.6837424781154,0,0,0,0,,,5,0.050000000000000266
2038,105.7179296020212,0,0,0,0,,,5,0.050000000000000266
2039,111.0038260821222,0,0,0,0,,,5,0.04999999999999938
2040,116.5540173862284,0,0,0,0,,,5,0.05000000000000071
2041,122.3817182555398,0,0,0,0,,,5,0.04999999999999982
2042,128.5008041683168,0,0,0,0,,,5,0.050000000000000044
2043,134.9258443767326,0,0,0,0,,,5,0.04999999999999982
,,,,,,,,,
,,,,,,,,,
,Assumptions,,,,,,,,
,,,,,,,,,
,"Total Investment (USD bn)",6.5,,,,,,,
,"Import Share",0.6,,,,,,,
,"Demand Multiplier",1,,,,,,,
,"Exchange Rate",2.746,,,,,,,
