Year,"Real GDP","Project Allocation (%)","Project Investment",Imports,"GDP impact",,,"Baseline GDP Growth","Projected Growth"
2020,37.28,0,0,0,0,Multiplier,"% of GDP",-6.8,
2021,41.1944,0,0,0,0,,,10.5,0.10499999999999998
2022,45.725784,0,0,0,0,,,11,0.10999999999999988
2023,49.1552178,0,0,0,0,,,7.5,0.07500000000000018
2024,52.89101435280001,0,0,0,0,,,7.6,0.07600000000000029
2025,56.06447521396801,0,0,0,0,,,6,0.05999999999999983
2026,58.86769897466641,0.05,0.8924500000000001,0.53547,0.191794637908872,,,5,0.05342096554327669
2027,61.81108392339974,0.1,1.7849000000000002,1.07094,0.36488872848299087,,,5,0.05276846868602125
2028,64.90163811956972,0.15,2.67735,1.6064100000000001,0.5206497909388691,,,5,0.05221173260612555
2029,68.14672002554822,0.2,3.5698000000000003,2.14188,0.6603564530338414,,,5,0.05173754505045025
2030,71.55405602682563,0.2,3.5698000000000003,2.14188,0.6281630944436063,,,5,0.04905226054383771
2031,75.13175882816692,0.15,2.67735,1.6064100000000001,0.4481544074508487,,,5,0.04707106758023394
2032,78.88834676957528,0.1,1.7849000000000002,1.07094,0.28420414265610694,,,5,0.04753429215264782
2033,82.83276410805405,0.05,0.8924500000000001,0.53547,0.13517438414083566,,,5,0.0479381747364811
2034,86.97440231345675,0,0,0,0,,,5,0.04828930179624469
2035,91.3231224291296,0,0,0,0,,,5,0.050000000000000044
2036,95.88927855058608,0,0,0,0,,,5,0.050000000000000044
2037,100.6837424781154,0,0,0,0,,,5,0.050000000000000266
2038,105.7179296020212,0,0,0,0,,,5,0.050000000000000266
2039,111.0038260821222,0,0,0,0,,,5,0.04999999999999938
2040,116.5540173862284,0,0,0,0,,,5,0.05000000000000071
2041,122.3817182555398,0,0,0,0,,,5,0.04999999999999982
2042,128.5008041683168,0,0,0,0,,,5,0.050000000000000044
2043,134.9258443767326,0,0,0,0,,,5,0.04999999999999982
,,,,,,,,,
,,,,,,,,,
,Assumptions,,,,,,,,
,,,,,,,,,
,"Total Investment (USD bn)",6.5,,,,,,,
,"Import Share",0.6,,,,,,,
,"Demand Multiplier",0.8,,,,,,,
,"Exchange Rate",2.746,,,,,,,
