,"Gold, Fixing Committee of the London Bullion Market Association, London 3 PM fixed price, US$ per troy ounce","Monthly log return","3-month volatility","12-month volatility"
1990M1,409.819061279297,,,
1990M2,417.181060791016,1.780457776374216,,
1990M3,392.703338623047,-6.046586283977909,,
1990M4,374.292114257813,-4.801791654598456,4.205911315509111,
1990M5,369.197631835938,-1.37044584198046,2.421774046313538,
1990M6,352.527618408203,-4.620311901862343,1.93083308417189,
1990M7,362.498565673828,2.78915482477398,3.714029803487648,
1990M8,394.631805419922,8.493267448770908,6.57524475318507,
1990M9,389.755004882813,-1.243484289288566,4.892228760325101,
1990M10,380.995208740234,-2.273154955719252,5.941105501529431,
1990M11,381.794097900391,0.2094652993430028,1.24730960599589,
1990M12,376.682342529297,-1.347921304939265,1.254652254250741,
1991M1,383.702270507813,1.846467513241765,1.597359759375201,3.98062494934324
1991M2,364.391662597656,-5.163762932392457,3.509703172359488,4.113767114265452
1991M3,362.760803222656,-0.4485612539770916,3.574064325372215,3.811526779207119
1991M4,358.323333740234,-1.230792711236744,2.526963516467777,3.591915048953386
1991M5,356.964294433594,-0.3799984477498231,0.4726587546187465,3.578022021064593
1991M6,366.910003662109,2.748083516812701,2.095240785444498,3.393081621765821
1991M7,367.792266845703,0.2401690162376031,1.656257810175531,3.303973950333668
1991M8,356.669525146484,-3.070863333095449,2.918695850392222,2.111084032451742
1991M9,348.742858886719,-2.247479656967142,1.723818040365713,2.147977569810248
1991M10,358.814361572266,2.847029944670166,3.205553764076565,2.354754178214504
1991M11,359.589996337891,0.2159327288215032,2.54771470220137,2.35493201667823
1991M12,361.532012939453,0.5386110176724812,1.435014040573786,2.356100414333069
1992M1,354.700958251953,-1.907553016685903,1.328974007298946,2.287311823274308
1992M2,353.779998779297,-0.2599815795328384,1.247394635485107,1.793226064327615
1992M3,344.183319091797,-2.750082779797621,1.266553856586953,1.93435293340476
1992M4,338.691589355469,-1.608449238772416,1.246481458450734,1.95141956502044
1992M5,337.098937988281,-0.4713455579389469,1.139369361331292,1.951216640702173
1992M6,341.021911621094,1.157026037266838,1.389991147179383,1.756471688941242
1992M7,352.254486083984,3.240715403687654,1.860678729686219,2.073437247546101
1992M8,342.892852783203,-2.693587040127227,3.01067345572937,2.031016883215727
1992M9,345.006500244141,0.6145242333143851,2.973674095443916,1.951647215818312
1992M10,344.892395019531,-0.03307882544350478,1.753154009187609,1.721136031902212
1992M11,335.050537109375,-2.895109239659772,1.867624825289778,1.860156695269886
1992M12,334.80712890625,-0.07267460721499384,1.64108313684675,1.834664366766965
1993M1,329.030548095703,-1.740403360837542,1.41896688454838,1.824773563349034
1993M2,329.299987792969,0.08185545030102777,1.010431088620708,1.833654119150849
1993M3,330.096954345703,0.2417260044352537,1.101137486838646,1.713853799989986
1993M4,342.05712890625,3.559135434087044,1.963086006082455,1.994636054910124
1993M5,366.667999267578,6.947903777996453,3.353152162349911,2.796194259404825
1993M6,371.809997558594,1.392616006224727,2.799963676763915,2.800513413762123
1993M7,392.399993896484,5.389874759676879,2.86550618539355,3.035234727056669
1993M8,378.700012207031,-3.553734499509686,4.480189866672998,3.136273735232232
1993M9,354.399993896484,-6.631816563297374,6.244781795457887,3.806952752773628
1993M10,362.380004882813,2.226719697343582,4.497441950605932,3.848750251778795
1993M11,374.167510986328,3.201018899711896,5.4176805747392,3.774125953301015
1993M12,383.302001953125,2.411960783408184,0.5173950628882197,3.78284966075346
1994M1,387.077514648438,0.9801773908908428,1.125814771716891,3.675359353496397
1994M2,382.304992675781,-1.240626902959225,1.840442528364401,3.736293696698585
1994M3,383.877502441406,0.4104797443502241,1.153449918060755,3.732495044369878
1994M4,377.321044921875,-1.722709453301214,1.118708548514042,3.747839079124531
1994M5,381.589996337891,1.125032107979783,1.481593355883704,3.222059241674551
1994M6,385.743194580078,1.082512485683544,1.632008478587487,3.214016608060681
1994M7,385.399993896484,-0.08901088964598271,0.6889817773724469,2.787047245988174
1994M8,380.761352539063,-1.210893255773004,1.146792407639385,2.602911516162834
1994M9,391.928100585938,2.890559850922247,2.119684702493004,1.6646906717279
1994M10,389.594451904297,-0.5972074919991341,2.212202855429689,1.650185005926185
1994M11,384.441253662109,-1.331534021666269,2.255727272207024,1.514743645910844
1994M12,379.399993896484,-1.319994954464128,0.4206721443399338,1.404148248617267
1995M1,378.549987792969,-0.2242909111126217,0.635962237683594,1.363525298366331
1995M2,376.505249023438,-0.5416143530420139,0.5637874714944902,1.32884831286989
1995M3,381.661895751953,1.36031382567964,1.018904406350089,1.390650324273145
1995M4,391.04443359375,2.428606740458021,1.504481853942502,1.451261671786674
1995M5,385.219055175781,-1.500904746773513,2.03178419127135,1.511882372593422
1995M6,387.490478515625,0.5879129953211455,1.966060932904502,1.488596673990455
1995M7,386.240478515625,-0.3231100103055944,1.047244234305926,1.491937853464484
1995M8,383.697631835938,-0.6605351497739229,0.6458123324565239,1.458812879044422
1995M9,383.217498779297,-0.125211539113834,0.2706753583709045,1.1559349064061
1995M10,383.069030761719,-0.03875000113200828,0.3368144238676744,1.149153488618643
1995M11,385.676300048828,0.6783206816928489,0.4410838906586648,1.105458052815729
1995M12,387.557678222656,0.4866268010381582,0.3712496222906754,1.025504957742189
1996M1,400.070587158203,3.177631469187074,1.501377538593843,1.3295484160572
1996M2,404.484222412109,1.09717311413044,1.410825992787837,1.301087260033491
1996M3,396.326324462891,-2.037480699188738,2.625254159925054,1.477687764828809
1996M4,393.144989013672,-0.8059450964540154,1.57927163557644,1.346080379350057
1996M5,391.94287109375,-0.3062380455685448,0.8910282639757281,1.262994920855145
1996M6,385.272491455078,-1.716523821415504,0.715048567186557,1.36080163306982
1996M7,383.586364746094,-0.4386057072647899,0.7788347999729676,1.363331658131867
1996M8,387.471435546875,1.007733448134598,1.362996046069858,1.381185955594724
1996M9,382.964996337891,-1.169853972823201,1.108189811828065,1.42754606910611
1996M10,381.072723388672,-0.4953359682100931,1.114755517651856,1.434580503595064
1996M11,378.516662597656,-0.6730137324655949,0.3496174459073255,1.425775972793152
1996M12,368.977661132813,-2.552399135110182,1.139822190241478,1.564387770762528
1997M1,355.200012207031,-3.805505778784995,1.576645815877791,1.398810802617449
1997M2,346.713195800781,-2.418313236776596,0.7651316267106668,1.285157097399206
1997M3,351.805267333984,1.457989159859678,2.728076318211234,1.4802494793432
1997M4,344.583343505859,-2.074181752446044,2.145552691127012,1.510642557838245
1997M5,343.702789306641,-0.2558687841136338,1.766342853500076,1.513112569536567
1997M6,340.476318359375,-0.9431725784368492,0.9181349127615297,1.500628279876956
1997M7,324.088623046875,-4.932856725268024,2.525344276822157,1.8578994601897
1997M8,324.049987792969,-0.01192191093251807,2.614077493245063,1.758184087889111
1997M9,324.476196289063,0.1314391208607822,2.883378927852223,1.818780180151448
1997M10,323.883331298828,-0.182881605112033,0.1573621731583515,1.834779785717935
1997M11,305.346160888672,-5.893727559332503,3.391538307703542,2.233904231363739
1997M12,287.619995117188,-5.9805939286053,3.322518509226912,2.538669252468312
1998M1,289.5,0.6515149531424549,3.804221635949932,2.588158336318922
1998M2,297.455261230469,2.710853424547313,4.541787464787203,2.867948823209734
1998M3,295.954559326172,-0.5057904509177286,1.62926509811641,2.751360951572533
1998M4,308.285003662109,4.08187649295606,2.354895258236477,3.165267164389435
1998M5,298.978942871094,-3.065154594847713,3.621166620928956,3.214574117827493
1998M6,292.538635253906,-2.177640144301018,3.895494915113714,3.226674883149077
1998M7,292.752258300781,0.07299722538428495,1.617665360768333,3.026704159108732
1998M8,284.109985351563,-2.996528098598439,1.589440769898253,3.074064675768811
1998M9,288.981811523438,1.700231467154851,2.385002704773336,3.163086074307438
1998M10,295.714996337891,2.303239004938173,2.901456526782346,3.297559234966128
1998M11,293.716674804688,-0.6780528726893038,1.576280207290722,2.875902827275781
1998M12,291.678955078125,-0.6961883050896555,1.726508728699654,2.272143894874611
1999M1,286.9368286,-1.63916463740936,0.5497376770646503,2.318878026018939
1999M2,287.655,0.2499763269263775,0.9445709305750396,2.153084440381338
1999M3,286.2136364,-0.5023333005173668,0.9510703485385473,2.153051593496659
1999M4,282.6175,-1.264411907295319,0.7571993685507735,1.66692305315259
1999M5,276.91,-2.040184967002338,0.7689359955143934,1.558834281537076
1999M6,261.3136364,-5.797118572203784,2.424245713074638,2.129375200867713
1999M7,256.6931818,-1.783983136516273,2.246680718935045,2.116452273961599
1999M8,256.9052632,0.08258646969002602,3.004448632157966,2.05063656413625
1999M9,264.3108696,2.84185555026446,2.327231241552374,2.200167596540997
1999M10,310.7815789,16.1964400030657,8.617953812256312,5.349988079962761
1999M11,293.1840909,-5.828963848000638,11.09539281073379,5.644130856907949
1999M12,282.9526316,-3.552120418000859,12.11272106445546,5.734941885334618
2000M1,284.065625,0.3925781282971686,3.147810010910611,5.720274507688323
2000M2,299.715,5.362673770880918,4.46721488080504,5.933812023275769
2000M3,286.924,-4.361465079087926,4.862469432424701,6.086362756104298
2000M4,279.6526316,-2.566914077165978,5.174579743191153,6.122868267343971
2000M5,276.7409091,-1.046650928894109,1.659297350728993,6.100746386278963
2000M6,285.7318182,3.197195003536874,2.987372921493772,5.872708338930312
2000M7,281.5857143,-1.461677977579074,2.578357784958066,5.860818391813048
2000M8,274.425,-2.575889295492337,3.062544329987612,5.938942960873435
2000M9,273.53,-0.3266694512872454,1.124625946947617,5.898067823212559
2000M10,269.9285714,-1.325393143212556,1.126956043748324,3.11184046373389
2000M11,266.2973684,-1.354376294519481,0.5851595781634823,2.750510118638201
2000M12,271.45,1.916434966827246,1.880092897769341,2.706023218274089
2001M1,265.4863636,-2.221448219377142,2.182204439433579,2.746094133330199
2001M2,262.0894737,-1.287753002360107,2.170279727087358,2.015130748018704
2001M3,263.0272727,0.3571777146449055,1.305558343496376,1.770151351538587
2001M4,260.3305556,-1.030553407625529,0.8848489855144801,1.677952639860976
2001M5,272.0931818,4.419239657159502,2.832148458371085,2.204078493270006
2001M6,270.202381,-0.6973350297485309,3.054794468346489,1.938567550776799
2001M7,267.5261905,-0.9953767523830342,3.043743206908946,1.921385368290011
2001M8,272.0921053,1.692316144827307,1.473259126013782,1.88204722916626
2001M9,284.4723529,4.449543958559072,2.722534354695305,2.284999204376188
2001M10,282.2671429,-0.7782133221999128,2.615188560785954,2.254283132208026
2001M11,277.184375,-1.817103928323706,3.358561587351373,2.290178851657318
2001M12,275.8357143,-0.4877448034011166,0.6989112169319944,2.243843544980052
2002M1,281,1.854921888456878,1.859169012904186,2.161973907737216
2002M2,295.2875,4.959478868613158,2.732477721932072,2.434377114886844
2002M3,294.0475,-0.4208139105503844,2.70076525758409,2.463065606917452
2002M4,302.6833333,2.894583547189837,2.714258750277426,2.439693654008476
2002M5,314.4931818,3.827524202796389,2.23273432122247,2.375074702696906
2002M6,321.1777778,2.103239833347626,0.8631106270390413,2.307595489796612
2002M7,313.2913043,-2.486135236147037,3.263377994915281,2.484018608507666
2002M8,310.2809524,-0.9655257282655794,2.337803059715881,2.564596785016563
2002M9,319.1357143,2.813826388585094,2.729021464500789,2.408799316367798
2002M10,316.5565217,-0.8114639779053339,2.138923704710535,2.410996414913502
2002M11,320.4357143,1.217986762442523,1.816961963518291,2.247351434260078
2002M12,332.0361111,3.556205454032319,2.185652962079478,2.272955294392937
2003M1,356.8590909090909,7.20972691527624,3.019835419813182,2.803078692717873
2003M2,358.97,0.5897819008986993,3.315910125383823,2.662789723982232
2003M3,340.55,-5.267686184955395,6.242588165763902,3.294408522046707
2003M4,328.18,-3.699971934032312,3.032316175072874,3.531784444447748
2003M5,355.6825,8.047624063410376,7.27737620645785,4.046888525471294
2003M6,356.352380952381,0.1881596444046257,5.984629755242273,4.038281311761468
2003M7,351.0195652173913,-1.507811215269128,5.098265088496815,3.973814272536332
2003M8,359.7675,2.461602620417575,1.991695522286892,3.946883509473085
2003M9,378.9454545454546,5.193428584326298,3.369612592660776,4.090677931352152
2003M10,378.9195652173912,-0.006832173909165396,2.601241863180363,4.057026683657612
2003M11,389.91,2.859198968079645,2.604658466474259,4.074336657534094
2003M12,406.9526315789473,4.278085108089609,2.182807385712784,4.110446133236981
2004M1,413.7880952380953,1.665720119331341,1.307802257938346,3.728095476034885
2004M2,404.8775,-2.176944331809485,3.246996714619917,3.854916475452405
2004M3,406.6673913043479,0.4411078735820863,1.962988477918973,3.326804439666241
2004M4,403.26,-0.841411574361288,1.309115555806383,3.009495956143299
2004M5,383.778947368421,-4.951478627156038,2.817134965432214,2.859333238329458
2004M6,392.3727272727272,2.214549397435739,3.595912176552007,2.890306288126749
2004M7,398.0909090909091,1.446817109030134,3.934453770719919,2.800050039049474
2004M8,400.5095238095238,0.6057152021711928,0.8046958796376223,2.765959070468831
2004M9,405.275,1.182830300289702,0.4301556480676204,2.419874608079806
2004M10,420.4642857142857,3.679369387535611,1.633662516241295,2.57067685375949
2004M11,439.375,4.399371966193639,1.688058619436187,2.713659133340306
2004M12,442.078947368421,0.6135217518898995,2.010409878748286,2.509137420991507
2005M1,424.03,-4.168427263788656,4.29353936900117,2.84554698709954
2005M2,423.35,-0.1604947357655659,2.566763885417358,2.750117960062532
2005M3,434.3214285714286,2.55856187175094,3.384010806073473,2.821962114839129
2005M4,429.2333333333334,-1.178420719416696,1.931945523289974,2.838676638119022
2005M5,421.8725,-1.729753592831859,2.333047232975861,2.391219934262346
2005M6,430.6568181818182,2.060839173077648,2.04798136813611,2.383285809172292
2005M7,424.4785714285714,-1.445000249260019,2.111105083396588,2.45441214613704
2005M8,437.9295454545454,3.119651738977775,2.389143566170661,2.565772734416721
2005M9,456.0477272727272,4.053942679788576,2.942428721106023,2.738436135240007
2005M10,469.8976190476191,2.991737005258245,0.5798768024600855,2.683542286378832
2005M11,476.6659090909091,1.430100610307674,1.319819200409431,2.461932504265513
2005M12,510.0972222222222,6.778549409390701,2.750289711119486,3.025752142033789
2006M1,549.8642857142856,7.507015517245586,3.318269182693243,3.022316020295891
2006M2,554.995,0.9287610165672178,3.606108691900471,2.961857551790534
2006M3,557.0934782608696,0.3773945675277625,3.966714260011609,3.008188934285994
2006M4,610.6527777777778,9.179546212151706,4.930472169406604,3.44435456219766
2006M5,675.3928571428571,10.07660196584302,5.359682931475829,3.668806696548077
2006M6,596.1454545454545,-12.48098436116186,12.77254865354444,6.000164484845335
2006M7,633.7095238095238,6.110599656913522,12.04312301354226,5.920441364744178
2006M8,632.5931818181818,-0.1763152326183953,9.456718753460457,6.007379025591591
2006M9,598.1857142857143,-5.592626804002499,5.857007760822531,6.489092438830993
2006M10,585.7795454545455,-2.095774824419792,2.746170968517767,6.602208760756242
2006M11,627.8272727272728,6.932156870972962,6.462735883106061,6.760541545418611
2006M12,629.7911764705883,0.3123213309998437,4.674838684680552,6.627106222589801
2007M1,631.1659090909092,0.2180459875648066,3.849467395440796,6.381619487574243
2007M2,664.745,5.183475007561563,2.839968055386251,6.48560959514796
2007M3,654.8954545454545,-1.492789695515626,3.467827236966524,6.537398588931785
2007M4,679.3684210526316,3.668796249039747,3.500207888828481,6.117293398748179
2007M5,666.8595238095237,-1.8584159252198,3.091001089780944,5.417908028633867
2007M6,655.4904761904762,-1.719564073132142,3.151819083684509,3.845928145137544
2007M7,665.2954545454545,1.484746051480645,1.891367019467644,3.478520019116761
2007M8,665.4113636363637,0.01742068044120882,1.60404505097467,3.476023699508077
2007M9,712.6525,6.858848298717223,3.601831722988521,3.374508425689706
2007M10,754.6043478260871,5.719964494796631,3.665633054230093,3.380258755740906
2007M11,806.2477272727273,6.619747994321953,0.6005324887703469,3.34071847521983
2007M12,803.2029411764706,-0.3783638465414013,3.807290993213247,3.379746694656593
2008M1,889.5954545454545,10.2159403180484,5.387415108353685,4.057648783374064
2008M2,922.297619047619,3.610115476592794,5.350765831151421,4.000766380205349
2008M3,968.4342105263158,4.88125825943892,3.505033487163455,3.807792236468886
2008M4,909.7045454545455,-6.256067982708051,6.096411729465384,4.687243558703848
2008M5,888.6625,-2.340234808039154,5.649834030003103,4.729221715090334
2008M6,889.4880952380952,0.09285999730640866,3.203190760243275,4.613471383808211
2008M7,939.7717391304348,5.499089170314645,4.012527562532071,4.674827189342009
2008M8,839.025,-11.3396511662491,8.597216618360902,6.205663599867755
2008M9,829.9318181818181,-1.08969527535847,8.485446878420392,6.054330354614764
2008M10,806.6195652173913,-2.849141209604694,5.48096714526151,5.986673772433186
2008M11,760.8625,-5.839948032641487,2.401578533185124,5.919399877732967
2008M12,816.0921052631579,7.007456446625518,6.722514964200724,6.30281114268786
2009M1,858.6904761904761,5.088130396309204,6.930157676063484,5.702253984938012
2009M2,943.1625,9.383006350865557,2.151472724282271,6.276256724338445
2009M3,924.2727272727273,-2.023140268626964,5.760733614167096,6.121300359706307
2009M4,890.2,-3.756103089503648,7.138388447097149,5.943424941008884
2009M5,928.6447368421053,4.22800944989029,4.19972391917148,6.02829804197411
2009M6,945.6704545454545,1.816790056364676,4.095061457021276,6.04170449957323
2009M7,934.2282608695652,-1.217335262135232,2.728603869040604,5.845456526974064
2009M8,949.375,1.608307432708606,1.694778161080511,4.643351640245312
2009M9,996.5909090909091,4.853649053203063,3.037909078892946,4.713183248041328
2009M10,1043.159090909091,4.56686115186037,1.796641758168853,4.571573933628932
2009M11,1127.035714285714,7.733722783150819,1.751479592707778,4.068369077496366
2009M12,1134.723684210526,0.6798247009774473,3.533070975698073,3.948806452654655
2010M1,1117.9625,-1.488133912881248,4.82182820838812,4.049386378698195
2010M2,1095.4125,-2.037682747204789,1.43683072556907,3.51410380741561
2010M3,1113.336956521739,1.623076801709064,1.97411568838858,3.359889363275813
2010M4,1148.6875,3.125821356750827,2.655848147774947,2.931747279142499
2010M5,1205.434210526316,4.821985647768886,1.600428708462818,2.97518444328113
2010M6,1232.920454545455,2.254586562921595,1.305600846926916,2.973090701235956
2010M7,1192.965909090909,-3.294314142595343,4.148416553088401,3.239317172481467
2010M8,1215.809523809524,1.896756274588089,3.105520719382708,3.236913688645634
2010M9,1270.977272727273,4.437598096656903,3.940929588232307,3.206370157141289
2010M10,1342.02380952381,5.439266957616931,1.826134332917666,3.278285567950789
2010M11,1369.886363636364,2.05490099358473,1.738510807679213,2.759898083849
2010M12,1390.552631578947,1.497345465646365,2.133211436390885,2.744462047599669
2011M1,1356.4,-2.486711353609067,2.476887146466072,2.862335343584171
2011M2,1372.725,1.196368412265174,2.218421829721508,2.630411362058998
2011M3,1424.010869565217,3.667963069029504,3.097145835491639,2.678021069748203
2011M4,1473.805555555556,3.437042280645517,1.365205963844278,2.690852999404796
2011M5,1510.4375,2.455147507231398,0.6439931862353047,2.554645197632378
2011M6,1528.659090909091,1.199159599994585,1.121735401178311,2.558728767049187
2011M7,1572.809523809524,2.84725857528399,0.8609575042904238,2.002755305767357
2011M8,1755.806818181818,11.00649510223334,5.251558508172071,3.202019858117602
2011M9,1771.852272727273,0.9097004436042463,5.358366271462216,3.226168583199627
2011M10,1665.214285714286,-6.207166589226764,8.649712977603734,4.007037797418049
2011M11,1738.977272727273,4.334335084478217,5.377440164291237,4.073788859365525
2011M12,1652.305555555556,-5.112554713908132,5.796049797882019,4.563596889713306
2012M1,1656.119047619048,0.2305323052390284,4.736973418543493,4.416230146848471
2012M2,1742.619047619048,5.091223929172014,5.103789450890537,4.520653776009325
2012M3,1673.772727272727,-4.030898474435604,4.564340633273883,4.798379758725021
2012M4,1650.065789473684,-1.426503705951207,4.69887863896195,4.811149784735249
2012M5,1585.504545454545,-3.991247764345979,1.492333540353856,4.983566539597222
2012M6,1596.697368421053,0.7034669343598124,2.350710286838924,4.978429914305877
2012M7,1593.909090909091,-0.1747804536416815,2.495899547606358,4.917393352880678
2012M8,1626.034090909091,1.995443033496427,1.09166468443055,3.618914443630863
2012M9,1744.45,7.02953427017627,3.695810583240665,4.235773324458422
2012M10,1747.010869565217,0.1466933252362466,3.562149387105843,3.779590857361074
2012M11,1721.136363636364,-1.492150377123995,4.521769885456749,3.59805509262336
2012M12,1688.529411764706,-1.912676964408617,1.088091393316037,3.297696562968137
2013M1,1670.954545454545,-1.046293232217586,0.4332535777275206,3.316488439304803
2013M2,1627.5875,-2.629619014496267,0.7928374368281232,2.987311903448038
2013M3,1592.8625,-2.15661450223872,0.8127594072156628,2.834971744749029
2013M4,1485.083333333333,-7.006182467089644,2.673834648617975,3.414638815294845
2013M5,1413.5,-4.940198925145393,2.433616639240907,3.503137496125116
2013M6,1342.3625,-5.163777685261016,1.133779140578393,3.656419238504423
2013M7,1286.723913043478,-4.233173547730433,0.4857805415123743,3.715375186880745
2013M8,1347.095238095238,4.585121296412889,5.380046148716504,4.017769916425693
2013M9,1348.797619047619,0.1262944240643112,4.409240713791249,3.053242645654771
2013M10,1316.184782608696,-2.447630766348869,3.558225904850631,2.966963262432992
2013M11,1275.821428571429,-3.114700649430625,1.711438098071143,2.960795959243103
2013M12,1225.402777777778,-4.032064072821708,0.7955047435591427,2.986009535853088
2014M1,1244.795454545455,1.570163474086821,3.004842230848319,3.203110323763524
2014M2,1300.975,4.414276047681525,4.297568910633124,3.764187070408134
2014M3,1336.083333333333,2.662846506066296,1.434714720707988,3.981271516524906
2014M4,1299,-2.814771073023751,3.771182883733243,3.618239857292542
2014M5,1287.525,-0.887296684549683,2.778577829719617,3.412067719828611
2014M6,1279.095238095238,-0.6568788082413213,1.184957730775891,3.121046542926802
2014M7,1310.967391304348,2.461234856471785,1.870311413687041,2.968625839183699
2014M8,1295.9875,-1.149237850342976,1.957914001306135,2.633374223158202
2014M9,1238.818181818182,-4.511510685252753,3.487108930825683,2.889431265506319
2014M10,1222.489130434783,-1.326879490184218,1.892014403450324,2.845902220958333
2014M11,1176.3,-3.851513208321239,1.680835503002081,2.911910269584167
2014M12,1202.289473684211,2.185371482701918,3.031876731223397,2.812057171625631
2015M1,1251.845238095238,4.039101948105011,4.125976671405539,3.031783717028798
2015M2,1227.1875,-1.989368750213622,3.087804819262734,2.743025966622207
2015M3,1178.629545454545,-4.037260441991148,4.198490776415913,2.725530182833562
2015M4,1197.91,1.622601029225622,2.86572323454881,2.76431939836126
2015M5,1199.052631578947,0.09533996487432735,2.928166216675312,2.772006761478052
2015M6,1181.504545454545,-1.474310648422671,1.548504189299085,2.783731516062397
2015M7,1130.036956521739,-4.453832775110228,2.310711570399275,2.794280656531422
2015M8,1117.475,-1.117866118526002,1.831815053444501,2.794385542234154
2015M9,1124.531818181818,0.6295111530253087,2.582711312899933,2.635991728696926
2015M10,1159.245454545455,3.040253583035515,2.087860381886165,2.850377624244669
2015M11,1085.702380952381,-6.554218998672258,4.991184930745436,3.2262180196832
2015M12,1068.252631578947,-1.62028742770319,4.7978854262568,3.105015744575482
2016M1,1097.375,2.689670527669096,4.625453345336092,2.925780868861476
2016M2,1199.911904761905,8.932717713646252,5.305928967622937,4.090238376358977
2016M3,1246.338095238095,3.79615866501579,3.331270854205969,4.044781901995361
2016M4,1242.261904761905,-0.3275893370959454,4.639375373169196,4.033225107250016
2016M5,1259.3975,1.369959731838173,2.072575358087582,4.044029732177008
2016M6,1276.404545454545,1.34137445694361,0.9719336487293607,4.006321304070444
2016M7,1337.326190476191,4.662506373010289,1.909258045513609,3.811404382725369
2016M8,1341.088636363637,0.2809459031148167,2.285916959451289,3.748145929840813
2016M9,1326.029545454545,-1.129252617359812,3.020242932310572,3.819836610620528
2016M10,1266.569047619048,-4.587746573017502,2.505128297965879,4.13864822048988
2016M11,1235.979545454545,-2.444789751162479,1.745665218575667,3.617635027987447
2016M12,1151.402777777778,-7.08828041349514,2.324038832108126,4.27360962391864
2017M1,1192.616666666666,3.516876689907952,5.316214653830558,4.316404139127741
2017M2,1234.3575,3.440081911396643,6.100842399074462,3.594067261689005
2017M3,1231.093478260869,-0.2647810623605121,2.161513453100812,3.415088301291511
2017M4,1265.627777777778,2.766548492968128,1.973516987219558,3.511985116470192
2017M5,1245.004761904762,-1.642891136528011,2.255781612350115,3.524924359980309
2017M6,1260.256818181818,1.217616941547238,2.236994012132177,3.520515593192874
2017M7,1236.221428571428,-1.92560318281218,1.738882079384405,3.209197314314741
2017M8,1282.315909090909,3.660825477017462,2.800514413143234,3.438915379417958
2017M9,1314.978571428571,2.515262291539047,2.950756579381339,3.525930863342597
2017M10,1279.513636363637,-2.734033587225376,3.409830022309635,3.346012493683363
2017M11,1282.284090909091,0.2162899588837014,2.631374483543185,3.249929918203833
2017M12,1261.255882352941,-1.653497713996313,1.49265271366752,2.390891370419522
2018M1,1331.665909090909,5.432276507503805,3.672211366808717,2.642422750988425
2018M2,1331.525,-0.01058197446977914,3.708820048210543,2.528428264812884
2018M3,1324.657142857143,-0.5171236066138576,3.298399980741914,2.537592461614361
2018M4,1334.74,0.7582850484189778,0.6421848333765322,2.447076683151868
2018M5,1303.02619047619,-2.404711825446341,1.591341454312946,2.515050849945882
2018M6,1281.566666666667,-1.660611023743077,1.653747937015477,2.564620007938269
2018M7,1238.525,-3.416213238642433,0.8811886147842346,2.705953184467256
2018M8,1201.245454545455,-3.056225809404753,0.9273142865398679,2.574903328111087
2018M9,1198.4725,-0.2311068077317853,1.744314158394385,2.393938353025848
2018M10,1215.393478260869,1.402004550405033,2.255517975352087,2.383668641972565
2018M11,1220.945454545455,0.4557646574012085,0.8199812043375042,2.390549532302543
2018M12,1247.923529411765,2.185547220130843,0.8661655696916728,2.464524755981516
2019M1,1291.745454545455,3.451337578433131,1.503763615660919,2.10058307984061
2019M2,1320.065,2.168660846574968,0.7357275287351691,2.214613278017823
2019M3,1300.897619047619,-1.462647542119816,2.548820314618463,2.248450660759068
2019M4,1286.445,-1.117190221493997,2.004268720161564,2.244692576110849
2019M5,1283.947619047619,-0.1943190872643199,0.6557043236301839,2.145412741048001
2019M6,1359.0425,5.684099837349354,3.689287344193801,2.654195501394937
2019M7,1412.978260869565,3.891931082040064,3.012892252385362,2.511224037725356
2019M8,1498.797619047619,5.896348086842173,1.101105936173469,2.494602210352965
2019M9,1511.314285714286,0.8316460785511691,2.550628623970475,2.432314339492363
2019M10,1494.8,-1.09872415200084,3.612676092280714,2.584301692455683
2019M11,1470.016666666667,-1.671868003433911,1.311640566881418,2.747107747064538
2019M12,1476.044444444444,0.4092098542313778,1.074960766047715,2.757415291435644
2020M1,1560.672727272727,5.575112660023874,3.731312673065829,2.961702789853194
2020M2,1597.1025,2.307408627866967,2.613031445942314,2.964496262996398
2020M3,1591.927272727273,-0.3245646597637878,2.955541842770195,2.874892617076364
2020M4,1682.93,5.559091853071047,2.947262604092668,2.929340594056435
2020M5,1716.381578947368,1.968201975105622,2.965599515518688,2.830915821519832
2020M6,1732.218181818182,0.9184431533019722,2.433519538114048,2.660365896627016
2020M7,1843.313043478261,6.216174641768052,2.805150747124239,2.884093994379573
2020M8,1968.030952380952,6.546900669132579,3.158450902910335,2.964564182168112
2020M9,1922.213636363636,-2.35560688163259,5.04710245060667,3.235517395781052
2020M10,1900.275,-1.147884498477029,4.829129542368721,3.239831546095974
2020M11,1863.492857142857,-1.95460056443828,0.6151138420764343,3.269851423082774
2020M12,1855.955263157895,-0.4053076725242364,0.7748676896151352,3.313505683731873
2021M1,1866.985,0.5925300076208928,1.283475921860291,3.118748884546687
2021M2,1808.175,-3.20067809263814,1.966308025778066,3.382253631186542
2021M3,1718.228260869565,-5.102437028369154,2.899360972194744,3.810841010311719
2021M4,1761.6775,2.497280107719837,3.954725343417746,3.544462392328581
2021M5,1855.56,5.19200571783594,5.338426705145665,3.789402620039355
2021M6,1834.565909090909,-1.137864557514515,3.17655685068393,3.822496037886621
2021M7,1807.093181818182,-1.508831429960687,3.766211460794265,3.394914899322115
2021M8,1783.969047619048,-1.287889340046862,0.1866097813269571,2.660655974558556
2021M9,1777.252272727273,-0.3772179402612314,0.599817596656446,2.617683927967724
2021M10,1776.854761904762,-0.0223690969515049,0.6527865380644979,2.618519674806731
2021M11,1820.234090909091,2.412030055045095,1.518339076763369,2.708888273164723
2021M12,1786.652631578947,-1.862128327210299,2.143962186123615,2.751444828643643
2022M1,1816.765,1.671361605831637,2.284096128127874,2.801047930780772
2022M2,1856.295,2.152511871675362,2.192198007014055,2.709214403556594
2022M3,1947.828260869565,4.813247386332334,1.6922600920559,2.437152690213866
2022M4,1933.9,-0.7176350176479958,2.766101854352321,2.439717722427214
2022M5,1849.833181818182,-4.444322635179263,4.657994265570211,2.440404594432453
2022M6,1837.064090909091,-0.6926768510051884,2.158844968907125,2.42529857633875
2022M7,1737.380476190476,-5.579018911538887,2.557300675257531,2.896133178924635
2022M8,1764.132608695652,1.528062434775408,3.635900323420095,2.925209463659025
2022M9,1683.208181818181,-4.695752533612899,3.873556451940881,3.214656903093095
2022M10,1666.626666666667,-0.9899980942521391,3.130737867058986,3.21500736969375
2022M11,1727.898636363636,3.610438567155672,4.161118520361112,3.331336847095443
2022M12,1797.408181818182,3.943971911193219,2.757393756848538,3.521256094476603
2023M1,1896.059545454545,5.343208090865859,0.919383543503283,3.821675900643188
2023M2,1853.409,-2.275116307103592,4.055321335113471,3.846119187172534
2023M3,1913.648260869565,3.198485829307922,3.928507361998253,3.686865632663231
2023M4,1999.6685,4.396991242971905,3.557006108468291,3.904198882415335
2023M5,1989.826956521739,-0.4933738388171685,2.548918518015428,3.626403979060446
2023M6,1944.728636363636,-2.292522967604444,3.46174832019651,3.707077228498126
2023M7,1950.27,0.284537577152281,1.321824799916945,3.186493938649208
2023M8,1919.302173913043,-1.600615564082348,1.333777797104695,3.263152672945625
2023M9,1915.434761904762,-0.2017042307835744,0.9787054698361053,2.81429862970506
2023M10,1913.984545454546,-0.07574080575388546,0.8463709521109968,2.765200522227024
2023M11,1985.777727272728,3.682342103423561,2.206991536872615,2.771080833735571
2023M12,2034.704285714285,2.433985463288025,1.913997013178638,2.665399734313829
2024M1,2034.006086956522,-0.03432039642370841,1.891406366341726,2.302239752755551
2024M2,2024.44619047619,-0.4711113256144994,1.566466697475658,2.152512343585169
2024M3,2162.346190476191,6.589765453324288,3.956540588022389,2.666519543990003
2024M4,2333.550454545454,7.619707650321006,4.404129000492394,3.155253373453091
2024M5,2350.596521739131,0.7278226976126552,3.717553675957744,3.112017101102098
2024M6,2328.2625,-0.9546853737843145,4.543294093927685,2.989718125330779
2024M7,2393.962173913043,2.782752539598764,1.871808938887448,2.984361991756587
2024M8,2468.328636363637,3.059144951821251,2.241861904930726,2.812926051411956
2024M9,2569.049047619048,3.999455389232665,0.637827341912323,2.761863604324831
2024M10,2689.128695652174,4.568142613218624,0.7620873549591498,2.700984022832312
2024M11,2652.199523809524,-1.38279314673054,3.283941759548629,2.941365422132822
2024M12,2640.605454545455,-0.438107500881487,3.198140282347482,3.054061671035179
2025M1,2707.467391304348,2.500542627383724,2.025191031332661,2.974193549938551
2025M2,2894.38,6.675726975914571,3.574783673730522,3.064810377395251
2025M3,2986.256190476191,3.124956690896561,2.25203711055479,2.849348470741023
2025M4,3222.011818181818,7.598546006360103,2.36194009038291,2.84602485533568
2025M5,3288.009545454546,2.027642759588134,2.951046769429647,2.788779825357889
2025M6,3351.858571428571,1.923260912663916,3.246914418582441,2.550393332338843
2025M7,3341.649130434783,-0.3050552674573788,1.317685385688303,2.727924270213705
2025M8,3367.256190476191,0.7633789171296412,1.11447078987806,2.786389639544433
2025M9,3666.523636363636,8.51457491730954,4.813322962293481,3.259072549698634
