"Scenario 1: Base Case (Demand Multiplier = 0.8)",Year,"Real GDP","Project Allocation (%)","Project Investment",Imports,"GDP impact",,,"Baseline GDP Growth","Projected Growth"
,,"(GEL bn)",,"(GEL bn)","(GEL bn)",I-M,Multiplier,"% of GDP",,
,2020,46.598,0,0,0,0,0,0,-0.06291,-0.06291
,2021,51.558,0,0,0,0,0,0,0.10644,0.10644
,2022,57.208,0,0,0,0,0,0,0.1096,0.1096
,2023,61.484,0,0,0,0,0,0,0.07474,0.07474
,2024,66.128,0,0,0,0,0,0,0.07554,0.07554
,2025,70.08,0,0,0,0,0,0,0.05976,0.05976
,2026,73.584,0.05,1.2991840875,0.300109667378675,0.999074420121325,0.79925953609706,0.0108618658417191,0.05,0.0608618658417191
,2027,77.263,0.1,2.68930883,0.62122649608717,2.06808233391283,1.65446586713026,0.0214134303240913,0.05,0.0714134303240913
,2028,81.126,0.15,4.1751399105,0.964451352087226,3.21068855841277,2.56855084673022,0.0316612534419325,0.05,0.0816612534419325
,2029,85.183,0.2,5.761692898,1.33094282464944,4.43075007335056,3.54460005868045,0.0416115898557277,0.05,0.0916115898557277
,2030,89.44215,0.2,5.9723155566945,1.37959635777949,4.59271919891501,3.67417535913201,0.0410787906946781,0.05,0.0910787906946781
,2031,93.9142575,0.15,4.64297825398457,1.07252134078322,3.57045691320134,2.85636553056108,0.030414610162478,0.05,0.080414610162478
,2032,98.609970375,0.1,3.20847035140103,0.741152065529205,2.46731828587182,1.97385462869746,0.0200167855358962,0.05,0.0700167855358962
,2033,103.54046889375,0.05,1.66287909925891,0.384122695290895,1.27875640396802,1.02300512317441,0.00988024425719173,0.05,0.0598802442571917
,2034,108.717492338438,0,0,0,0,0,0,0.05,0.05
,2035,114.153366955359,0,0,0,0,0,0,0.05,0.05
,2036,119.861035303127,0,0,0,0,0,0,0.05,0.05
,2037,125.854087068284,0,0,0,0,0,0,0.05,0.05
,2038,132.146791421698,0,0,0,0,0,0,0.05,0.05
,2039,138.754130992783,0,0,0,0,0,0,0.05,0.05
,2040,145.691837542422,0,0,0,0,0,0,0.05,0.05
,2041,152.976429419543,0,0,0,0,0,0,0.05,0.05
,2042,160.62525089052,0,0,0,0,0,0,0.05,0.05
,,,,,,,,,,
,,,,,,,,,,
,,Assumptions,,,,,,,,
,,,,,,,,,,
,,"total investment",6.5,"USD billion",,,,,,
,,"import content share",0.230998570769267,,,,,,,
,,"demand multiplier",0.8,"(small open economy)",,,,,,
,,"Project allocation","Bell Shape (8 years)",,,,,,,
,,,,,,,,,,
,,"Exchange Rate (GEL/USD)",2.746,,,,,,,
,,,,,,,,,,
,,,,,,,,,,
,,,,,,,,,,
,,,,,,,,,,
"Scenario 2: Demand Multiplier = 1",,,,,,,,,,
,Year,"Real GDP","Project Allocation (%)","Project Investment",Imports,"GDP impact",,,"Baseline GDP Growth","Projected Growth"
,,"(GEL bn)",,"(GEL bn)","(GEL bn)",I-M,Multiplier,"% of GDP",,
,2020,46.598,0,0,0,0,0,0,-0.06291,-0.06291
,2021,51.558,0,0,0,0,0,0,0.10644,0.10644
,2022,57.208,0,0,0,0,0,0,0.1096,0.1096
,2023,61.484,0,0,0,0,0,0,0.07474,0.07474
,2024,66.128,0,0,0,0,0,0,0.07554,0.07554
,2025,70.08,0,0,0,0,0,0,0.05976,0.05976
,2026,73.584,0.05,1.2991840875,0.300109667378675,0.999074420121325,0.999074420121325,0.0135773323021489,0.05,0.0635773323021489
,2027,77.263,0.1,2.68930883,0.62122649608717,2.06808233391283,2.06808233391283,0.0267667879051141,0.05,0.0767667879051141
,2028,81.126,0.15,4.1751399105,0.964451352087226,3.21068855841277,3.21068855841277,0.0395765668024157,0.05,0.0895765668024157
,2029,85.183,0.2,5.761692898,1.33094282464944,4.43075007335056,4.43075007335056,0.0520144873196596,0.05,0.10201448731966
,2030,89.44215,0.2,5.9723155566945,1.37959635777949,4.59271919891501,4.59271919891501,0.0513484883683477,0.05,0.101348488368348
,2031,93.9142575,0.15,4.64297825398457,1.07252134078322,3.57045691320134,3.57045691320134,0.0380182627030975,0.05,0.0880182627030975
,2032,98.609970375,0.1,3.20847035140103,0.741152065529205,2.46731828587182,2.46731828587182,0.0250209819198703,0.05,0.0750209819198703
,2033,103.54046889375,0.05,1.66287909925891,0.384122695290895,1.27875640396802,1.27875640396802,0.0123503053214897,0.05,0.0623503053214897
,2034,108.717492338438,0,0,0,0,0,0,0.05,0.05
,2035,114.153366955359,0,0,0,0,0,0,0.05,0.05
,2036,119.861035303127,0,0,0,0,0,0,0.05,0.05
,2037,125.854087068284,0,0,0,0,0,0,0.05,0.05
,2038,132.146791421698,0,0,0,0,0,0,0.05,0.05
,2039,138.754130992783,0,0,0,0,0,0,0.05,0.05
,2040,145.691837542422,0,0,0,0,0,0,0.05,0.05
,2041,152.976429419543,0,0,0,0,0,0,0.05,0.05
,2042,160.62525089052,0,0,0,0,0,0,0.05,0.05
,,,,,,,,,,
,,Assumptions,,,,,,,,
,,,,,,,,,,
,,"total investment",6.5,"USD billion",,,,,,
,,"import content share",0.230998570769267,,,,,,,
,,"demand multiplier",1,,,,,,,
,,"Project allocation","Bell Shape (8 years)",,,,,,,
,,,,,,,,,,
,,,,,,,,,,
,,,,,,,,,,
,,,,,,,,,,
,,,,,,,,,,
"Scenario 3: Import Content Share = 0.5",,,,,,,,,,
,Year,"Real GDP","Project Allocation (%)","Project Investment",Imports,"GDP impact",,,"Baseline GDP Growth","Projected Growth"
,,"(GEL bn)",,"(GEL bn)","(GEL bn)",I-M,Multiplier,"% of GDP",,
,2020,46.598,0,0,0,0,0,0,-0.06291,-0.06291
,2021,51.558,0,0,0,0,0,0,0.10644,0.10644
,2022,57.208,0,0,0,0,0,0,0.1096,0.1096
,2023,61.484,0,0,0,0,0,0,0.07474,0.07474
,2024,66.128,0,0,0,0,0,0,0.07554,0.07554
,2025,70.08,0,0,0,0,0,0,0.05976,0.05976
,2026,73.584,0.05,1.2991840875,0.64959204375,0.64959204375,0.519673635,0.00706231837084149,0.05,0.0570623183708415
,2027,77.263,0.1,2.68930883,1.344654415,1.344654415,1.075723532,0.0139228807061595,0.05,0.0639228807061595
,2028,81.126,0.15,4.1751399105,2.08756995525,2.08756995525,1.6700559642,0.0205859522742401,0.05,0.0705859522742401
,2029,85.183,0.2,5.761692898,2.880846449,2.880846449,2.3046771592,0.0270555998168649,0.05,0.0770555998168649
,2030,89.44215,0.2,5.9723155566945,2.98615777834725,2.98615777834725,2.3889262226778,0.0267091770790147,0.05,0.0767091770790147
,2031,93.9142575,0.15,4.64297825398457,2.32148912699228,2.32148912699228,1.85719130159383,0.0197753924806766,0.05,0.0697753924806766
,2032,98.609970375,0.1,3.20847035140103,1.60423517570051,1.60423517570051,1.28338814056041,0.013014790854108,0.05,0.063014790854108
,2033,103.54046889375,0.05,1.66287909925891,0.831439549629455,0.831439549629455,0.665151639703564,0.00642407405346138,0.05,0.0564240740534614
,2034,108.717492338438,0,0,0,0,0,0,0.05,0.05
,2035,114.153366955359,0,0,0,0,0,0,0.05,0.05
,2036,119.861035303127,0,0,0,0,0,0,0.05,0.05
,2037,125.854087068284,0,0,0,0,0,0,0.05,0.05
,2038,132.146791421698,0,0,0,0,0,0,0.05,0.05
,2039,138.754130992783,0,0,0,0,0,0,0.05,0.05
,2040,145.691837542422,0,0,0,0,0,0,0.05,0.05
,2041,152.976429419543,0,0,0,0,0,0,0.05,0.05
,2042,160.62525089052,0,0,0,0,0,0,0.05,0.05
,,,,,,,,,,
,,Assumptions,,,,,,,,
,,,,,,,,,,
,,"total investment",6.5,"USD billion",,,,,,
,,"import content share",0.5,,,,,,,
,,"demand multiplier",0.8,,,,,,,
,,"Project allocation","Bell Shape (8 years)",,,,,,,
