Year,"Real GDP (GEL bn)","Real GDP Growth (%)","Nominal GDP (GEL bn)","Nominal GDP (USD bn)","GDP Deflator","Deflator Growth (%)",,"Avg Deflator Growth (2024-2027)"
2020,46.598,-0.06291,49.789,16.013,106.847,,,0.0365556898680953
2021,51.558,0.10644,60.724,18.849,117.779,0.102314524507005,,
2022,57.208,0.1096,72.86,24.985,127.359,0.0813387785598451,,
2023,61.484,0.07474,80.246,30.536,130.515,0.0247803453230631,,
2024,66.128,0.07554,89.8,33.191,135.797,0.0404704440102671,,
2025,70.08,0.05976,98.569,35.908,140.652,0.035751894371746,,
2026,73.584,0.05,107.12,38.602,145.575,0.0350012797542872,,
2027,77.263,0.05,116.412,41.502,150.67,0.0349991413360811,,
2028,81.126,0.05,126.511,44.235,155.943,0.034997013340413,,
2029,85.183,0.05,137.486,47.409,161.401,0.0349999679370026,,
2030,89.44215,0.05,149.637723085104,54.4929800018586,167.3011249004,0.0365556898680953,,
2031,93.9142575,0.05,162.863224946909,59.3092589027346,173.416932936843,0.0365556898680953,,
2032,98.609970375,0.05,177.257642613435,64.551217266364,179.756308555159,0.0365556898680953,,
2033,103.54046889375,0.05,192.92428892474,70.2564781226293,186.327424422535,0.0365556898680953,,
2034,108.717492338438,0.05,209.97560786863,76.46598975551,193.138751963646,0.0365556898680953,,
2035,114.153366955359,0.05,228.533981623228,83.2243196005928,200.19907228194,0.0365556898680953,,
2036,119.861035303127,0.05,248.732608928756,90.5799741182651,207.517487480159,0.0365556898680953,,
2037,125.854087068284,0.05,270.71646109288,98.5857469384122,215.10343239469,0.0365556898680953,,
2038,132.146791421698,0.05,294.643322491119,107.299097775353,222.966686758873,0.0365556898680953,,
2039,138.754130992783,0.05,320.6849230303,116.782564832593,231.117387810947,0.0365556898680953,,
2040,145.691837542422,0.05,349.028170703068,127.104213657344,239.566043362888,0.0365556898680953,,
2041,152.976429419543,0.05,379.876493079844,138.338125666367,248.323545346989,0.0365556898680953,,
2042,160.62525089052,0.05,413.451297366503,150.564929849418,257.401183857639,0.0365556898680953,,
2043,168.656513435046,0.05,449.993559507024,163.872381466505,266.81066170642,0.0365556898680953,,
,,,,,,,,
"Source: IMF World Economic Outlook Database, October 2024",,,,,,,,
"Note: Real GDP growth rate assumed to stay at 5% from 2027 onwards",,,,,,,,
"Deflator growth extended using average of 2024-2027 (recent 4 years)",,,,,,,,
