Date,"Gold Price (USD/oz)","Monthly Log Return (%)","3-Month Volatility","12-Month Volatility"
1990M1,409.819061279297,,,
1990M2,417.181060791016,1.7804577763742158,,
1990M3,392.703338623047,-6.046586283977909,,
1990M4,374.292114257813,-4.801791654598456,4.205911315509111,
1990M5,369.197631835938,-1.3704458419804602,3.5320763144688376,
1990M6,352.527618408203,-4.620311901862343,1.9962205979736554,
1990M7,362.498565673828,2.7891548247739797,3.5612923886126877,
1990M8,394.631805419922,8.493267448770908,5.6609761259426215,
1990M9,389.755004882813,-1.243484289288566,5.641162252760498,
1990M10,380.995208740234,-2.273154955719252,4.883701352859029,
1990M11,381.794097900391,0.20946529934300276,4.904727747886353,
1990M12,376.682342529297,-1.3479213049392647,1.025796639740279,
1991M1,383.702270507813,1.846467513241765,1.8096983894970085,3.98062494934324
1991M2,364.391662597656,-5.163762932392457,2.998401088667201,4.020356719792076
1991M3,362.760803222656,-0.4485612539770916,2.918578857369077,3.943129938320297
1991M4,358.323333740234,-1.2307927112367436,2.9182369979403067,3.6526801873370114
1991M5,356.964294433594,-0.3799984477498231,2.271677465058649,3.4389999402083333
1991M6,366.910003662109,2.748083516812701,1.7600977339265995,3.5271932337289487
1991M7,367.792266845703,0.24016901623760306,1.712166632350619,3.248730854971981
1991M8,356.669525146484,-3.070863333095449,2.3896124353504278,3.284837524579757
1991M9,348.742858886719,-2.247479656967142,2.628921211340278,2.0584099222498002
1991M10,358.814361572266,2.8470299446701657,2.670837955993841,2.3075287415527743
1991M11,359.589996337891,0.21593272882150316,2.6684507224956238,2.263229062641234
1991M12,361.532012939453,0.5386110176724812,2.0844727888767025,2.272978249881996
1992M1,354.700958251953,-1.9075530166859027,1.9462476955807935,2.2971983198549037
1992M2,353.779998779297,-0.2599815795328384,1.0868826860256342,2.1926721927554986
1992M3,344.183319091797,-2.7500827797976206,1.501719224273459,1.8520042171212425
1992M4,338.691589355469,-1.6084492387724163,1.034251229544944,1.8802335384669513
1992M5,337.098937988281,-0.4713455579389469,1.1493700809641265,1.8683420566382314
1992M6,341.021911621094,1.1570260372668375,1.6671813066791106,1.922343370728813
1992M7,352.254486083984,3.2407154036876538,2.106102403803345,1.9921246724583659
1992M8,342.892852783203,-2.693587040127227,2.5125398136524497,2.088032853117731
1992M9,345.006500244141,0.6145242333143851,2.4583144023617467,1.9620525257030688
1992M10,344.892395019531,-0.03307882544350478,2.437072152062284,1.8686260855933432
1992M11,335.050537109375,-2.8951092396597717,1.802559529368532,1.794903146290267
1992M12,334.80712890625,-0.07267460721499384,1.5643977077194613,1.78671303780594
1993M1,329.030548095703,-1.7404033608375418,1.3901002692750026,1.782875426688021
1993M2,329.299987792969,0.08185545030102777,1.4226626326303078,1.7580848736729582
1993M3,330.096954345703,0.24172600443525374,0.9210080106632009,1.7709546332436523
1993M4,342.05712890625,3.559135434087044,2.2071251179989075,1.9664551231829406
1993M5,366.667999267578,6.947903777996453,3.2496337083482527,2.696814198284944
1993M6,371.809997558594,1.3926160062247273,2.948747657876019,2.6840219470590583
1993M7,392.399993896484,5.389874759676879,2.394366965564188,2.9776842056494544
1993M8,378.700012207031,-3.5537344995096856,4.690466311300518,3.157585144847874
1993M9,354.399993896484,-6.631816563297374,5.313659888812744,3.6464898884410317
1993M10,362.380004882813,2.2267196973435817,5.4457679546343405,3.68696650278206
1993M11,374.167510986328,3.2010188997118965,4.695942488442056,3.765202917005935
1993M12,383.302001953125,2.411960783408184,4.641788560880877,3.637060447142806
1994M1,387.077514648438,0.9801773908908428,0.9193382728342456,3.6220324674633404
1994M2,382.304992675781,-1.2406269029592245,1.9494943651253842,3.591714322089987
1994M3,383.877502441406,0.41047974435022405,1.5105188711235973,3.5846864027651972
1994M4,377.321044921875,-1.7227094533012137,1.2932896463306849,3.667956480423445
1994M5,381.589996337891,1.1250321079797834,1.3455362170080223,3.589295290192544
1994M6,385.743194580078,1.082512485683544,1.3383266692608504,3.0918938061519876
1994M7,385.399993896484,-0.08901088964598271,1.3384085219956061,3.079141929518194
1994M8,380.761352539063,-1.2108932557730043,1.1114199844007393,2.6845681577352662
1994M9,391.928100585938,2.8905598509222465,1.7526073817965515,2.614060306818001
1994M10,389.594451904297,-0.5972074919991341,1.8202054478718437,1.6428266951010126
1994M11,384.441253662109,-1.3315340216662692,1.9946368749922356,1.668590596183297
1994M12,379.399993896484,-1.319994954464128,2.01620848365197,1.5122941385631334
1995M1,378.549987792969,-0.22429091111262173,0.5498038855603349,1.3449224267329418
1995M2,376.505249023438,-0.5416143530420139,0.5595557327696734,1.3092040728213017
1995M3,381.661895751953,1.3603138256796399,1.126184413698186,1.3375109312795659
1995M4,391.04443359375,2.4286067404580214,1.3913520457162378,1.4982167070284058
1995M5,385.219055175781,-1.5009047467735128,1.7825231228092264,1.4763107518048229
1995M6,387.490478515625,0.5879129953211455,1.661244464882052,1.4543857661325599
1995M7,386.240478515625,-0.32311001030559444,1.6578470472731044,1.428730933906181
1995M8,383.697631835938,-0.6605351497739229,0.8640516223496106,1.4407709286575374
1995M9,383.217498779297,-0.12521153911383398,0.5273142000712204,1.397692685984403
1995M10,383.069030761719,-0.03875000113200828,0.2760651917594894,1.1074900121719702
1995M11,385.676300048828,0.6783206816928489,0.5502312444362213,1.123438774067741
1995M12,387.557678222656,0.4866268010381582,0.3931118876149808,1.066053831177299
1996M1,400.070587158203,3.177631469187074,1.4335308388556474,1.287047707680127
1996M2,404.484222412109,1.0971731141304397,1.2383227301501798,1.2851244659089527
1996M3,396.326324462891,-2.0374806991887375,2.147423805834066,1.444223114424195
1996M4,393.144989013672,-0.8059450964540154,2.2796048185268334,1.448486549853146
1996M5,391.94287109375,-0.30623804556854484,1.2968251147579615,1.2924429011553953
1996M6,385.272491455078,-1.7165238214155043,0.8002427290370722,1.314745830964442
1996M7,383.586364746094,-0.43860570726478987,0.6359573394891076,1.3073684142612072
1996M8,387.471435546875,1.0077334481345976,1.113534073094015,1.3383063166395412
1996M9,382.964996337891,-1.169853972823201,1.1804663010426664,1.3671745705663876
1996M10,381.072723388672,-0.49533596821009307,0.9167841660591919,1.3735069052890898
1996M11,378.516662597656,-0.6730137324655949,0.9380569404473176,1.3845573633106036
1996M12,368.977661132813,-2.5523991351101816,0.9313262783503246,1.518264177243582
1997M1,355.200012207031,-3.805505778784995,1.5846969901666572,1.769338605055702
1997M2,346.713195800781,-2.418313236776596,1.287867252114702,1.396514251393067
1997M3,351.805267333984,1.457989159859678,2.2789959769032624,1.4465344591099092
1997M4,344.583343505859,-2.0741817524460444,2.2406573273694828,1.4486072679071789
1997M5,343.702789306641,-0.2558687841136338,1.7921150264467163,1.465098168295619
1997M6,340.476318359375,-0.9431725784368492,1.4786522130955422,1.449302756775096
1997M7,324.088623046875,-4.932856725268024,2.061990314833547,1.7988653016029776
1997M8,324.049987792969,-0.011921910932518072,2.298668448407904,1.8202554808904186
1997M9,324.476196289063,0.13143912086078224,2.3773732344572402,1.74233476199944
1997M10,323.883331298828,-0.182881605112033,2.4592263794976343,1.7727767936834098
1997M11,305.346160888672,-5.893727559332503,2.9391128174408987,2.1611249886340547
1997M12,287.619995117188,-5.9805939286053,3.415566747817822,2.4341824695647456
1998M1,289.5,0.6515149531424549,3.5795258164528176,2.545573436894769
1998M2,297.455261230469,2.7108534245473126,4.478220996046266,2.7640389395841254
1998M3,295.954559326172,-0.5057904509177286,3.712890013081933,2.7541692310879062
1998M4,308.285003662109,4.08187649295606,2.053874409814602,3.047151862565908
1998M5,298.978942871094,-3.065154594847713,3.2179944180468945,3.0879573746857623
1998M6,292.538635253906,-2.1776401443010176,3.1812130549062765,3.0905917903205804
1998M7,292.752258300781,0.07299722538428495,3.1889622423901107,3.1115003311205087
1998M8,284.109985351563,-2.996528098598439,1.466240092573254,2.9585146333318724
1998M9,288.981811523438,1.7002314671548506,2.138988501159478,3.043665131015123
1998M10,295.714996337891,2.303239004938173,2.3726664895618486,3.161202631099037
1998M11,293.716674804688,-0.6780528726893038,2.4226425808532115,3.1572509060451748
1998M12,291.678955078125,-0.6961883050896555,1.5718268712507895,2.7554058980769933
1999M1,286.9368286,-1.6391646374093602,1.7136822198716377,2.2292595483190105
1999M2,287.655,0.24997632692637747,0.7712861753188355,2.2219754899649873
1999M3,286.2136364,-0.5023333005173668,0.7772398002014577,2.062350281100526
1999M4,282.6175,-1.264411907295319,0.8387383373655737,2.079432517128042
1999M5,276.91,-2.0401849670023378,0.9853829899625034,1.6371475323156197
1999M6,261.3136364,-5.797118572203784,2.349508925436182,2.0673879883267494
1999M7,256.6931818,-1.7839831365162735,2.075705770124026,2.0520957250075162
1999M8,256.9052632,0.08258646969002602,2.463848912506757,2.0525173818642184
1999M9,264.3108696,2.84185555026446,3.6263398995344094,2.212864542192759
1999M10,310.7815789,16.196440003065703,8.13322839442434,5.148950964637383
1999M11,293.1840909,-5.828963848000638,9.313353846581377,5.406970910598612
1999M12,282.9526316,-3.552120418000859,9.894101917889024,5.49216375618807
2000M1,284.065625,0.39257812829716865,9.934528804681603,5.493708490944098
2000M2,299.715,5.362673770880918,4.906461775961453,5.681250127467003
2000M3,286.924,-4.361465079087926,4.4492592521986545,5.82905371601907
2000M4,279.6526316,-2.5669140771659777,4.249696310131828,5.871274791639085
2000M5,276.7409091,-1.0466509288941095,4.233165571898986,5.868227987221981
2000M6,285.7318182,3.197195003536874,3.2260415659899073,5.908158087407123
2000M7,281.5857143,-1.4616779775790738,2.5272724687164883,5.655884062585484
2000M8,274.425,-2.5758892954923374,2.5297580972967717,5.687581037706362
2000M9,273.53,-0.32666945128724545,2.5006652714349475,5.691298271694058
2000M10,269.9285714,-1.325393143212556,0.9205281237349979,5.664621465286191
2000M11,266.2973684,-1.354376294519481,0.9205657199731948,2.979778345167238
2000M12,271.45,1.9164349668272462,1.5355141273761408,2.739184617524971
2001M1,265.4863636,-2.221448219377142,1.8231223562551087,2.642528063523766
2001M2,262.0894737,-1.2877530023601067,1.8192293069714423,2.636843329338545
2001M3,263.0272727,0.3571777146449055,1.8268159119234246,1.9722387537589445
2001M4,260.3305556,-1.0305534076255287,1.0660313973465905,1.6969130011542408
2001M5,272.0931818,4.419239657159502,2.6373614221511144,2.1251363554648988
2001M6,270.202381,-0.6973350297485309,2.5087971467696364,2.115875227114284
2001M7,267.5261905,-0.9953767523830342,2.6676886467351335,1.8618421547739397
2001M8,272.0921053,1.6923161448273067,2.5158907293707307,1.9311971464624234
2001M9,284.4723529,4.449543958559072,2.5292091122167384,2.195216344478779
2001M10,282.2671429,-0.7782133221999128,2.548746127418417,2.209085617945174
2001M11,277.184375,-1.8171039283237056,2.7943613750177687,2.2421189592405115
2001M12,275.8357143,-0.4877448034011166,2.797439358571211,2.204489672176618
2002M1,281,1.854921888456878,1.5501645934320694,2.200725670399859
2002M2,295.2875,4.959478868613158,2.971694952533954,2.415116235429068
2002M3,294.0475,-0.4208139105503844,2.5646573937199846,2.3635332661301174
2002M4,302.6833333,2.894583547189837,2.2379556745555615,2.4203964945561873
2002M5,314.4931818,3.827524202796389,2.3166657027289665,2.44227743939165
2002M6,321.1777778,2.103239833347626,1.8230204802569916,2.2875121491035975
2002M7,313.2913043,-2.4861352361470366,2.8039637627214336,2.4631482825501094
2002M8,310.2809524,-0.9655257282655794,2.8664833073448452,2.461006550875056
2002M9,319.1357143,2.8138263885850945,2.5111413038590475,2.501291004786649
2002M10,316.5565217,-0.8114639779053339,2.248264849643491,2.357897488253384
2002M11,320.4357143,1.2179867624425231,1.800071038051454,2.3095019156721235
2002M12,332.0361111,3.5562054540323187,1.934404177312108,2.248054381977311
2003M1,356.8590909090909,7.20972691527626,3.44300190840772,2.6840110489198343
2003M2,358.97,0.5897819008986772,2.9963090880640966,2.7117577692147097
2003M3,340.55,-5.267686184955395,5.274375108839652,3.186955245410886
2003M4,328.18,-3.6999719340323116,5.580477032801283,3.4370574526953694
2003M5,355.6825,8.047624063410376,5.958834874676667,3.9517619622166134
2003M6,356.352380952381,0.1881596444046257,5.947101734882535,3.8815566724797526
2003M7,351.0195652173913,-1.5078112152691394,5.114383222693062,3.922016786096705
2003M8,359.7675,2.4616026204175965,4.164155238472866,3.8277404147366276
2003M9,378.9454545454546,5.193428584326298,2.904354653371078,3.9352470664671215
2003M10,378.9195652173912,-0.006832173909165396,2.9370415176641824,3.9367888139509386
2003M11,389.91,2.8591989680796446,2.1295461302129475,3.902596936836453
2003M12,406.9526315789473,4.278085108089609,2.2715098142210315,3.9691470530410973
2004M1,413.7880952380953,1.6657201193313411,1.8173736148000652,3.9354611864883218
2004M2,404.8775,-2.1769443318094854,2.769751718208926,3.692579443023318
2004M3,406.6673913043479,0.44110787358210835,2.682259507536495,3.6940887964714655
2004M4,403.26,-0.8414115743612991,1.6541401541975551,3.249517709158237
2004M5,383.778947368421,-4.951478627156061,2.3085598348536274,3.4238567936225626
2004M6,392.3727272727272,2.2145493974357393,3.0475871115479163,2.7724971120906448
2004M7,398.0909090909091,1.446817109030156,3.2190461577759515,2.7730227642924645
2004M8,400.5095238095238,0.6057152021711708,3.253943274268434,2.6836570969764
2004M9,405.275,1.1828303002897236,0.667857764255485,2.649415550929112
2004M10,420.4642857142857,3.6793693875356115,1.3470508042572713,2.4731383671498697
2004M11,439.375,4.399371966193639,1.8544876863708846,2.6490603112608455
2004M12,442.078947368421,0.6135217518898995,1.851878487944423,2.6002877292184343
2005M1,424.03,-4.1684272637886455,3.8956452139727182,2.754412430217302
2005M2,423.35,-0.1604947357655659,3.512618810457543,2.7262762136738283
2005M3,434.3214285714286,2.5585618717509395,2.8278156144704227,2.7019864161309477
2005M4,429.2333333333334,-1.1784207194167071,2.7786466451614156,2.743935827691929
2005M5,421.8725,-1.7297535928318593,1.9050518770567766,2.788542811108251
2005M6,430.6568181818182,2.060839173077669,2.1940788196234196,2.316449504084146
2005M7,424.4785714285714,-1.4450002492600305,1.7703207165421677,2.3634940470039982
2005M8,437.9295454545454,3.1196517389777747,2.4531349319879308,2.4568412128219888
2005M9,456.0477272727272,4.053942679788576,2.403673861094834,2.6224352188715336
2005M10,469.8976190476191,2.991737005258266,2.462664566624188,2.68035728354086
2005M11,476.6659090909091,1.430100610307674,1.0876343245851892,2.573092942762688
2005M12,510.0972222222222,6.77854940939068,2.2513120415680783,2.901385887354989
2006M1,549.8642857142856,7.507015517245586,2.9330282796086617,3.3851591697496057
2006M2,554.995,0.9287610165672178,3.4618186467716296,2.913908339306479
2006M3,557.0934782608696,0.37739456752776246,3.765350830755873,2.8832481401731784
2006M4,610.6527777777778,9.179546212151706,4.49777371751396,3.4897324334558077
2006M5,675.3928571428571,10.076601965843016,5.1995165007092226,3.846454640881625
2006M6,596.1454545454545,-12.48098436116186,10.47106489748145,5.747538878681596
2006M7,633.7095238095238,6.110599656913522,10.6051190399474,5.821638157437078
2006M8,632.5931818181818,-0.17631523261839532,9.858470823719408,5.751647684924822
2006M9,598.1857142857143,-5.592626804002499,7.907425771394535,6.232704988324094
2006M10,585.7795454545455,-2.0957748244197916,4.908191456480015,6.329243068583343
2006M11,627.8272727272728,6.932156870972962,5.276937735555258,6.4771734176199045
2006M12,629.7911764705883,0.3123213309998437,5.284342380371044,6.496051832508946
2007M1,631.1659090909092,0.21804598756480661,3.8898011936319636,6.359303201687722
2007M2,664.745,5.183475007561563,3.419940388419335,6.211545574832111
2007M3,654.8954545454545,-1.4927896955156261,2.8744623594652428,6.264867188250517
2007M4,679.3684210526316,3.668796249039747,3.06864319969347,6.292096804022705
2007M5,666.8595238095237,-1.8584159252197998,3.579812803048298,5.906210154771957
2007M6,655.4904761904762,-1.7195640731321424,2.683760729506422,5.206521836611917
2007M7,665.2954545454545,1.4847460514806454,2.6742318501499494,3.6872220945223133
2007M8,665.4113636363637,0.017420680441208817,1.5851534616496898,3.332166727124162
2007M9,712.6525,6.8588482987172235,3.704873241136819,3.776706660158876
2007M10,754.6043478260871,5.719964494796631,3.2862375662302994,3.440188529315479
2007M11,806.2477272727273,6.619747994321953,3.2285019667381007,3.4696006977149763
2007M12,803.2029411764706,-0.3783638465414013,3.4242304871787144,3.2706137748524706
2008M1,889.5954545454545,10.215940318048396,4.400364253922194,3.9534012267045964
2008M2,922.297619047619,3.610115476592794,4.497668158215797,3.890469800822776
2008M3,968.4342105263158,4.88125825943892,4.3734276338040825,3.8766808593085744
2008M4,909.7045454545456,-6.256067982708038,6.870348291836018,4.500764383155938
2008M5,888.6625,-2.3402348080391646,5.211268207262264,4.678885861607694
2008M6,889.4880952380952,0.09285999730640866,4.660841681351576,4.5725978676919885
2008M7,939.7717391304348,5.499089170314645,4.91959195699523,4.492465173364657
2008M8,839.025,-11.3396511662491,7.022803613087479,5.965151339806907
2008M9,829.9318181818181,-1.0896952753584699,7.031742995799954,6.000284184552665
2008M10,806.6195652173913,-2.8491412096046935,6.933578994974312,5.908066730431154
2008M11,760.8625,-5.839948032641487,4.490755006614781,5.99998762021333
2008M12,816.0921052631579,7.007456446625518,5.495283295137863,6.0361464899769
2009M1,858.6904761904761,5.088130396309204,6.172926344437347,6.189018336192333
2009M2,943.1625,9.383006350865557,6.732941713851802,6.083621411234051
2009M3,924.2727272727273,-2.023140268626964,4.9159183400192825,6.040226242800292
2009M4,890.2,-3.7561030895036476,6.14394101002824,5.934637868851555
2009M5,928.6447368421052,4.228009449890269,6.0217415575008335,5.820281991384195
2009M6,945.6704545454544,1.816790056364676,3.622180143036978,5.785650748149324
2009M7,934.2282608695652,-1.2173352621352214,3.487121635187517,5.80430569381366
2009M8,949.375,1.608307432708606,2.227895770059282,5.615449606222694
2009M9,996.5909090909092,4.8536490532030845,2.480679400371478,4.57042729673214
2009M10,1043.159090909091,4.5668611518603495,2.852857704636764,4.590718580343223
2009M11,1127.035714285714,7.7337227831507995,2.5035321737544525,4.643492778503055
2009M12,1134.723684210526,0.6798247009774473,2.8967427803978403,3.961065826779366
2010M1,1117.9625,-1.4881339128812259,4.095741628239429,3.9589450614654402
2010M2,1095.4125,-2.037682747204789,4.49691913349332,4.051130761516225
2010M3,1113.336956521739,1.6230768017090422,1.7406275763527548,3.3661141171217674
2010M4,1148.6875,3.1258213567508486,2.476411980505458,3.246369199166565
2010M5,1205.434210526316,4.8219856477689085,2.9224164929723853,2.904934289545244
2010M6,1232.920454545455,2.2545865629215953,1.3879728927045885,2.8486101235772137
2010M7,1192.965909090909,-3.2943141425953884,3.51319326000457,3.2301034169189906
2010M8,1215.809523809524,1.8967562745881108,3.402062865193649,3.1016550495879858
2010M9,1270.977272727273,4.437598096656903,3.277059619890317,3.1684109335277557
2010M10,1342.02380952381,5.439266957616952,3.9052711962680173,3.2124608742135115
2010M11,1369.886363636364,2.0549009935847082,1.759848190109954,3.138743707825117
2010M12,1390.552631578947,1.4973454656463212,1.884790388882028,2.6426426786734383
2011M1,1356.4,-2.486711353609055,3.2483794656638367,2.8721175897101774
2011M2,1372.725,1.196368412265174,2.065642788569176,2.742889820103814
2011M3,1424.010869565217,3.667963069029461,2.553245494523469,2.5667549082918155
2011M4,1473.805555555556,3.437042280645582,2.8536332816270438,2.5926690378106376
2011M5,1510.4375,2.455147507231355,1.1255475587915027,2.578430641769164
2011M6,1528.659090909091,1.199159599994585,1.1243138065692557,2.4531577489065555
2011M7,1572.809523809524,2.8472585752839903,0.947257796778429,2.4672268144822156
2011M8,1755.806818181818,11.006495102233306,4.475209520159233,3.082707077745462
2011M9,1771.852272727273,0.9097004436042684,4.754439864343487,3.1233114499782806
2011M10,1665.214285714286,-6.207166589226764,7.078224205533622,3.967135240572294
2011M11,1738.977272727273,4.334335084478217,7.16632348111804,3.9003999174023796
2011M12,1652.305555555556,-5.112554713908121,5.001754988050235,4.369343158148068
2012M1,1656.119047619048,0.2305323052390063,4.902371048431949,4.3821108302142315
2012M2,1742.619047619048,5.091223929172014,4.68107720322914,4.333765420395111
2012M3,1673.772727272727,-4.030898474435627,4.64430556533911,4.638990160812437
2012M4,1650.065789473684,-1.4265037059512184,3.8406666790791952,4.658039177466328
2012M5,1585.504545454546,-3.9912477643459328,4.296777272072591,4.805189282081137
2012M6,1596.697368421053,0.7034669343597904,2.2795045738935547,4.772123605398078
2012M7,1593.909090909091,-0.1747804536416926,2.0424369721911306,4.768815866074172
2012M8,1626.034090909091,1.9954430334964266,2.575471255328587,4.736965614056467
2012M9,1744.45,7.02953427017627,3.2199086924906086,4.065680916852124
2012M10,1747.010869565217,0.14669332523622444,3.327271348903438,4.056169615017095
2012M11,1721.136363636364,-1.49215037712395,3.6923533060790277,3.6565218406412408
2012M12,1688.529411764706,-1.9126769644086166,4.153907876391442,3.481933057547811
2013M1,1670.954545454545,-1.0462932322176308,0.8886452035066997,3.1755915084498114
2013M2,1627.5875,-2.629619014496233,0.6733630343717536,3.2626538092606774
2013M3,1592.8625,-2.1566145022387198,0.6638021367506654,2.8938258701510424
2013M4,1485.083333333333,-7.006182467089656,2.616555686335469,3.2728069869492464
2013M5,1413.5,-4.940198925145381,2.240754339640811,3.4579671362628455
2013M6,1342.3625,-5.1637776852610155,2.0004668815917768,3.551147352815273
2013M7,1286.723913043478,-4.233173547730469,1.1820962400755057,3.5850939160162523
2013M8,1347.095238095238,4.5851212964129315,4.698856040245591,3.971674745044043
2013M9,1348.797619047619,0.1262944240643112,4.47716744875655,3.875326995365356
2013M10,1316.184782608696,-2.4476307663488464,3.828851846171776,2.9244736085011587
2013M11,1275.821428571429,-3.1147006494306253,3.490488490559367,2.8483577220802143
2013M12,1225.402777777778,-4.032064072821708,1.7846113517849642,2.8666240239433134
2014M1,1244.795454545455,1.5701634740868429,2.471041323743753,3.091481056042256
2014M2,1300.975,4.414276047681483,3.9821433598617886,3.6101436319726528
2014M3,1336.083333333333,2.6628465060662743,3.650318257320933,3.8166017970924173
2014M4,1299,-2.8147710730237274,3.080063657046085,3.83011848319362
2014M5,1287.525,-0.887296684549683,3.288316054388779,3.464779741417663
2014M6,1279.095238095238,-0.6568788082413213,2.274004106589683,3.2669785384770367
2014M7,1310.967391304348,2.461234856471807,2.1831987964473925,3.091917104089841
2014M8,1295.9875,-1.1492378503429874,1.6915213190187681,2.8651882429549476
2014M9,1238.818181818182,-4.511510685252729,2.854569572520938,2.7760985423357303
2014M10,1222.489130434783,-1.3268794901841956,2.8501873458426097,2.7717260300576787
2014M11,1176.3,-3.8515132083212738,1.7221588972330704,2.8687628292705343
2014M12,1202.289473684211,2.185371482701961,3.035613095263653,2.8987543161641067
2015M1,1251.845238095238,4.039101948104968,3.5313540847345384,2.933289206329962
2015M2,1227.1875,-1.989368750213622,3.644408936000098,2.9571507065315155
2015M3,1178.629545454546,-4.037260441991113,3.712028528073659,2.8048124516573405
2015M4,1197.91,1.6226010292256,3.6134446060256002,2.71234767683282
2015M5,1199.052631578947,0.09533996487428298,2.4669674509822093,2.655247144217007
2015M6,1181.504545454546,-1.4743106484226147,2.4164078192329375,2.6652203051880865
2015M7,1130.036956521739,-4.453832775110263,2.596195354837795,2.8652688087158835
2015M8,1117.475,-1.1178661185260024,1.9314054253961839,2.6755262285492236
2015M9,1124.531818181818,0.6295111530252867,2.110550033625725,2.7249391290960205
2015M10,1159.245454545454,3.040253583035515,3.152847327078611,2.7400254512371456
2015M11,1085.702380952381,-6.554218998672234,4.076035466566786,3.21259392508504
2015M12,1068.252631578947,-1.6202874277031896,4.088576351566151,3.1001424291610964
2016M1,1097.375,2.689670527669139,4.493201967156562,3.1426771606390886
2016M2,1199.911904761905,8.93271771364623,6.573657507496159,3.9478704668020725
2016M3,1246.338095238095,3.7961586650157897,4.338430365065302,4.068967233756107
2016M4,1242.261904761905,-0.3275893370959454,3.8562355820903953,3.878825441300983
2016M5,1259.3975,1.3699597318381946,4.032226902461441,3.872841985120927
2016M6,1276.404545454545,1.341374456943566,1.6976855436561302,3.880486242528687
2016M7,1337.326190476191,4.662506373010309,2.0904498297700287,3.9944153949066314
2016M8,1341.088636363637,0.28094590311483875,1.9013181763894829,3.662399767964462
2016M9,1326.029545454545,-1.1292526173598458,2.4662662110128912,3.6630319562072136
2016M10,1266.569047619048,-4.587746573017478,3.829313805533535,4.013578771431225
2016M11,1235.979545454545,-2.4447897511625363,2.069753276024386,4.0595827547531895
2016M12,1151.402777777778,-7.088280413495081,2.6078210832309217,4.138771552307614
2017M1,1192.616666666666,3.5168766899079307,4.528637406690106,4.169559356713039
2017M2,1234.3575,3.440081911396665,5.123937732517618,4.202259769676187
2017M3,1231.093478260869,-0.2647810623605344,4.982542492498255,3.4438576950299047
2017M4,1265.627777777778,2.7665484929681714,1.7850873225486754,3.3651357998204356
2017M5,1245.004761904762,-1.6428911365280112,2.424657639435726,3.399254230785327
2017M6,1260.256818181818,1.2176169415472164,1.8997917287914592,3.3944604033000103
2017M7,1236.221428571428,-1.9256031828122022,2.273046770704341,3.4082042083862714
2017M8,1282.315909090909,3.6608254770174415,2.6370616278979986,3.297509430049364
2017M9,1314.978571428571,2.5152622915390905,2.4113407490595837,3.388587323799154
2017M10,1279.513636363637,-2.7340335872253423,3.179945960464522,3.455750012231505
2017M11,1282.284090909091,0.21628995888367925,2.8227668523836393,3.203770836222109
2017M12,1261.255882352941,-1.6534977139963467,2.301937838260667,3.1586989254677516
2018M1,1331.665909090909,5.4322765075038255,3.62251530130714,2.6305283418836662
2018M2,1331.525,-0.010581974469756936,3.072541963250682,2.5430303968298436
2018M3,1324.657142857143,-0.5171236066138576,3.155357469909186,2.4416557332966
2018M4,1334.74,0.7582850484189337,2.7285630298377335,2.4299058903573365
2018M5,1303.02619047619,-2.4047118254463413,1.3470277283896612,2.4724489631174933
2018M6,1281.566666666667,-1.6606110237430427,1.3816208304451139,2.473568590333159
2018M7,1238.525,-3.4162132386424444,1.7781311263428947,2.6460993807092628
2018M8,1201.245454545454,-3.056225809404787,0.7724831335490498,2.727235770816753
2018M9,1198.4725,-0.23110680773176304,1.4528464408866217,2.4668115179986025
2018M10,1215.393478260869,1.4020045504050105,2.3096515720441144,2.3700829433929473
2018M11,1220.945454545455,0.455764657401297,1.9197527489775355,2.295326909662432
2018M12,1247.923529411765,2.1855472201308217,1.0598945927461245,2.3991900339602337
2019M1,1291.745454545454,3.451337578433066,1.2674418126312617,2.555706906612325
2019M2,1320.065,2.168660846575012,1.229748896240631,2.1203992823362303
2019M3,1300.897619047619,-1.4626475421198155,2.1191732936329672,2.155123483163906
2019M4,1286.445,-1.1171902214939968,2.4284170811093047,2.1693481721697463
2019M5,1283.947619047619,-0.1943190872643421,1.6367289783596704,2.1493572063763566
2019M6,1359.0425,5.684099837349376,3.34749959651345,2.6102081146878144
2019M7,1412.978260869565,3.891931082040064,3.248918437666843,2.7107897133673773
2019M8,1498.797619047619,5.896348086842152,2.8228838950795634,2.748035569021237
2019M9,1511.314285714286,0.8316460785511912,2.34231836564936,2.4048535236525748
2019M10,1494.8,-1.0987241520008402,3.1171333356039175,2.475895359999699
2019M11,1470.016666666667,-1.6718680034338882,3.442171585746733,2.6475136710605867
2019M12,1476.044444444444,0.40920985423133366,1.193929375373885,2.6490208716345394
2020M1,1560.672727272727,5.575112660023874,3.2999826037447217,2.882921025510694
2020M2,1597.1025,2.307408627867011,3.077497039255468,2.8428608873470655
2020M3,1591.927272727273,-0.3245646597637767,2.633747344986939,2.887410553979761
2020M4,1682.93,5.559091853071047,2.8519361834045514,2.9550464316404423
2020M5,1716.381578947368,1.9682019751056001,2.421853134410052,2.805633926020666
2020M6,1732.218181818182,0.9184431533020163,2.5323139168330093,2.7421610855306042
2020M7,1843.313043478261,6.216174641768031,2.6152611811266326,2.8001799191455277
2020M8,1968.030952380952,6.546900669132599,2.886269503007885,3.011305577698881
2020M9,1922.213636363636,-2.3556068816326126,4.313779814387167,3.1147941559204133
2020M10,1900.275,-1.147884498477007,4.723497450980108,3.218764736636859
2020M11,1863.492857142857,-1.9546005644383135,4.213174505087079,3.290109493097359
2020M12,1855.955263157895,-0.40530767252419186,0.8672555392689241,3.1995806069547896
2021M1,1866.985,0.5925300076208706,1.0845550723118986,3.193370211837203
2021M2,1808.175,-3.20067809263814,1.6742932672169135,3.2574523363205117
2021M3,1718.228260869566,-5.10243702836913,2.603052123463621,3.6583207430470903
2021M4,1761.6775,2.4972801077197944,3.4675671758445277,3.684931769720593
2021M5,1855.56,5.192005717835961,4.808961724067258,3.646458670296596
2021M6,1834.565909090909,-1.137864557514515,4.472062978777985,3.661795982530527
2021M7,1807.093181818182,-1.5088314299606755,3.183693414728709,3.7010298134311146
2021M8,1783.969047619048,-1.287889340046851,3.2553347934346277,3.26525946285454
2021M9,1777.252272727273,-0.377217940261276,0.49137511364517605,2.5503195661863867
2021M10,1776.854761904762,-0.0223690969515049,0.7127246049661593,2.5123451709598674
2021M11,1820.234090909091,2.412030055045095,1.5798836646625212,2.639041647431013
2021M12,1786.652631578947,-1.8621283272103106,1.772244905747049,2.6344213811720145
2022M1,1816.765,1.6713616058316807,1.9035560512999545,2.691419630776616
2022M2,1856.295,2.1525118716753404,1.9941322659138199,2.761824570359763
2022M3,1947.828260869565,4.813247386332312,2.743871857815807,2.8899661072389184
2022M4,1933.9,-0.7176350176479622,2.267858268553144,2.3840671853055815
2022M5,1849.833181818182,-4.444322635179251,3.968804874944365,2.7483654622578073
2022M6,1837.064090909091,-0.6926768510051995,3.814141823265567,2.3438196408703322
2022M7,1737.380476190476,-5.57901891153891,2.5291730752455064,2.7921155264368727
2022M8,1764.132608695652,1.528062434775386,3.2958356568604263,2.820208193707436
2022M9,1683.208181818181,-4.695752533612888,3.352353329464644,3.0778715353300328
2022M10,1666.626666666667,-0.9899980942520943,3.3060423768762304,3.081400343561067
2022M11,1727.898636363636,3.6104385671556285,3.5742392662429996,3.2857236779684427
2022M12,1797.408181818182,3.9439719111932408,4.112882069702383,3.4128034790604413
2023M1,1896.059545454545,5.343208090865859,2.7490782496724164,3.6771178924134937
2023M2,1853.409,-2.2751163071035805,3.371785848255587,3.7310358287598304
2023M3,1913.648260869565,3.1984858293079004,3.33903292151329,3.7885688088658287
2023M4,1999.6685,4.396991242971905,3.408907220665219,3.748185802742875
2023M5,1989.826956521739,-0.4933738388171685,3.117609385941017,3.744114128110562
2023M6,1944.728636363636,-2.2925229676044436,3.124094925438139,3.5639911347712174
2023M7,1950.27,0.2845375771523031,2.829323696725824,3.5496477227174497
2023M8,1919.302173913044,-1.6006155640823143,1.1453473734045783,3.132609574322855
2023M9,1915.434761904762,-0.2017042307835967,1.1985646372764283,3.134280200102655
2023M10,1913.984545454546,-0.07574080575388546,0.8275514438362231,2.7133879998405708
2023M11,1985.777727272728,3.6823421034235824,2.2623127459645387,2.738827727725383
2023M12,2034.704285714285,2.433985463287982,1.9154818861253038,2.676562448266242
2024M1,2034.006086956522,-0.0343203964236973,1.8683356453429427,2.5690496383071957
2024M2,2024.44619047619,-0.47111132561449937,1.9863294731684487,2.223612658931406
2024M3,2162.346190476191,6.589765453324309,3.2368697461639444,2.6236366074374025
2024M4,2333.550454545454,7.6197076503209855,4.27230966534183,3.1416737069534713
2024M5,2350.596521739131,0.7278226976126552,4.079174828550181,3.0248998187718406
2024M6,2328.2625,-0.9546853737843145,4.244516260487993,3.04958163115836
2024M7,2393.962173913043,2.7827525395987642,3.7130001447451404,2.8844618670748297
2024M8,2468.328636363637,3.0591449518212728,1.8851238315525378,2.881771547779475
2024M9,2569.049047619048,3.9994553892326437,2.1806675019260484,2.744400012022301
2024M10,2689.128695652173,4.568142613218603,0.8281022040562518,2.708959510881999
2024M11,2652.199523809524,-1.3827931467305061,2.7018159419918635,2.8381151013527854
2024M12,2640.605454545455,-0.43810750088150935,3.0324986460392993,2.924943087664396
2025M1,2707.467391304348,2.5005426273837243,2.7288510800599863,2.925459609653165
2025M2,2894.38,6.675726975914571,3.6238440013665847,3.08640895113612
2025M3,2986.256190476191,3.1249566908965822,2.9207270621404278,2.9346119217109874
2025M4,3222.011818181818,7.598546006360103,2.5377854792176042,3.048839851927858
2025M5,3288.009545454546,2.0276427595881126,2.6974727937174525,2.7310181155645905
2025M6,3351.858571428571,1.923260912663916,2.675753654273368,2.6810221595703547
2025M7,3341.649130434783,-0.3050552674573565,3.3680917647466844,2.611788820907647
2025M8,3367.256190476191,0.7633789171296412,1.0993562346378714,2.670963680491753
2025M9,3666.523636363636,8.514574917309519,3.9661548043628025,3.1335062565423475
