Date,Price,"Log Return","3M Vol","12M Vol"
1960/01/01,35.27,,,
1960/02/01,35.27,0,,
1960/03/01,35.27,0,,
1960/04/01,35.27,0,0,
1960/05/01,35.27,0,0,
1960/06/01,35.27,0,0,
1960/07/01,35.27,0,0,
1960/08/01,35.27,0,0,
1960/09/01,35.27,0,0,
1960/10/01,35.27,0,0,
1960/11/01,35.27,0,0,
1960/12/01,35.27,0,0,
1961/01/01,35.25,-0.05672149896830443,0.03274817269818964,0.01637408634909482
1961/02/01,35.25,0,0.03274817269818964,0.01637408634909482
1961/03/01,35.25,0,0.03274817269818964,0.01637408634909482
1961/04/01,35.25,0,0,0.01637408634909482
1961/05/01,35.25,0,0,0.01637408634909482
1961/06/01,35.25,0,0,0.01637408634909482
1961/07/01,35.25,0,0,0.01637408634909482
1961/08/01,35.25,0,0,0.01637408634909482
1961/09/01,35.25,0,0,0.01637408634909482
1961/10/01,35.25,0,0,0.01637408634909482
1961/11/01,35.25,0,0,0.01637408634909482
1961/12/01,35.25,0,0,0.01637408634909482
1962/01/01,35.23,-0.05675369051314587,0.03276675849526947,0.01638337924763474
1962/02/01,35.23,0,0.03276675849526947,0.01638337924763474
1962/03/01,35.23,0,0.03276675849526947,0.01638337924763474
1962/04/01,35.23,0,0,0.01638337924763474
1962/05/01,35.23,0,0,0.01638337924763474
1962/06/01,35.23,0,0,0.01638337924763474
1962/07/01,35.23,0,0,0.01638337924763474
1962/08/01,35.23,0,0,0.01638337924763474
1962/09/01,35.23,0,0,0.01638337924763474
1962/10/01,35.23,0,0,0.01638337924763474
1962/11/01,35.23,0,0,0.01638337924763474
1962/12/01,35.23,0,0,0.01638337924763474
1963/01/01,35.09,-0.3981802758022304,0.2298894894204171,0.1149447447102086
1963/02/01,35.09,0,0.2298894894204171,0.1149447447102086
1963/03/01,35.09,0,0.2298894894204171,0.1149447447102086
1963/04/01,35.09,0,0,0.1149447447102086
1963/05/01,35.09,0,0,0.1149447447102086
1963/06/01,35.09,0,0,0.1149447447102086
1963/07/01,35.09,0,0,0.1149447447102086
1963/08/01,35.09,0,0,0.1149447447102086
1963/09/01,35.09,0,0,0.1149447447102086
1963/10/01,35.09,0,0,0.1149447447102086
1963/11/01,35.09,0,0,0.1149447447102086
1963/12/01,35.09,0,0,0.1149447447102086
1964/01/01,35.1,0.02849408766963703,0.01645106918637798,0.00822553459318887
1964/02/01,35.1,0,0.01645106918637798,0.00822553459318887
1964/03/01,35.1,0,0.01645106918637798,0.00822553459318887
1964/04/01,35.1,0,0,0.00822553459318887
1964/05/01,35.1,0,0,0.00822553459318887
1964/06/01,35.1,0,0,0.00822553459318887
1964/07/01,35.1,0,0,0.00822553459318887
1964/08/01,35.1,0,0,0.00822553459318887
1964/09/01,35.1,0,0,0.00822553459318887
1964/10/01,35.1,0,0,0.00822553459318887
1964/11/01,35.1,0,0,0.00822553459318887
1964/12/01,35.1,0,0,0.00822553459318887
1965/01/01,35.12,0.0569638295095708,0.03288808230142278,0.01644404115071132
1965/02/01,35.12,0,0.03288808230142278,0.01644404115071132
1965/03/01,35.12,0,0.03288808230142278,0.01644404115071132
1965/04/01,35.12,0,0,0.01644404115071132
1965/05/01,35.12,0,0,0.01644404115071132
1965/06/01,35.12,0,0,0.01644404115071132
1965/07/01,35.12,0,0,0.01644404115071132
1965/08/01,35.12,0,0,0.01644404115071132
1965/09/01,35.12,0,0,0.01644404115071132
1965/10/01,35.12,0,0,0.01644404115071132
1965/11/01,35.12,0,0,0.01644404115071132
1965/12/01,35.12,0,0,0.01644404115071132
1966/01/01,35.13,0.02846975108199628,0.01643701845095243,0.008218509225476097
1966/02/01,35.13,0,0.01643701845095243,0.008218509225476097
1966/03/01,35.13,0,0.01643701845095243,0.008218509225476097
1966/04/01,35.13,0,0,0.008218509225476097
1966/05/01,35.13,0,0,0.008218509225476097
1966/06/01,35.13,0,0,0.008218509225476097
1966/07/01,35.13,0,0,0.008218509225476097
1966/08/01,35.13,0,0,0.008218509225476097
1966/09/01,35.13,0,0,0.008218509225476097
1966/10/01,35.13,0,0,0.008218509225476097
1966/11/01,35.13,0,0,0.008218509225476097
1966/12/01,35.13,0,0,0.008218509225476097
1967/01/01,34.95,-0.5136997597916357,0.296584694598347,0.1482923472991735
1967/02/01,34.95,0,0.296584694598347,0.1482923472991735
1967/03/01,34.95,0,0.296584694598347,0.1482923472991735
1967/04/01,34.95,0,0,0.1482923472991735
1967/05/01,34.95,0,0,0.1482923472991735
1967/06/01,34.95,0,0,0.1482923472991735
1967/07/01,34.95,0,0,0.1482923472991735
1967/08/01,34.95,0,0,0.1482923472991735
1967/09/01,34.95,0,0,0.1482923472991735
1967/10/01,34.95,0,0,0.1482923472991735
1967/11/01,34.95,0,0,0.1482923472991735
1967/12/01,34.95,0,0,0.1482923472991735
1968/01/01,35.5,1.56142278015508,0.9014878624413493,0.4507439312206746
1968/02/01,36,1.398624197473987,0.8583602703866975,0.5771429817329334
1968/03/01,37,2.739897418811434,0.7319289249141766,0.9142200567040943
1968/04/01,37.86,2.297723313695233,0.6834850661989715,1.037941011165104
1968/05/01,40.7,7.233294666737267,2.730872917459176,2.135617039386443
1968/06/01,41.14,1.07527917762617,3.260250220737436,2.099778024608901
1968/07/01,39.46,-4.16933836303418,5.70741050336562,2.624457557990484
1968/08/01,39.19,-0.6865888382929223,2.668949116081906,2.65580866759968
1968/09/01,40.18,2.49477471752483,3.333192200600112,2.671920767948512
1968/10/01,39.21,-2.443754308254809,2.503256995115887,2.855374023166483
1968/11/01,39.78,1.443245712158584,2.601395501978641,2.841696120556424
1968/12/01,41.08,3.215711163453123,2.89482159381716,2.88206047447595
1969/01/01,42.3,2.926570099187478,0.9509195171194437,2.918025553037937
1969/02/01,42.6,0.7067167223092573,1.372734781107474,2.926182832534986
1969/03/01,43.16,1.305988711460901,1.148416298362313,2.895736537257899
1969/04/01,43.31,0.3469414836601622,0.4844819784193953,2.888358796272806
1969/05/01,43.46,0.3457419601748222,0.5540527723608264,2.154336766688936
1969/06/01,41.44,-4.759437687705609,2.947823177582267,2.630112467739621
1969/07/01,41.76,0.7692345623155645,3.077022967885101,2.269766723813041
1969/08/01,41.09,-1.617416067906478,2.772923184961391,2.328119733736896
1969/09/01,40.87,-0.5368485319132625,1.195099750342484,2.242402889036592
1969/10/01,40.44,-1.057690342391528,0.5404003576343341,2.129989616377167
1969/11/01,37.4,-7.814868973178442,4.059973743416315,3.111823795074165
1969/12/01,35.17,-6.147725793459511,3.520115772792505,3.261870091350518
1970/01/01,34.94,-0.6561141779980639,3.745773946157465,2.993309961001774
1970/02/01,34.99,0.1430001673686342,3.42465606512243,2.958155398755104
1970/03/01,35.09,0.2853883215527228,0.5074913923872901,2.879380024537682
1970/04/01,35.62,1.499108826639161,0.7452541564982723,2.972455295396428
1970/05/01,35.95,0.9221806305540222,0.6071062582322403,3.011668009923568
1970/06/01,35.42,-1.485245181236828,1.58297789135121,2.841006306451467
1970/07/01,35.32,-0.2827256618928233,1.20371310308687,2.786793141111503
1970/08/01,35.38,0.1697312995879928,0.8553476533432725,2.821408435034836
1970/09/01,36.19,2.263614884401174,1.358486654727932,2.995896145113516
1970/10/01,37.52,3.60912865623729,1.733215218117131,3.279143898282529
1970/11/01,37.44,-0.2134472528632792,1.939000202978578,2.37283343217012
1970/12/01,37.44,0,2.148001240217833,1.377749155626249
1971/01/01,37.88,1.168361670848638,0.7438665455255792,1.336052867709278
1971/02/01,38.74,2.244938966097231,1.122782156672631,1.396627059911448
1971/03/01,38.87,0.3350086885281806,0.9575428215805059,1.394880899163102
1971/04/01,39.01,0.359527865443326,1.095689271165304,1.385622361290199
1971/05/01,40.52,3.797765586191752,1.992183272473132,1.641671551962813
1971/06/01,40.1,-1.041934506795917,2.490256760364434,1.584730535868483
1971/07/01,40.95,2.097547598655499,2.455259188139353,1.553574274104205
1971/08/01,42.71,4.208127455429656,2.641781148817286,1.729823617690762
1971/09/01,42.03,-1.604943583634985,2.942640061576555,1.936723622210855
1971/10/01,42.5,1.112042691334571,2.908595027100619,1.78827476917291
1971/11/01,42.86,0.8434914115059705,1.497162211969775,1.746544145935333
1971/12/01,43.48,1.436207220757773,0.2967924253780565,1.711170345686603
1972/01/01,45.75,5.089072946852174,2.29926446995138,2.038016445961349
1972/02/01,48.26,5.341126847535523,2.185381601815379,2.308809109692195
1972/03/01,48.33,0.144942566010706,2.929968358167451,2.320627202561041
1972/04/01,49.03,1.437986980614935,2.705143119024993,2.27964708224704
1972/05/01,54.62,10.79677603824169,5.812636418520055,3.418691506410847
1972/06/01,62.09,12.81848293312426,6.071654353346254,4.33590588527761
1972/07/01,65.66,5.590496669664509,3.729084540412275,4.339937620960551
1972/08/01,67.03,2.065036829641977,5.481928730061965,4.371632318392884
1972/09/01,65.46,-2.3701011296832,3.988952099754985,4.461586623751296
1972/10/01,64.86,-0.9208168193862477,2.261496397805923,4.604754057678185
1972/11/01,62.91,-3.05259672972337,1.088631468271352,4.936257006067221
1972/12/01,63.91,1.577071008025208,2.317245223190572,4.931851897757426
1973/01/01,65.14,1.906295618589699,2.772869318002236,4.907119263706545
1973/02/01,74.2,13.02253503252474,6.515082684154734,5.687171242641341
1973/03/01,84.37,12.84477380042006,6.36726894225383,6.151572301530486
1973/04/01,90.5,7.013796252834497,3.418987177967568,6.097824332306175
1973/05/01,101.96,11.92307288020343,3.134507636796303,6.201145120438816
1973/06/01,120.12,16.3910663607215,4.690365256250555,6.668245884230226
1973/07/01,120.17,0.04161638080788183,8.450211919775326,6.85122279665139
1973/08/01,106.76,-11.83240823868849,14.17075329551235,8.399004451034049
1973/09/01,102.97,-3.614564086766396,6.081297542207547,8.490360563103101
1973/10/01,100.08,-2.846781751000381,4.981029605691245,8.604631853777185
1973/11/01,94.92,-5.29354345910929,1.251339569164098,8.784910147136715
1973/12/01,106.72,11.71741505997508,9.196694889497936,9.07366759809521
1974/01/01,129.19,19.10756068048963,12.512665884761,9.979340645923875
1974/02/01,150.13,15.02173964520037,3.70195324095599,10.12816524276263
1974/03/01,168.42,11.49592741776326,3.809248533105541,10.05094569513898
1974/04/01,172.24,2.242799345426152,6.599912198549964,10.0911406907768
1974/05/01,163.27,-5.348358091803453,8.435796787971265,10.29993993445026
1974/06/01,154.1,-5.780352981200311,4.512635299495595,9.838414299937883
1974/07/01,142.98,-7.489698198736434,1.132388192474748,10.21306784614777
1974/08/01,154.64,7.839507456136978,8.40046631061496,9.436849878357036
1974/09/01,151.75,-1.886540496046777,7.756458932386509,9.337946014306686
1974/10/01,158.78,4.528516635735977,4.94489007267425,9.142166836841705
1974/11/01,181.66,13.46172117771002,7.708482749530917,9.040211058221143
1974/12/01,183.78,1.160258199867145,6.357060375084099,8.88283033580517
1975/01/01,176.27,-4.172247964087677,9.043584107695064,7.896984251200423
1975/02/01,179.6,1.871524543623696,3.303248601133538,6.859158403539983
1975/03/01,178.16,-0.8050132918987034,3.02845698465796,6.106300336068488
1975/04/01,169.84,-4.782520555411146,3.348152102186766,6.255675459608987
1975/05/01,167.39,-1.453039828047214,2.134086234462492,6.057460833133205
1975/06/01,164.24,-1.899764640385029,1.807174896418127,5.807135490068217
1975/07/01,165.17,0.56464738223206,1.313008717520036,5.23288202506414
1975/08/01,163,-1.322504572623653,1.288920627486843,4.829263685242368
1975/09/01,144.17,-12.275704198295,6.933115620605036,6.05876928683622
1975/10/01,142.79,-0.9618139381608483,6.430484592832712,5.854387049704948
1975/11/01,142.42,-0.2594580888225168,6.743979872459951,3.764652146353258
1975/12/01,139.3,-2.215055776821856,0.9906463515114461,3.628416534065475
1976/01/01,131.05,-6.105095101634472,2.97568592516787,3.75918078095213
1976/02/01,131.06,0.007630384193532265,3.094030612433348,3.598547310712009
1976/03/01,132.76,1.288775324042287,3.951288083095767,3.74272155445797
1976/04/01,127.94,-3.698158282978218,2.589842620812711,3.694090906713332
1976/05/01,126.92,-0.8004437306996712,2.504365943907206,3.713422466180568
1976/06/01,125.71,-0.9579299788255234,1.629437669039752,3.732701816653416
1976/07/01,117.73,-6.558379983663419,3.279829062319932,3.813730363000789
1976/08/01,109.93,-6.855006749933303,3.322362165174407,3.948086755105138
1976/09/01,114.15,3.766957338503211,6.048783615337174,3.286789933589796
1976/10/01,116.15,1.736908624061354,5.638679347047599,3.448574519766947
1976/11/01,130.46,11.61842071515318,5.218729988293391,5.177406652930833
1976/12/01,133.93,2.625060903108081,5.466772606484826,5.239438984013518
1977/01/01,132.26,-1.254759315251455,6.603689495664622,4.931242453197715
1977/02/01,136.24,2.964835410791657,2.344263611986834,5.000882892870306
1977/03/01,148.23,8.434708517133542,4.858159430730193,5.524396492285302
1977/04/01,149.17,0.6321473640070644,4.005015727629792,5.333549081006209
1977/05/01,146.61,-1.731059521566576,5.319892654759077,5.373158088939551
1977/06/01,140.78,-4.057761177018766,2.344977949458975,5.557771521332198
1977/07/01,143.39,1.836980254696222,2.969074630959788,5.031027039062454
1977/08/01,144.94,1.075167295418752,3.20612149475706,4.277715485134449
1977/09/01,149.53,3.117717791461696,1.032203157642908,4.26160523928968
1977/10/01,158.95,6.109264576105941,2.531912983135555,4.398479045751948
1977/11/01,162.1,1.962374138481871,2.140127388064147,3.362794651755846
1977/12/01,160.45,-1.023106118576457,3.581910672469532,3.44623776450637
1978/01/01,173.18,7.634914846378937,4.397956674745692,3.741736554518333
1978/02/01,178.14,2.823824198406808,4.337948691803852,3.739495768607233
1978/03/01,183.61,3.024418493037238,2.721626594465765,3.213116404545494
1978/04/01,175.28,-4.642924764688461,4.369987238362633,3.707759408008498
1978/05/01,176.31,0.5859114005457772,3.917380015494703,3.591567441506707
1978/06/01,183.75,4.133232880027733,4.414845416821247,3.187149876514961
1978/07/01,188.73,2.674128415710188,1.782934183633219,3.187170378038292
1978/08/01,206.3,8.901399782715833,3.256872480566023,3.678881454408339
1978/09/01,212.08,2.763214190356401,3.569877853181657,3.678763418044654
1978/10/01,227.44,6.992290536197411,3.141313611117245,3.756536182908996
1978/11/01,206.2,-9.803989575988483,8.736272306222256,5.276202134778542
1978/12/01,207.85,0.7970094115786888,8.49389695952794,5.206937151169778
1979/01/01,227.28,8.936607184728617,9.397199923300443,5.343207969251091
1979/02/01,245.67,7.780643440427408,4.403794733630303,5.576793532612438
1979/03/01,242.05,-1.484485556450309,5.712238928055782,5.701861319809318
1979/04/01,239.11,-1.222061929119305,5.275101665052386,5.4005903350898
1979/05/01,257.59,7.444547650640083,5.081119000467668,5.530824022228792
1979/06/01,279.07,8.009347280864983,5.174424867114252,5.703363796353564
1979/07/01,294.74,5.463096537555596,1.337194823978518,5.724220267832202
1979/08/01,300.82,2.041846744195041,2.994422750479332,5.497193739090486
1979/09/01,354.95,16.54648552583276,7.582117204315059,6.715541153306636
1979/10/01,391.66,9.841718200329556,7.259206175691053,6.868345621279018
1979/11/01,391.99,0.08422127722997268,8.278172053501697,5.436281640720126
1979/12/01,455.08,14.92368984105256,7.54149641669443,5.872033316917286
1980/01/01,675.31,39.46986170330174,19.89117497836487,11.20394616333237
1980/02/01,665.32,-1.490371678219889,20.61422117260417,11.61347140633162
1980/03/01,553.58,-18.38618514391063,29.75043805874396,13.73876128744856
1980/04/01,517.41,-6.757067951180916,8.645258517257481,14.12353189580727
1980/05/01,513.8,-0.7001512295635752,8.988125522731664,14.26546931900851
1980/06/01,600.72,15.62948511158454,11.57944314463326,14.54191878023568
1980/07/01,643.27,6.843560699725228,8.172689076808856,14.53938931068313
1980/08/01,627.15,-2.537879631819721,9.085308948930793,14.72607000496702
1980/09/01,673.63,7.149525228280089,5.50682682238687,14.36682139275933
1980/10/01,661.15,-1.870025575065264,5.410547394653269,14.43080981216486
1980/11/01,624.77,-5.659716099504695,6.580155955074095,14.67877573688466
1980/12/01,538.26,-14.90418672085377,6.704617166729121,15.15718796989928
1981/01/01,557.39,3.492345964992247,9.198305024684252,9.411131538735805
1981/02/01,499.76,-10.91371912638551,9.67721514607821,9.786871597748474
1981/03/01,499.11,-0.1301470845553309,7.493804032803515,8.392995233607031
1981/04/01,495.8,-0.6653892738670968,6.077282492317588,8.18576757889191
1981/05/01,479.7,-3.301171109307195,1.697509128635628,8.230039151504648
1981/06/01,461.09,-3.956765680010335,1.74213990885188,6.48114918769204
1981/07/01,409.07,-11.97069611652027,4.827241260683081,6.368050640800123
1981/08/01,410.16,0.2661036932733168,6.215504489714952,6.468121696302265
1981/09/01,443.75,7.871401331418045,10.01073301414714,6.578970231319472
1981/10/01,437.76,-1.359052579549461,4.927524132840606,6.591967902106905
1981/11/01,413.37,-5.73277393202094,6.945073823340833,6.59424179752734
1981/12/01,410.09,-0.7966427869722785,2.702194599610031,5.537929955830595
1982/01/01,384.14,-6.536957832749281,3.108143048297552,5.343203882053424
1982/02/01,374.13,-2.64037388759404,2.930697517594686,4.743768393600233
1982/03/01,330.25,-12.47533871983307,4.952680541099274,5.484547940046946
1982/04/01,350.3,5.89399868010064,9.192339246062451,6.080833022532019
1982/05/01,333.71,-4.851757785885544,9.228784903724994,6.106671807646525
1982/06/01,314.98,-5.776320759815106,6.487455260587152,6.154339977286122
1982/07/01,338.97,7.340246314283004,7.320565921664363,6.170251720761422
1982/08/01,364.23,7.187392833472904,7.529116439139345,6.661092178087378
1982/09/01,437.31,18.28567895300375,6.363932414086176,8.377753411469921
1982/10/01,422.15,-3.52816246385221,10.90748028862718,8.430111561181654
1982/11/01,414.89,-1.734727626044881,12.10975340698297,8.273542903904305
1982/12/01,444.5,6.893663009889921,5.571953273447408,8.498426317303013
1983/01/01,481.29,7.951994407713493,5.313532630200082,8.409988273568406
1983/02/01,491.09,2.01574113551479,3.166314631444996,8.289070545657111
1983/03/01,419.7,-15.7087240046697,12.3100593229507,8.845716007531966
1983/04/01,432.88,3.092038299493472,10.55764922783828,8.770167489727237
1983/05/01,438.01,1.178118783157007,10.34647452415097,8.526004141865485
1983/06/01,412.84,-5.918163246831741,4.746999727363851,8.538257528723546
1983/07/01,402.91,-2.434689675383915,3.548337444734272,8.475007538381522
1983/08/01,416.2,3.245270201564072,4.625383675795487,8.306705037988122
1983/09/01,411.8,-1.062811936584495,2.963769121771182,6.307233636928253
1983/10/01,393.6,-4.520262941559068,3.890523618524398,6.356829923937385
1983/11/01,381.7,-3.070020542691434,1.736186283001781,6.390411181322185
1983/12/01,388.34,1.724628481512357,3.268295457031624,5.994338087564686
1984/01/01,370.89,-4.597572187936224,3.298795098187698,5.323884570816481
1984/02/01,385.96,3.982821446523777,4.44771124089465,5.492150936041621
1984/03/01,394.26,2.127685298564847,4.514675575451744,3.498880604435748
1984/04/01,381.37,-3.324055764252882,3.798101835497198,3.384931177109884
1984/05/01,377.4,-1.046439956085289,2.738128482432066,3.311589277509102
1984/06/01,377.7,0.07945967839613896,1.733931040770715,2.977256264135673
1984/07/01,347.71,-8.273143069251436,4.532454458914046,3.674540036638561
1984/08/01,347.7,-0.002876001208118658,4.798785770048259,3.426330015745844
1984/09/01,340.2,-2.180635905205429,4.28677421690192,3.428601085804664
1984/10/01,341,0.2348797321755329,1.331282701172434,3.332812071467758
1984/11/01,342,0.292825977908836,1.411623607118438,3.302099631514299
1984/12/01,319.54,-6.792827546317961,4.074279347830958,3.58627019708088
1985/01/01,302.79,-5.384296568054771,3.751003549807288,3.652138059791784
1985/02/01,299.1,-1.226153028297547,2.89430424579978,3.197820809345163
1985/03/01,313.5,4.702139443707305,5.069040026642515,3.573347327704105
1985/04/01,326.8,4.154900291287248,3.276172999903608,3.937933838186972
1985/05/01,316,-3.360614939893579,4.505375458463049,3.981513931061559
1985/06/01,316.5,0.1581027997318773,3.760291077158967,3.984377309254994
1985/07/01,317.2,0.2209248176462028,2.049908460229649,3.374305262190757
1985/08/01,330.4,4.077155188613014,2.244750576593296,3.652224449785949
1985/09/01,323.35,-2.156871375422111,3.146095850702144,3.651192407619641
1985/10/01,325.85,0.7701824885787536,3.118942127352071,3.663215276235344
1985/11/01,321.5,-1.343960910071533,1.510963823606983,3.666408909034508
1985/12/01,321.9,0.1243394627088343,1.083406780240551,3.087805749496758
1986/01/01,347.48,7.64661710869574,4.823053321972877,3.283728077693219
1986/02/01,338.89,-2.503153844333218,5.267925468670668,3.386712433939857
1986/03/01,345.7,1.989577597919118,5.086003379171115,3.205814479051404
1986/04/01,340.44,-1.533244831881849,2.364164305364044,3.085304254295488
1986/05/01,342.4,0.5740745658826649,1.772696709809034,2.856798591367194
1986/06/01,342.7,0.08757846129760803,1.103369207751342,2.858016646282311
1986/07/01,348.34,1.632358542307573,0.7898300379636777,2.867208308662971
1986/08/01,376.66,7.81639094629623,4.089888847318809,3.409895054472946
1986/09/01,417.73,10.34923670391939,4.484074213069253,4.156147305595525
1986/10/01,423.51,1.37418357584229,4.627254803294043,4.141759453472529
1986/11/01,397.56,-6.323126046441313,8.344337738378046,4.734395807955205
1986/12/01,390.92,-1.684293062916973,3.875599442240466,4.819556076884165
1987/01/01,408.26,4.3401290874803,5.346610199405708,4.529395304213107
1987/02/01,401.12,-1.76435919354547,3.501543707296608,4.477077780496335
1987/03/01,408.91,1.923444851875154,3.074221813327264,4.476333251367559
1987/04/01,438.35,6.952259510585971,4.3754679213066,4.638252843985522
1987/05/01,460.23,4.870868649019706,2.526805355590653,4.674906328686089
1987/06/01,449.59,-2.339030818554983,4.875840341786098,4.836752877704038
1987/07/01,450.52,0.2066414840253808,3.656458050521214,4.871023683311502
1987/08/01,461.15,2.332089850223211,2.338708565703992,4.536150913060641
1987/09/01,460.38,-0.1671134264098962,1.348038111997081,3.637183411417016
1987/10/01,465.35,1.07375752140906,1.249611804842635,3.633980578568465
1987/11/01,467.57,0.4759259508533176,0.6205727108357291,2.875924165185835
1987/12/01,486.24,3.915325902823028,1.837633690493152,2.791584077926994
1988/01/01,476.58,-2.006672929538731,2.973853824053504,2.870487582950489
1988/02/01,442.07,-7.516735929404296,5.717267735682385,3.767107768306017
1988/03/01,443.61,0.3477557474453138,4.036383653567621,3.75220324002518
1988/04/01,451.55,1.774031064330202,5.003379556970412,3.225996636615513
1988/05/01,451.07,-0.1063570595039593,0.9811845916412889,2.878766428888187
1988/06/01,451.33,0.05762411506970205,1.041537496311706,2.796375615002228
1988/07/01,437.63,-3.082497473584864,1.767515449318298,2.935460110088159
1988/08/01,431.28,-1.461627337320335,1.570334813861699,2.835635218318209
1988/09/01,413.46,-4.219675654624166,1.386075078212264,3.020162170382327
1988/10/01,406.78,-1.628827583982225,1.546354862691273,2.960111915921116
1988/11/01,420.17,3.238689253082442,3.786652457003085,3.193820887284009
1988/12/01,419.05,-0.2669146743258553,2.511201101347582,2.829048074539826
1989/01/01,404.01,-3.655061441485513,3.447042114879791,2.908597924153816
1989/02/01,387.51,-4.169797521802627,2.120416086106739,2.37844039061163
1989/03/01,390.15,0.6789625650736444,2.663305956322392,2.398575826264997
1989/04/01,384.4,-1.484760346663281,2.429046309793838,2.225524945397684
1989/05/01,371.05,-3.534685267999482,2.10708001283968,2.27209000844412
1989/06/01,367.6,-0.9341433934610543,1.37041290939964,2.22272748948472
1989/07/01,375.04,2.003729646706114,2.77091909567929,2.413940750179716
1989/08/01,365.14,-2.675184526322904,2.364831215436888,2.447151297632176
1989/09/01,361.75,-0.9327476173770959,2.364713617005399,2.279513970085906
1989/10/01,366.88,1.408145359800101,2.048961089233514,2.383311646483329
1989/11/01,394.26,7.197577102823717,4.185281350431818,3.152252206337196
1989/12/01,409.39,3.765765680178582,2.911277586753156,3.388967305030472
1990/01/01,410.11,0.1757169457617363,3.511227221865576,3.208987574639451
1990/02/01,416.81,1.620506607656835,1.806377755382422,2.927491499265443
1990/03/01,393.06,-5.866821050196281,3.971980153856217,3.472124992813396
1990/04/01,374.24,-4.906496913597109,4.07398398110594,3.740800373625135
1990/05/01,369.05,-1.396516661980756,2.353217837252106,3.617624827165796
1990/06/01,352.33,-4.636389979662408,1.953189623714678,3.850703369428796
1990/07/01,362.53,2.853899307167603,3.756488799970343,3.905448740826083
1990/08/01,394.73,8.509475738329074,6.594236926344246,4.562014641290726
1990/09/01,389.32,-1.380035931611132,4.961756971153865,4.577915854111549
1990/10/01,380.74,-2.22849000806501,5.96973231896353,4.640370214399277
1990/11/01,381.73,0.2596824940885911,1.26488163055561,4.105454829294428
1990/12/01,376.95,-1.26009997608179,1.254227545221453,3.908021203806565
1991/01/01,383.64,1.759206020203952,1.509664325891478,3.966137009904155
1991/02/01,363.83,-5.301788728390714,3.542812054226307,4.121172896492641
1991/03/01,363.34,-0.1347690565244329,3.654743053448977,3.845570568556977
1991/04/01,358.38,-1.374515903832929,2.697484518749919,3.61910101626788
1991/05/01,356.95,-0.3998160023800115,0.6528478672719904,3.604579991826818
1991/06/01,366.72,2.700289813785066,2.127782006599193,3.415328511781509
1991/07/01,367.69,0.2641577767322029,1.632291668826532,3.322144763306301
1991/08/01,356.31,-3.14390533993835,2.935536592174371,2.138483743795616
1991/09/01,348.74,-2.147447956491096,1.752315788547192,2.166951552897202
1991/10/01,358.69,2.813184681031982,3.190812984163244,2.368955896662511
1991/11/01,360.17,0.4117636510885233,2.480734541081286,2.373774788600668
1991/12/01,361.73,0.4321934972392649,1.38060127957385,2.373775627952692
1992/01/01,354.45,-2.033078488191892,1.417464663096588,2.320229578589595
1992/02/01,353.91,-0.1524648779165629,1.288157529765078,1.801880338155089
1992/03/01,344.34,-2.741310217353476,1.337934971318773,1.941040581479592
1992/04/01,338.62,-1.675100664824038,1.301111239223288,1.955972020793392
1992/05/01,337.24,-0.4083691645610861,1.167905922257573,1.955944634014116
1992/06/01,340.81,1.053029419320108,1.365222098581962,1.761060287510633
1992/07/01,352.72,3.434940380200619,1.939940458853817,2.10795287777885
1992/08/01,343.06,-2.776918206800325,3.133932187877401,2.065919642145586
1992/09/01,345.43,0.6884658778490954,3.112854963724471,1.998446404156129
1992/10/01,344.38,-0.3044318902130121,1.784559769134214,1.778785373682679
1992/11/01,335.02,-2.755546732249922,1.772711332262712,1.888799131845206
1992/12/01,334.82,-0.05971575479018599,1.490824973787995,1.869524464857774
1993/01/01,329.01,-1.75049285474115,1.362373245323756,1.85213855678106
1993/02/01,329.31,0.09114109271076612,1.022505141516194,1.859058856561223
1993/03/01,330.08,0.233549295560685,1.10667060341813,1.742290733801441
1993/04/01,342.15,3.591418807556505,1.981056613564016,2.020007522720597
1993/05/01,367.18,7.060295363355289,3.413523450754598,2.838475990121795
1993/06/01,371.89,1.274592058880836,2.911905260310823,2.841637433864637
1993/07/01,392.19,5.314830462101042,2.967730243911764,3.048750139994117
1993/08/01,378.84,-3.463246388397782,4.393655894215144,3.129050594020355
1993/09/01,355.28,-6.420774137405381,6.103633056021746,3.765828127080975
1993/10/01,364.18,2.474203991985059,4.529917646933384,3.814798979073914
1993/11/01,373.83,2.615289771918856,5.176726637767415,3.716283884833534
1993/12/01,383.3,2.501682376362357,0.07479627801734104,3.728846483976376
1994/01/01,386.88,0.929659503991841,0.942117468943556,3.619496555168807
1994/02/01,381.91,-1.292958867262694,1.90659340637139,3.684732374478332
1994/03/01,384.13,0.5796058208292826,1.195064051032515,3.677530321094121
1994/04/01,377.27,-1.801992547751163,1.254168023577398,3.696716266074779
1994/05/01,381.43,1.09662361657383,1.546032225754385,3.13956973597206
1994/06/01,385.64,1.097694414585937,1.673826021138443,3.135078316199567
1994/07/01,385.49,-0.03890394664761879,0.6559064755742637,2.70892445339532
1994/08/01,380.36,-1.339707965845995,1.219622707729411,2.536206841073306
1994/09/01,391.58,2.907166415788342,2.175904550992028,1.654406811085276
1994/10/01,389.77,-0.4633015262329997,2.242174703606946,1.602396463233722
1994/11/01,384.39,-1.389915937720249,2.26140019930879,1.553086904236681
1994/12/01,379.29,-1.335657819767842,0.5200262355253461,1.433778194608656
1995/01/01,378.55,-0.1952919442600408,0.674599234006849,1.397535115216592
1995/02/01,376.64,-0.5058340477403805,0.589558905832306,1.35854840004113
1995/03/01,382.12,1.444487132989577,1.047939607692331,1.420331293967353
1995/04/01,391.03,2.304958798295381,1.44018058000392,1.452581686938573
1995/05/01,385.22,-1.496968372868499,1.993624095066143,1.514662028301641
1995/06/01,387.56,0.6056075860726908,1.904524018420046,1.49115421537693
1995/07/01,386.23,-0.343762858075032,1.052933431156924,1.495237847073097
1995/08/01,383.67,-0.6650238822714649,0.6606836376352933,1.451677381934774
1995/09/01,383.06,-0.1591173238823301,0.256009135509125,1.144712629103783
1995/10/01,383.14,0.02088227624398209,0.3556235275669079,1.142477697775701
1995/11/01,385.31,0.5647747460594816,0.3768816356388548,1.086505414042068
1995/12/01,387.44,0.5512792997423769,0.3101940651505958,1.006048533684915
1996/01/01,399.45,3.05276028330773,1.440350725330789,1.292799444775041
1996/02/01,404.76,1.320569793350834,1.281255820682148,1.277740526042714
1996/03/01,396.21,-2.134992513773658,2.641154224814759,1.466548173028095
1996/04/01,392.85,-0.8516514101991932,1.746731242621207,1.353296392355374
1996/05/01,391.93,-0.2344607205715387,0.9695282213923572,1.269539773258608
1996/06/01,385.27,-1.713886522205612,0.7430875271773092,1.365780760828722
1996/07/01,383.47,-0.4682996304516208,0.7952848591566036,1.368691029064796
1996/08/01,387.35,1.006728618836882,1.361919098599272,1.386448583063324
1996/09/01,383.14,-1.092821944095666,1.078103970152182,1.426676936518048
1996/10/01,381.07,-0.5417372351877848,1.088542865775267,1.43520986086931
1996/11/01,377.85,-0.8485793818348233,0.2761342935871737,1.438595969405568
1996/12/01,369,-2.370064742620179,0.9791025891495029,1.549643263274133
1997/01/01,355.11,-3.836904340661522,1.49424575003641,1.422632076618883
1997/02/01,346.58,-2.431392842181266,0.8297431444465656,1.275635513844318
1997/03/01,351.81,1.497758492898356,2.765029244392717,1.473418907499367
1997/04/01,344.47,-2.108425320788265,2.181249639233079,1.506941361344486
1997/05/01,343.84,-0.1830571038999961,1.804473401445145,1.509681019874417
1997/06/01,340.76,-0.8998015719560604,0.9730995811779498,1.49738156690983
1997/07/01,324.1,-5.012630702713791,2.606206286209134,1.872085942404996
1997/08/01,324.01,-0.02777306339311116,2.662223471174928,1.772251687659611
1997/09/01,322.82,-0.3679487168437128,2.785007358139853,1.79909396416606
1997/10/01,324.87,0.6330209963264208,0.5089709604099354,1.881740136013478
1997/11/01,306.04,-5.970928994474653,3.559201311137213,2.29770458098673
1997/12/01,288.74,-5.818918316198264,3.769676900827871,2.579806012866799
1998/01/01,289.1,0.1246019820631865,3.476205754077438,2.582973351017057
1998/02/01,297.49,2.860796195306142,4.437522512800148,2.883609233242667
1998/03/01,295.94,-0.5223879900973688,1.795888360905896,2.76363338620762
1998/04/01,308.29,4.088416735263962,2.387903810105698,3.175828977062884
1998/05/01,299.1,-3.02629327911255,3.608974011646537,3.221203628271612
1998/06/01,292.32,-2.292887300620582,3.913183361330263,3.235977853582025
1998/07/01,292.87,0.187973192278463,1.684441651488802,3.032133582522454
1998/08/01,284.11,-3.036733743816851,1.688525547135859,3.082463179290666
1998/09/01,288.98,1.699599445115281,2.419249223366114,3.18294844591549
1998/10/01,295.93,2.376545830477011,2.949426617573323,3.298134329333436
1998/11/01,294.12,-0.6135092542213849,1.56786254037839,2.865438933064915
1998/12/01,291.68,-0.8330536397668564,1.793049446526949,2.303792225700149
1999/01/01,287.08,-1.589638836848185,0.5120953458984008,2.353682339843178
1999/02/01,287.33,0.08704584383467959,0.8396701473993162,2.169963573295276
1999/03/01,285.96,-0.4779440101566837,0.8530680357041642,2.169567983055177
1999/04/01,282.62,-1.17487017440509,0.6321064850450233,1.682116211726745
1999/05/01,276.44,-2.21094399314065,0.8720133769333482,1.594892317413263
1999/06/01,261.31,-5.628635724138782,2.33059696565763,2.112675319102207
1999/07/01,256.08,-2.021754632019828,2.030024654824742,2.102219059845294
1999/08/01,256.69,0.2379235476940403,2.958948416202572,2.042286084015668
1999/09/01,264.74,3.087908114707682,2.560508116676078,2.230257976743655
1999/10/01,310.72,16.01439728173353,8.407473438339345,5.308155200312068
1999/11/01,293.18,-5.81054302410751,10.97424693094885,5.602768294168873
1999/12/01,283.07,-3.509253798124993,11.99164224882764,5.690361909850061
2000/01/01,284.32,0.4406147525706168,3.16160210490186,5.677066935529671
2000/02/01,299.86,5.321533466041589,4.423566298064845,5.888282662325117
2000/03/01,286.39,-4.596118079096868,4.959029765251366,6.058824381949327
2000/04/01,279.69,-2.367267129907643,5.203288116322164,6.089767068828849
2000/05/01,275.19,-1.622007878703804,1.547499024732437,6.073443812061767
2000/06/01,285.73,3.758554078465064,3.342442814354626,5.889627852568213
2000/07/01,281.59,-1.459519668461705,3.060641082675478,5.867817277080008
2000/08/01,274.47,-2.561014693015382,3.375858764199917,5.946911466787677
2000/09/01,273.68,-0.2882424690204409,1.136564644679224,5.89599142165719
2000/10/01,270,-1.353758167097453,1.137122509112464,3.194277944072629
2000/11/01,266.01,-1.488805693834942,0.6576363729425198,2.848494532513399
2000/12/01,271.45,2.024405829143484,1.990514381810366,2.819640685382844
2001/01/01,265.49,-2.220078516222973,2.269106377116008,2.856253177972428
2001/02/01,261.87,-1.372897777386216,2.24629451754273,2.172684147952762
2001/03/01,263.03,0.4419896698151065,1.360033006791839,1.913040439816248
2001/04/01,260.48,-0.974201129934359,0.9537969598742223,1.844300125479793
2001/05/01,272.36,4.459863780059043,2.818923263502214,2.31213376546732
2001/06/01,270.23,-0.7851272384410314,3.08422710919638,1.972355765097557
2001/07/01,267.53,-1.004173864987286,3.093369780547579,1.955789129293911
2001/08/01,272.39,1.800315330148941,1.559789213628605,1.928178903015173
2001/09/01,283.42,3.969503351475227,2.493591832780521,2.248223629334094
2001/10/01,283.06,-0.1271007091031535,2.049490753389636,2.193850142808229
2001/11/01,276.16,-2.467848141062964,3.258342053045179,2.286470098965969
2001/12/01,275.85,-0.1123168176623314,1.355719053933659,2.223324252851403
2002/01/01,281.51,2.031073120902919,2.250294083211925,2.151661212430364
2002/02/01,295.5,4.85008659186839,2.488855325149444,2.398117494770481
2002/03/01,294.06,-0.4885008696641781,2.670692985221206,2.432833693511586
2002/04/01,302.68,2.889231367680966,2.700448862746565,2.413591563092794
2002/05/01,314.49,3.827613730627023,2.270039712175925,2.343051685213928
2002/06/01,321.18,2.104943450075398,0.8624830329041245,2.267943791249848
2002/07/01,313.29,-2.48724344737779,3.264281303626527,2.446582964985744
2002/08/01,310.26,-0.9718623523381906,2.339917887095923,2.526257609597839
2002/09/01,319.14,2.821922234609601,2.734849831165547,2.426896328403809
2002/10/01,316.56,-0.8117080905112272,2.145604818358541,2.463296446772772
2002/11/01,319.07,0.7897717371853026,1.821063911670737,2.222248840868611
2002/12/01,331.92,3.948346157559063,2.422101238323489,2.311047176606287
2003/01/01,356.859,7.244676975538623,3.227697602180263,2.840723444635773
2003/02/01,358.97,0.5898073756882731,3.3274832582074,2.712248511043146
2003/03/01,340.55,-5.267686184955395,6.260414683603648,3.330626643155855
2003/04/01,328.18,-3.699971934032312,3.032330383045212,3.565835303526309
2003/05/01,355.683,8.047764638121963,7.277456895132491,4.076646935785934
2003/06/01,356.352,0.1879121663566228,5.984733887493839,4.068063411442424
2003/07/01,351.02,-1.507580449224629,5.098310109334984,4.003978107629642
2003/08/01,359.768,2.461617736258866,1.991605987795579,3.97692952268484
2003/09/01,378.945,5.193169655604227,3.369370912872994,4.119376036788846
2003/10/01,378.92,-0.006597481084107596,2.600994698283255,4.085942925084361
2003/11/01,389.91,2.859084225427299,2.604408592949694,4.096967245524165
2003/12/01,406.953,4.278175639728259,2.182705995700895,4.114703352735027
2004/01/01,413.788,1.665606571538455,1.307907137920207,3.728078647570331
2004/02/01,404.878,-2.176797821588206,3.246954240584034,3.854889475728727
2004/03/01,406.667,0.4408881572595942,1.962833266753608,3.326777778341365
2004/04/01,403.26,-0.8413153521058185,1.308933353891554,3.009459740367748
2004/05/01,383.779,-4.95146491312204,2.817056587084103,2.859259547950222
2004/06/01,392.373,2.214605190571571,3.595936143948459,2.890231756860989
2004/07/01,398.091,1.446770438121675,3.934453510294761,2.799990245091086
2004/08/01,400.51,0.6058112620071023,0.8046738933201228,2.765896337130656
2004/09/01,405.275,1.182711404192424,0.4300684603143948,2.419844940429325
2004/10/01,420.464,3.679301435418752,1.633611408512283,2.570648116375585
2004/11/01,439.375,4.399439918310509,1.688140177438847,2.713647609490116
2004/12/01,442.079,0.6135336573597712,2.010415285466796,2.509113155217093
2005/01/01,424.03,-4.168439169258513,4.293578584941761,2.845531335138367
2005/02/01,423.35,-0.1604947357655659,2.566774975523618,2.750113980582187
2005/03/01,433.85,2.44995921512125,3.333698786283964,2.815090653464873
2005/04/01,429.233,-1.069895720656745,1.827149818247951,2.826033234658652
2005/05/01,421.873,-1.729557415811518,2.246956889855608,2.376181777824688
2005/06/01,430.657,2.06076287272767,2.024956981851577,2.368190477658851
2005/07/01,424.479,-1.444941503903424,2.110983076015857,2.439753936325747
2005/08/01,437.93,3.119654568963564,2.389098578582841,2.551754431367744
2005/09/01,456.048,4.053898687980919,2.942379786222731,2.725302519845008
2005/10/01,469.898,2.991758274248036,0.5798436275704156,2.670146659738799
2005/11/01,476.666,1.430038610848302,1.319832834737248,2.447314427398009
2005/12/01,510.097,6.778486772835506,2.750278130496599,3.013859341947422
2006/01/01,549.864,7.507007121048072,3.318287357286958,3.010407643883301
2006/02/01,554.995,0.9288129774541718,3.606061184564654,2.949703125501737
2006/03/01,557.093,0.3773087181876612,3.966723972720887,2.99762756134714
2006/04/01,610.653,9.179668452414754,4.930556255086194,3.444342403610302
2006/05/01,675.393,10.0765867266285,5.359757350950139,3.668817648256086
2006/06/01,596.145,-12.48108176030694,12.7726333080733,6.000191060425983
2006/07/01,633.71,6.110751047657868,12.0432035283972,5.920480201329059
2006/08/01,632.593,-0.1764191176534948,9.456827151115114,6.007422285721168
2006/09/01,598.186,-5.592550298811212,5.857050566985543,6.489123682762464
2006/10/01,585.78,-2.095744991238023,2.746086188851041,6.6022374454123
2006/11/01,627.827,6.93203583446037,6.462632742745756,6.760561311712628
2006/12/01,629.791,0.3123367503705596,4.674756683062315,6.627129934340081
2007/01/01,631.166,0.2180884114188774,3.849380658250086,6.381644443714093
2007/02/01,664.745,5.183460604203745,2.839942821069291,6.485633497142635
2007/03/01,654.895,-1.492859102870521,3.46784052018451,6.537423884726975
2007/04/01,679.368,3.668803679306964,3.500242684636815,6.117305789465949
2007/05/01,667.31,-1.790824867373519,3.069720132234083,5.415970253747935
2007/06/01,655.66,-1.761234365971771,3.143610785881819,3.844233916367982
2007/07/01,665.38,1.471594412306393,1.875074979116956,3.476517202893021
2007/08/01,665.411,0.004658883326612573,1.618716607056506,3.474149722764657
2007/09/01,712.653,6.858973107484283,3.609186716674756,3.372611475343063
2007/10/01,754.604,5.719848240553283,3.672932941009289,3.378356726710486
2007/11/01,806.248,6.619827914896224,0.6006606501495217,3.338819678915472
2007/12/01,803.203,-0.3783903496500187,3.807307364255893,3.377872384060704
2008/01/01,889.595,10.21588189866754,5.387412297876983,4.056079962704064
2008/02/01,922.298,3.610207877058234,5.350739038758025,3.999177704986506
2008/03/01,968.434,4.881195215897391,3.504977891004399,3.806112170242654
2008/04/01,909.705,-6.255996277610327,6.096370882201808,4.685867319134896
2008/05/01,888.663,-2.340228509985445,5.649767431817777,4.733331657766298
2008/06/01,889.488,0.09279302592384837,3.203122347149134,4.614375538959868
2008/07/01,939.772,5.499127636201459,4.012554309066345,4.675532067192874
2008/08/01,839.025,-11.33967892506735,8.59724059641924,6.205665217130064
2008/09/01,829.932,-1.089673367756186,8.48548092334284,6.054321304927979
2008/10/01,806.62,-2.849109215403661,5.480997512946495,5.986671560142232
2008/11/01,760.863,-5.839936219570455,2.401584818134535,5.919389545153358
2008/12/01,816.092,7.007377833309437,6.722460629407788,6.302793165017398
2009/01/01,858.69,5.088087839307868,6.930113783166698,5.702240113189583
2009/02/01,943,9.365831053348346,2.142625440802908,6.273953200840184
2009/03/01,924.273,-2.005880008441783,5.743681735945658,6.118379098781612
2009/04/01,890.2,-3.756132596728564,7.124665215872525,5.940424326624158
2009/05/01,928.645,4.228037787730037,4.19666716852586,6.025342015254462
2009/06/01,945.67,1.816713652566885,4.095079896069826,6.038753172267949
2009/07/01,934.228,-1.21731511971716,2.728604129175163,5.84240205226348
2009/08/01,949.375,1.608335356248566,1.694749377624331,4.639500578638778
2009/09/01,996.591,4.853658175209493,3.037903267038675,4.7093909828463
2009/10/01,1043.159,4.566843315066762,1.79662425610073,4.567666575599387
2009/11/01,1127.036,7.733756848887049,1.751502805441245,4.06398532737838
2009/12/01,1134.724,0.6798271796607741,3.533085515192788,3.944296932009576
2010/01/01,1117.963,-1.488117018304345,4.821840303007901,4.044990855451578
2010/02/01,1095.413,-2.037681826519005,1.436828609738928,3.512654412503577
2010/03/01,1113.337,1.623035062034243,1.974087843518329,3.359897078080839
2010/04/01,1148.688,3.125860979460641,2.655858561288317,2.931752425745564
2010/05/01,1205.434,4.821924655067045,1.60041725591655,2.975182735172932
2010/06/01,1232.92,2.254567160307796,1.305571995774339,2.973088097180196
2010/07/01,1192.966,-3.294269654783475,4.148363624805524,3.239310020017102
2010/08/01,1215.81,1.896787820690266,3.1054971091609,3.236906716344537
2010/09/01,1270.977,4.437537472049904,3.940882472050865,3.206358281753499
2010/10/01,1342.024,5.439302608899496,1.82612308844775,3.278278537165008
2010/11/01,1369.886,2.05486025537513,1.738540295410544,2.759882660868819
2010/12/01,1390.553,1.497398505226551,2.133222195403041,2.744446392351506
2011/01/01,1360.46,-2.187863189776674,2.305523064135937,2.824477574959965
2011/02/01,1374.68,1.039809890719689,2.008665171008857,2.59062899609702
2011/03/01,1423.26,3.472903823624995,2.839662620245492,2.62791249365504
2011/04/01,1480.89,3.969324339124292,1.567824092915596,2.670342111949118
2011/05/01,1512.58,2.117354369797446,0.9586223115551817,2.531816589327351
2011/06/01,1529.36,1.103254515254512,1.453303565304955,2.538611749861877
2011/07/01,1572.75,2.797633222937614,0.8526524338852529,1.974739292859358
2011/08/01,1759.01,11.19254713195823,5.402766640811433,3.227017909401467
2011/09/01,1772.14,0.7436705046443478,5.535828230127088,3.261519383108997
2011/10/01,1666.43,-6.150424215099147,8.731993089805574,4.025693449130104
2011/11/01,1739,4.262662168910971,5.296920683737377,4.088156578666538
2011/12/01,1639.97,-5.863228638627889,5.93083066113284,4.67811394644708
2012/01/01,1654.05,0.8548876904793125,5.152340545057588,4.548110904972231
2012/02/01,1744.82,5.342457258074694,5.639721684193632,4.665577848015731
2012/03/01,1675.95,-4.027122979208745,4.686173681264344,4.942550109708715
2012/04/01,1649.2,-1.608984682871169,4.864136985828814,4.937347320304427
2012/05/01,1589.04,-3.716026154804461,1.315535240805964,5.091053850484465
2012/06/01,1598.76,0.6098268475420546,2.163167144484014,5.086944908413957
2012/07/01,1594.29,-0.279983271170243,2.28440936726343,5.030685660071115
2012/08/01,1630.31,2.234168471877559,1.274833763475396,3.734938867560923
2012/09/01,1744.81,6.787548641971133,3.582462777283775,4.301953531040153
2012/10/01,1746.58,0.101392290843231,3.415325557042255,3.862638713107901
2012/11/01,1721.64,-1.438226519703882,4.372994585024988,3.689949889881128
2012/12/01,1684.762,-2.165301737883487,1.157365274704121,3.296870525021182
2013/01/01,1671.84782608696,-0.7694810122646496,0.6981134607732757,3.301980238672003
2013/02/01,1627.57,-2.684139248634114,0.9902376838184922,2.933497373160698
2013/03/01,1593.08619047619,-2.141496970377167,0.9868134401161791,2.778450169884764
2013/04/01,1487.85727272727,-6.833612228025833,2.566727236511897,3.334896927774679
2013/05/01,1414.02695652174,-5.089538163344082,2.371662103869471,3.463018341061445
2013/06/01,1343.35,-5.127513714946144,0.9961600124098471,3.617330177884459
2013/07/01,1285.51565217391,-4.400657056936141,0.4091291406914259,3.690947759381184
2013/08/01,1351.74181818182,5.023407290972433,5.662486301723135,4.039082902054171
2013/09/01,1348.6,-0.2326979183425732,4.722490765579368,3.124807736724838
2013/10/01,1316.58,-2.402955202464836,3.818540701511617,3.043604573747608
2013/11/01,1275.86,-3.141700425888217,1.512065737841354,3.036666743132705
2013/12/01,1221.5119047619,-4.353110334790038,0.9845780409774086,3.080295519786019
2014/01/01,1244.27,1.845965488055331,3.285647229336627,3.311575070070246
2014/02/01,1299.58,4.349212277635472,4.480052164831355,3.847617658187144
2014/03/01,1336.08,2.769881821740346,1.265842971443034,4.07144594078363
2014/04/01,1298.45,-2.856870815035775,3.787749187905364,3.74347497907521
2014/05/01,1288.74,-0.7506248548777292,2.842844366131116,3.5302292399874
2014/06/01,1279.1,-0.750829123887955,1.215982708982026,3.254805369655243
2014/07/01,1310.59,2.432071187785261,1.837589387202564,3.086203716376798
2014/08/01,1295.13,-1.186634128752303,1.975508734657587,2.692250207856362
2014/09/01,1236.55,-4.628583233520941,3.53069593387443,2.959655384339551
2014/10/01,1222.49,-1.14354815039967,1.999764134922465,2.916679511661381
2014/11/01,1175.33,-3.934080314565906,1.844580963898857,2.987129637236336
2014/12/01,1200.62,2.128913080568035,3.034687275949799,2.846052829556349
2015/01/01,1250.75,4.09052813518224,4.183343226489535,3.054810459277814
2015/02/01,1227.08,-1.910600810880773,3.059933406927114,2.774261157157603
2015/03/01,1178.63,-4.028461625124971,4.211430433628594,2.744621191148711
2015/04/01,1198.93,1.707674532997544,2.900589276829461,2.786648558711605
2015/05/01,1198.63,-0.02502544266384671,2.942023354122561,2.792476401207762
2015/06/01,1181.5,-1.439442028463147,1.576238462038676,2.802823119263774
2015/07/01,1128.31,-4.606387963076226,2.345883038231895,2.832900475816378
2015/08/01,1117.93,-0.9242177048154567,1.99388149377287,2.834429418936158
2015/09/01,1124.77,0.6099809344416016,2.680878206561819,2.660849837972047
2015/10/01,1159.25,3.019467397910837,1.987965571122233,2.873396171985244
2015/11/01,1086.44,-6.486694829368386,4.941921896820419,3.227973326160687
2015/12/01,1075.74,-0.9897499142495458,4.772444292451661,3.106695010335615
2016/01/01,1097.91,2.039957566147468,4.322409279760916,2.852306094620752
2016/02/01,1199.5,8.849643078288356,5.039255875170431,4.021344264829697
2016/03/01,1245.14,3.734317009625089,3.545166462633984,3.971710530970701
2016/04/01,1242.26,-0.2315672016531974,4.552713083326024,3.95563653893344
2016/05/01,1260.95,1.4933103748748,1.988531743450821,3.96870121376215
2016/06/01,1276.4,1.217821029587231,0.9266267927482411,3.929311552368613
2016/07/01,1336.66,4.613034968480681,1.885738299719407,3.704311469838054
2016/08/01,1340.17,0.2622506480934763,2.286551867163405,3.651744315404372
2016/09/01,1326.61,-1.016965543954609,2.951345005206548,3.717840707408862
2016/10/01,1266.55,-4.633014758902466,2.538891798792439,4.051529634590157
2016/11/01,1238.35,-2.251682019787848,1.838073371540476,3.513788034967939
2016/12/01,1157.36,-6.763829902204617,2.257232719581722,4.160417366594628
2017/01/01,1192.1,2.957490840262107,4.864823350280251,4.197365046461088
2017/02/01,1234.2,3.470652916301064,5.766455451668806,3.470572838919423
2017/03/01,1231.42,-0.2255011865610355,2.002345654110356,3.291515195211534
2017/04/01,1266.88,2.838920989640974,1.977006308085695,3.397351945943323
2017/05/01,1246.04,-1.658666235691709,2.297568866632842,3.407028035074054
2017/06/01,1260.26,1.134752630395483,2.27067059138705,3.404192236910103
2017/07/01,1236.84,-1.875830902810213,1.678985937228421,3.087031515210741
2017/08/01,1283.04,3.667252222201682,2.774975613217125,3.325463774487846
2017/09/01,1314.07,2.389692901744329,2.90266032216711,3.40892649867889
2017/10/01,1279.51,-2.665199895390932,3.348732318092416,3.211567796848081
2017/11/01,1281.9,0.1866160195836392,2.534375102207711,3.126302460933226
2017/12/01,1264.45,-1.370610731052795,1.427922165842185,2.298416577277524
2018/01/01,1331.3,5.151866343031027,3.40640017979245,2.563149004940434
2018/02/01,1330.73,-0.04282446168608627,3.446992314943552,2.443206937999237
2018/03/01,1324.66,-0.4571841102654272,3.12564535903141,2.451462182111519
2018/04/01,1334.76,0.7595677673581929,0.6186022334399098,2.350879050180578
2018/05/01,1303.45,-2.373690502028526,1.579598538872491,2.416902350794725
2018/06/01,1281.57,-1.69287065712357,1.647992580372164,2.473316524518282
2018/07/01,1237.71,-3.482299078477688,0.9031964267848781,2.630793080991796
2018/08/01,1201.71,-2.951735558853146,0.9190840154117005,2.483078218892502
2018/09/01,1198.39,-0.2766553158248,1.718221167760001,2.309776326849167
2018/10/01,1215.39,1.408602365459338,2.198813868625707,2.304941527392524
2018/11/01,1220.65,0.4318490808554019,0.8461795427514189,2.311966875061918
2018/12/01,1250.4,2.407999637525873,0.9880969005304027,2.423567983095276
2019/01/01,1291.75,3.253438806002699,1.448062325274695,2.088926620710833
2019/02/01,1320.07,2.168687731009594,0.5699009374287651,2.203409469876722
2019/03/01,1300.9,-1.462843286987656,2.47008836582943,2.238444128404682
2019/04/01,1285.91,-1.158969370687482,2.014681888791949,2.236022150302377
2019/05/01,1283.7,-0.1720105809757711,0.6748674048169018,2.139607709140157
2019/06/01,1359.04,5.703203503402548,3.709933618987513,2.651610506240817
2019/07/01,1412.89,3.885868398007958,3.007968008214575,2.496965519615584
2019/08/01,1500.41,6.010115196989909,1.148138067767735,2.514088712020543
2019/09/01,1510.58,0.6755278944540174,2.685657346601274,2.455204922821894
2019/10/01,1494.81,-1.049457457229832,3.680375030983194,2.600815518097471
2019/11/01,1470.79,-1.61994370640643,1.195144265655772,2.756314885164583
2019/12/01,1479.13,0.5654405692859044,1.133523608707695,2.755705563293789
2020/01/01,1560.67,5.366113914392889,3.573685541099723,2.945817542985788
2020/02/01,1597.1,2.307426844241335,2.430245095378421,2.948626175903309
2020/03/01,1591.93,-0.3242368073883671,2.84784455057086,2.858486218610377
2020/04/01,1683.17,5.573180360225936,2.954384562288899,2.910295792888117
2020/05/01,1715.91,1.926463192939963,2.976119560729128,2.813395918505119
2020/06/01,1732.22,0.9460270721103944,2.438248983626132,2.638152692405191
2020/07/01,1846.51,6.389354808804244,2.901392579751971,2.886275624083907
2020/08/01,1968.63,6.404049840613357,3.146957401854381,2.935001179690854
2020/09/01,1921.92,-2.401318298040821,5.079544888940909,3.208022008446592
2020/10/01,1900.27,-1.132870503321751,4.760053153344259,3.215328620905492
2020/11/01,1866.3,-1.803812013260947,0.634578085297289,3.234528011936974
2020/12/01,1858.42,-0.4231196845033905,0.6904370646266594,3.286136872848929
2021/01/01,1866.98,0.4595487767504364,1.140775831392978,3.116855900403812
2021/02/01,1808.17,-3.200686803097862,1.910118112001441,3.38050742476876
2021/03/01,1718.23,-5.102059289634875,2.826777497334739,3.80924592121519
2021/04/01,1760.04,2.404184486243746,3.902424355994642,3.535909351103899
2021/05/01,1850.26,4.998963369135029,5.24574798967375,3.762664050701279
2021/06/01,1834.57,-0.8516048134544667,2.931501022634867,3.784580259314152
2021/07/01,1807.84,-1.467735914253376,3.569009321326097,3.32014335730935
2021/08/01,1785.28,-1.255749680377254,0.3130199062316402,2.597736816644424
2021/09/01,1775.14,-0.5695972618541083,0.469467134762136,2.549397026604918
2021/10/01,1776.85,0.09628406229218109,0.676042197968889,2.553449745337127
2021/11/01,1821.76,2.496093310117278,1.612500183300607,2.662359285626265
2021/12/01,1790.43,-1.734725231326535,2.121772254110885,2.698965843234522
2022/01/01,1816.02,1.419147886700102,2.198732688779836,2.737794852541658
2022/02/01,1856.3,2.193796589872498,2.080876416223612,2.647163659580635
2022/03/01,1947.83,4.813067318530281,1.778545701459661,2.368029312411832
2022/04/01,1936.86,-0.5647827322144264,2.689225731028141,2.368230951934452
2022/05/01,1848.5,-4.66936057016494,4.755440201502438,2.452148334301965
2022/06/01,1836.57,-0.6474797861873635,2.346270909019148,2.446465181234479
2022/07/01,1732.74,-5.819573090636304,2.715666371037424,2.954982135434738
2022/08/01,1764.56,1.819739689588256,3.898649784341438,3.002608880364285
2022/09/01,1680.78,-4.864339614000535,4.162300783734294,3.304775411747785
2022/10/01,1664.45,-0.9763232851194811,3.356872434991637,3.303009021447583
2022/11/01,1725.07,3.577289083913846,4.225185432903302,3.406614021813243
2022/12/01,1797.55,4.115699726774456,2.797438411041294,3.618767051402132
2023/01/01,1897.71,5.422326946284141,0.9487997175983652,3.929349034359672
2023/02/01,1854.54,-2.301120922971553,4.133894631193847,3.953510107927777
2023/03/01,1912.73,3.089485405463102,3.961322027468639,3.790384445751313
2023/04/01,1999.77,4.450063302130293,3.570441084850307,4.010728595880417
2023/05/01,1992.13,-0.3827755869764327,2.492124272602859,3.710845599826331
2023/06/01,1942.9,-2.502271581024379,3.563321374887385,3.806009637694216
2023/07/01,1951.02,0.4170610474755981,1.508559186023778,3.25517546952123
2023/08/01,1918.7,-1.670443935976977,1.50400117923424,3.329255959087627
2023/09/01,1915.95,-0.14342902071579,1.080401215900031,2.857773934626907
2023/10/01,1916.25,0.01565680291284035,0.9309509969553932,2.806413711013557
2023/11/01,1984.11,3.480029967024451,2.047626461513056,2.798972492719337
2023/12/01,2026.18,2.098179602068323,1.743955898732704,2.662964358315019
2024/01/01,2034.04,0.3871716221569003,1.549345640362726,2.270125418595312
2024/02/01,2023.24,-0.5323776277862241,1.334975060312025,2.11854552852461
2024/03/01,2158.01,6.448631390698159,3.793005674151539,2.621517167904978
2024/04/01,2331.45,7.730389086937659,4.446922221978884,3.134247131382849
2024/05/01,2351.13,0.8405672033192255,3.664308309208758,3.094937380155175
2024/06/01,2326.44,-1.05568614910923,4.623500485167401,2.954948883974406
2024/07/01,2398.2,3.037925380621637,2.048650575879097,2.964365930856473
2024/08/01,2470.15,2.956042157771381,2.340168235645895,2.778386092336488
2024/09/01,2570.55,3.98410062519214,0.5713808811492145,2.729759678058041
2024/10/01,2690.08,4.545104915565005,0.8058898264711477,2.67527942120122
2024/11/01,2651.13,-1.458496874509014,3.316117906311263,2.933067065216409
2024/12/01,2648.01,-0.1177549700714385,3.151271849618063,3.023206528393755
2025/01/01,2709.69,2.302582270185578,1.90618893535179,2.967081216103945
2025/02/01,2894.73,6.605760522234116,3.405413239749093,3.042491789320265
2025/03/01,2983.25,3.012146784075469,2.307050229454527,2.841953823934742
2025/04/01,3217.64,7.56348613174071,2.399513419417656,2.815373328208337
2025/05/01,3309.49,2.814592738276809,2.686562423156576,2.75484888780909
2025/06/01,3352.66,1.2959961644991,3.269545190232834,2.525952367055073
2025/07/01,3340.15,-0.3738344452976377,1.594811259692882,2.711993631215493
2025/08/01,3368.03,0.8312287544012664,0.8618314148922342,2.766897480327572
2025/09/01,3667.68,8.523130588139875,4.826550147212619,3.244735105024152
2025/10/01,4058.33,10.12122493597412,4.966945547283706,3.837241029703018
2025/11/01,4087.19,0.7086133423735651,5.036828405867818,3.631931748319987
2025/12/01,4309.23,5.290154149402778,4.706857021469135,3.459104398474006
