,"Gold, Fixing Committee of the London Bullion Market Association, London 3 PM fixed price, US$ per troy ounce","Monthly log return","3-month volatility","12-month volatility"
1990M1,410.11,0.175716945761728,3.511227221865642,3.208987574639462
1990M2,416.81,1.620506607656758,1.806377755382484,2.927491499265453
1990M3,393.06,-5.866821050196247,3.971980153856199,3.472124992813397
1990M4,374.24,-4.906496913597103,4.073983981105915,3.740800373625134
1990M5,369.05,-1.396516661980751,2.353217837252153,3.617624827165797
1990M6,352.33,-4.636389979662425,1.953189623714752,3.850703369428798
1990M7,362.53,2.853899307167662,3.756488799970416,3.905448740826089
1990M8,394.73,8.509475738329009,6.594236926344244,4.562014641290727
1990M9,389.32,-1.38003593161109,4.96175697115383,4.577915854111547
1990M10,380.74,-2.228490008064998,5.969732318963497,4.640370214399274
1990M11,381.73,0.2596824940885867,1.2648816305557,4.105454829294413
1990M12,376.95,-1.260099976081808,1.254227545221549,3.908021203806551
1991M1,383.64,1.759206020203941,1.509664325891562,3.966137009904141
1991M2,363.83,-5.301788728390733,3.542812054226347,4.121172896492632
1991M3,363.34,-0.1347690565244086,3.654743053449021,3.845570568556972
1991M4,358.38,-1.374515903832929,2.697484518749988,3.619101016267877
1991M5,356.95,-0.3998160023799713,0.6528478672722002,3.604579991826815
1991M6,366.72,2.700289813785073,2.127782006599248,3.415328511781505
1991M7,367.69,0.2641577767321656,1.632291668826601,3.322144763306292
1991M8,356.31,-3.143905339938335,2.935536592174407,2.138483743795622
1991M9,348.74,-2.147447956491089,1.752315788547238,2.166951552897208
1991M10,358.69,2.813184681031977,3.190812984163274,2.368955896662519
1991M11,360.17,0.4117636510884814,2.480734541081329,2.373774788600674
1991M12,361.73,0.432193497239286,1.38060127957394,2.373775627952699
1992M1,354.45,-2.033078488191897,1.417464663096674,2.320229578589602
1992M2,353.91,-0.152464877916536,1.288157529765191,1.801880338155095
1992M3,344.34,-2.741310217353465,1.337934971318883,1.941040581479596
1992M4,338.62,-1.675100664824036,1.301111239223398,1.955972020793396
1992M5,337.24,-0.4083691645610621,1.167905922257693,1.95594463401412
1992M6,340.81,1.053029419320062,1.365222098582028,1.761060287510631
1992M7,352.72,3.434940380200668,1.939940458853897,2.107952877778859
1992M8,343.06,-2.776918206800349,3.133932187877472,2.065919642145599
1992M9,345.43,0.688465877849076,3.112854963724546,1.998446404156144
1992M10,344.38,-0.3044318902130527,1.784559769134285,1.778785373682695
1992M11,335.02,-2.755546732249848,1.772711332262728,1.888799131845213
1992M12,334.82,-0.0597157547901794,1.49082497378803,1.869524464857781
1993M1,329.01,-1.750492854741204,1.362373245323826,1.85213855678107
1993M2,329.31,0.091141092710778,1.022505141516353,1.859058856561232
1993M3,330.08,0.2335492955606533,1.106670603418266,1.742290733801453
1993M4,342.15,3.59141880755649,1.98105661356407,2.020007522720608
1993M5,367.18,7.060295363355351,3.413523450754675,2.838475990121819
1993M6,371.89,1.274592058880852,2.911905260310883,2.841637433864662
1993M7,392.19,5.314830462101039,2.967730243911813,3.048750139994137
1993M8,378.84,-3.463246388397856,4.393655894215206,3.129050594020379
1993M9,355.28,-6.420774137405338,6.103633056021757,3.765828127080988
1993M10,364.18,2.474203991985036,4.529917646933388,3.814798979073925
1993M11,373.83,2.615289771918849,5.176726637767404,3.716283884833552
1993M12,383.3,2.501682376362346,0.0747962780186946,3.728846483976395
1994M1,386.88,0.9296595039918644,0.9421174689436468,3.619496555168823
1994M2,381.91,-1.292958867262683,1.906593406371437,3.684732374478347
1994M3,384.13,0.5796058208292543,1.195064051032602,3.677530321094135
1994M4,377.27,-1.80199254775113,1.254168023577458,3.696716266074792
1994M5,381.43,1.096623616573833,1.546032225754433,3.139569735972062
1994M6,385.64,1.09769441458587,1.673826021138471,3.135078316199567
1994M7,385.49,-0.0389039466475615,0.6559064755743754,2.708924453395318
1994M8,380.36,-1.339707965845971,1.219622707729458,2.536206841073295
1994M9,391.58,2.907166415788343,2.17590455099206,1.654406811085278
1994M10,389.77,-0.4633015262330175,2.242174703606989,1.602396463233725
1994M11,384.39,-1.389915937720243,2.26140019930884,1.553086904236683
1994M12,379.29,-1.335657819767899,0.5200262355255674,1.433778194608664
1995M1,378.55,-0.1952919442600453,0.6745992340070277,1.397535115216598
1995M2,376.64,-0.5058340477403611,0.5895589058325289,1.358548400041137
1995M3,382.12,1.444487132989636,1.047939607692462,1.420331293967368
1995M4,391.03,2.304958798295331,1.440180580003969,1.452581686938586
1995M5,385.22,-1.496968372868501,1.993624095066189,1.514662028301652
1995M6,387.56,0.6056075860726651,1.904524018420079,1.491154215376944
1995M7,386.23,-0.3437628580750029,1.05293343115702,1.495237847073111
1995M8,383.67,-0.6650238822714094,0.6606836376354185,1.451677381934788
1995M9,383.06,-0.1591173238823628,0.256009135509517,1.144712629103798
1995M10,383.14,0.0208822762440163,0.3556235275671969,1.142477697775717
1995M11,385.31,0.5647747460594488,0.3768816356391329,1.086505414042085
1995M12,387.44,0.5512792997423688,0.3101940651509119,1.006048533684927
1996M1,399.45,3.052760283307698,1.440350725330855,1.292799444775045
1996M2,404.76,1.320569793350845,1.281255820682212,1.277740526042721
1996M3,396.21,-2.134992513773604,2.641154224814757,1.466548173028087
1996M4,392.85,-0.8516514101992279,1.746731242621256,1.353296392355373
1996M5,391.93,-0.2344607205715831,0.9695282213924232,1.269539773258608
1996M6,385.27,-1.713886522205588,0.7430875271774281,1.36578076082872
1996M7,383.47,-0.4682996304516074,0.7952848591567202,1.368691029064794
1996M8,387.35,1.006728618836839,1.36191909859932,1.386448583063323
1996M9,383.14,-1.09282194409559,1.078103970152228,1.426676936518041
1996M10,381.07,-0.541737235187778,1.088542865775314,1.435209860869302
1996M11,377.85,-0.8485793818348242,0.2761342935875541,1.438595969405561
1996M12,369,-2.370064742620226,0.97910258914965,1.549643263274131
1997M1,355.11,-3.836904340661551,1.494245750036504,1.422632076618891
1997M2,346.58,-2.431392842181257,0.8297431444467175,1.275635513844321
1997M3,351.81,1.497758492898349,2.765029244392766,1.473418907499375
1997M4,344.47,-2.108425320788232,2.181249639233116,1.506941361344491
1997M5,343.84,-0.1830571039000084,1.804473401445186,1.509681019874423
1997M6,340.76,-0.8998015719559938,0.97309958117805,1.497381566909839
1997M7,324.1,-5.012630702713849,2.606206286209223,1.872085942405012
1997M8,324.01,-0.0277730633930772,2.662223471175031,1.772251687659635
1997M9,322.82,-0.3679487168437134,2.78500735813994,1.799093964166083
1997M10,324.87,0.6330209963263833,0.5089709604101251,1.881740136013496
1997M11,306.04,-5.970928994474622,3.559201311137215,2.297704580986738
1997M12,288.74,-5.818918316198296,3.769676900827883,2.579806012866809
1998M1,289.1,0.1246019820632327,3.476205754077501,2.582973351017068
1998M2,297.49,2.860796195306126,4.437522512800189,2.883609233242676
1998M3,295.94,-0.5223879900973394,1.795888360905926,2.76363338620763
1998M4,308.29,4.088416735263944,2.387903810105714,3.175828977062891
1998M5,299.1,-3.026293279112569,3.608974011646562,3.22120362827162
1998M6,292.32,-2.292887300620539,3.913183361330277,3.23597785358203
1998M7,292.87,0.1879731922784344,1.684441651488854,3.032133582522453
1998M8,284.11,-3.0367337438169,1.688525547135923,3.082463179290667
1998M9,288.98,1.699599445115307,2.419249223366194,3.182948445915493
1998M10,295.93,2.376545830477017,2.949426617573395,3.298134329333442
1998M11,294.12,-0.6135092542214338,1.567862540378491,2.865438933064929
1998M12,291.68,-0.8330536397668453,1.793049446527022,2.30379222570016
1999M1,287.08,-1.589638836848195,0.5120953458986108,2.353682339843189
1999M2,287.33,0.0870458438346766,0.839670147399453,2.169963573295288
1999M3,285.96,-0.4779440101566834,0.8530680357042997,2.169567983055189
1999M4,282.62,-1.174870174405029,0.6321064850451662,1.68211621172676
1999M5,276.44,-2.210943993140724,0.8720133769335222,1.594892317413284
1999M6,261.31,-5.628635724138764,2.330596965657684,2.11267531910222
1999M7,256.08,-2.021754632019768,2.030024654824792,2.102219059845305
1999M8,256.69,0.2379235476939634,2.958948416202572,2.042286084015672
1999M9,264.74,3.087908114707716,2.560508116676112,2.230257976743661
1999M10,310.72,16.01439728173357,8.407473438339398,5.308155200312084
1999M11,293.18,-5.810543024107506,10.97424693094888,5.602768294168887
1999M12,283.07,-3.509253798125034,11.99164224882768,5.690361909850077
2000M1,284.32,0.4406147525705783,3.161602104901874,5.677066935529687
2000M2,299.86,5.32153346604165,4.423566298064918,5.888282662325137
2000M3,286.39,-4.5961180790969,4.959029765251431,6.058824381949348
2000M4,279.69,-2.367267129907624,5.203288116322226,6.089767068828871
2000M5,275.19,-1.622007878703791,1.547499024732532,6.073443812061786
2000M6,285.73,3.758554078465082,3.342442814354653,5.889627852568236
2000M7,281.59,-1.459519668461784,3.060641082675536,5.867817277080037
2000M8,274.47,-2.561014693015373,3.375858764199967,5.946911466787703
2000M9,273.68,-0.2882424690204388,1.136564644679308,5.895991421657215
2000M10,270,-1.353758167097396,1.137122509112549,3.19427794407265
2000M11,266.01,-1.488805693835005,0.6576363729426759,2.848494532513425
2000M12,271.45,2.024405829143472,1.990514381810409,2.819640685382867
2001M1,265.49,-2.220078516222923,2.269106377116037,2.856253177972449
2001M2,261.87,-1.372897777386228,2.246294517542749,2.172684147952773
2001M3,263.03,0.4419896698150793,1.360033006791876,1.913040439816255
2001M4,260.48,-0.9742011299343822,0.9537969598743156,1.844300125479802
2001M5,272.36,4.45986378005907,2.818923263502273,2.312133765467337
2001M6,270.23,-0.7851272384410635,3.08422710919644,1.972355765097571
2001M7,267.53,-1.004173864987213,3.093369780547608,1.95578912929392
2001M8,272.39,1.800315330148905,1.559789213628627,1.928178903015181
2001M9,283.42,3.96950335147519,2.493591832780496,2.248223629334096
2001M10,283.06,-0.1271007091030895,2.049490753389626,2.193850142808234
2001M11,276.16,-2.467848141063022,3.258342053045207,2.286470098965975
2001M12,275.85,-0.1123168176622613,1.355719053933801,2.223324252851409
2002M1,281.51,2.031073120902871,2.250294083211972,2.151661212430374
2002M2,295.5,4.850086591868408,2.488855325149453,2.398117494770493
2002M3,294.06,-0.4885008696642323,2.670692985221271,2.4328336935116
2002M4,302.68,2.889231367680978,2.700448862746631,2.413591563092808
2002M5,314.49,3.827613730627011,2.270039712175986,2.343051685213938
2002M6,321.18,2.104943450075414,0.8624830329041936,2.267943791249857
2002M7,313.29,-2.487243447377807,3.264281303626558,2.446582964985761
2002M8,310.26,-0.9718623523381708,2.339917887095973,2.526257609597853
2002M9,319.14,2.82192223460962,2.734849831165592,2.426896328403828
2002M10,316.56,-0.8117080905112317,2.145604818358585,2.463296446772794
2002M11,319.07,0.7897717371853297,1.821063911670791,2.222248840868628
2002M12,331.92,3.948346157558991,2.422101238323481,2.311047176606301
2003M1,356.859,7.244676975538677,3.227697602180298,2.840723444635797
2003M2,358.97,0.589807375688256,3.327483258207456,2.712248511043169
2003M3,340.55,-5.267686184955434,6.260414683603707,3.330626643155877
2003M4,328.18,-3.699971934032309,3.032330383045246,3.565835303526326
2003M5,355.683,8.04776463812198,7.277456895132523,4.076646935785954
2003M6,356.352,0.1879121663566074,5.984733887493859,4.068063411442443
2003M7,351.02,-1.507580449224566,5.098310109334987,4.003978107629657
2003M8,359.768,2.461617736258859,1.991605987795584,3.976929522684856
2003M9,378.945,5.193169655604191,3.369370912872963,4.119376036788858
2003M10,378.92,-0.006597481084114,2.600994698283265,4.085942925084375
2003M11,389.91,2.859084225427289,2.604408592949704,4.096967245524178
2003M12,406.953,4.278175639728321,2.182705995700956,4.114703352735047
2004M1,413.788,1.665606571538447,1.307907137920291,3.728078647570345
2004M2,404.878,-2.176797821588217,3.246954240584091,3.85488947572874
2004M3,406.667,0.4408881572596002,1.962833266753652,3.326777778341375
2004M4,403.26,-0.8413153521058092,1.308933353891626,3.009459740367759
2004M5,383.779,-4.951464913122106,2.817056587084176,2.85925954795024
2004M6,392.373,2.214605190571639,3.595936143948549,2.89023175686101
2004M7,398.091,1.446770438121625,3.93445351029483,2.799990245091113
2004M8,400.51,0.6058112620070943,0.8046738933202499,2.765896337130684
2004M9,405.275,1.18271140419246,0.4300684603145551,2.41984494042936
2004M10,420.464,3.679301435418747,1.63361140851232,2.570648116375619
2004M11,439.375,4.399439918310488,1.688140177438856,2.713647609490146
2004M12,442.079,0.6135336573597883,2.01041528546681,2.509113155217117
2005M1,424.03,-4.168439169258509,4.293578584941767,2.845531335138386
2005M2,423.35,-0.1604947357655817,2.566774975523649,2.750113980582208
2005M3,433.85,2.449959215121212,3.333698786283965,2.815090653464892
2005M4,429.233,-1.0698957206567,1.827149818247952,2.826033234658668
2005M5,421.873,-1.729557415811556,2.246956889855622,2.376181777824697
2005M6,430.657,2.060762872727651,2.024956981851606,2.368190477658856
2005M7,424.479,-1.444941503903419,2.110983076015891,2.439753936325751
2005M8,437.93,3.119654568963615,2.389098578582882,2.551754431367753
2005M9,456.048,4.053898687980872,2.942379786222743,2.725302519845012
2005M10,469.898,2.991758274248024,0.5798436275704759,2.670146659738803
2005M11,476.666,1.430038610848339,1.31983283473725,2.447314427398014
2005M12,510.097,6.778486772835546,2.750278130496627,3.013859341947434
2006M1,549.864,7.507007121048037,3.318287357286949,3.010407643883312
2006M2,554.995,0.9288129774541964,3.60606118456465,2.949703125501746
2006M3,557.093,0.3773087181875745,3.966723972720903,2.997627561347153
2006M4,610.653,9.179668452414802,4.930556255086254,3.444342403610329
2006M5,675.393,10.07658672662846,5.359757350950194,3.668817648256102
2006M6,596.145,-12.48108176030689,12.77263330807327,6.000191060425978
2006M7,633.71,6.110751047657814,12.04320352839715,5.920480201329053
2006M8,632.593,-0.1764191176534701,9.456827151115071,6.00742228572116
2006M9,598.186,-5.592550298811183,5.857050566985513,6.489123682762454
2006M10,585.78,-2.095744991238035,2.746086188851065,6.60223744541229
2006M11,627.827,6.932035834460404,6.462632742745776,6.760561311712621
2006M12,629.791,0.3123367503705232,4.674756683062357,6.627129934340072
2007M1,631.166,0.2180884114189041,3.849380658250122,6.381644443714085
2007M2,664.745,5.183460604203738,2.839942821069311,6.485633497142628
2007M3,654.895,-1.492859102870536,3.467840520184526,6.537423884726966
2007M4,679.368,3.668803679306976,3.50024268463684,6.117305789465935
2007M5,667.31,-1.790824867373519,3.069720132234115,5.415970253747924
2007M6,655.66,-1.76123436597182,3.143610785881861,3.844233916367987
2007M7,665.38,1.471594412306398,1.875074979117011,3.476517202893033
2007M8,665.411,0.0046588833266802,1.618716607056577,3.474149722764669
2007M9,712.653,6.858973107484268,3.609186716674735,3.37261147534308
2007M10,754.604,5.719848240553294,3.672932941009261,3.378356726710503
2007M11,806.248,6.619827914896259,0.6006606501495839,3.33881967891549
2007M12,803.203,-0.3783903496500151,3.807307364255919,3.377872384060719
2008M1,889.595,10.21588189866751,5.387412297876982,4.056079962704073
2008M2,922.298,3.610207877058258,5.350739038758017,3.999177704986517
2008M3,968.434,4.88119521589736,3.504977891004394,3.806112170242663
2008M4,909.705,-6.255996277610354,6.096370882201827,4.685867319134907
2008M5,888.663,-2.340228509985387,5.649767431817778,4.733331657766303
2008M6,889.488,0.0927930259238429,3.203122347149172,4.61437553895987
2008M7,939.772,5.49912763620144,4.012554309066323,4.675532067192875
2008M8,839.025,-11.33967892506735,8.597240596419242,6.205665217130067
2008M9,829.932,-1.089673367756205,8.485480923342838,6.054321304927983
2008M10,806.62,-2.849109215403622,5.480997512946511,5.986671560142232
2008M11,760.863,-5.839936219570507,2.401584818134584,5.919389545153358
2008M12,816.092,7.007377833309469,6.722460629407827,6.302793165017402
2009M1,858.69,5.088087839307853,6.930113783166743,5.70224011318959
2009M2,943,9.365831053348384,2.142625440802949,6.273953200840194
2009M3,924.273,-2.005880008441796,5.743681735945688,6.118379098781625
2009M4,890.2,-3.756132596728534,7.124665215872546,5.940424326624168
2009M5,928.645,4.228037787729999,4.196667168525842,6.025342015254471
2009M6,945.67,1.816713652566904,4.095079896069808,6.038753172267958
2009M7,934.228,-1.217315119717188,2.728604129175177,5.84240205226349
2009M8,949.375,1.608335356248602,1.694749377624392,4.639500578638793
2009M9,996.591,4.853658175209485,3.037903267038699,4.709390982846314
2009M10,1043.159,4.566843315066738,1.796624256100722,4.567666575599405
2009M11,1127.036,7.733756848887019,1.751502805441256,4.063985327378389
2009M12,1134.724,0.6798271796608191,3.53308551519276,3.944296932009578
2010M1,1117.963,-1.488117018304358,4.821840303007892,4.044990855451581
2010M2,1095.413,-2.037681826519044,1.436828609739007,3.512654412503575
2010M3,1113.337,1.623035062034273,1.974087843518389,3.359897078080836
2010M4,1148.688,3.125860979460615,2.655858561288349,2.931752425745566
2010M5,1205.434,4.8219246550671,1.600417255916589,2.975182735172941
2010M6,1232.92,2.254567160307719,1.305571995774435,2.973088097180206
2010M7,1192.966,-3.294269654783477,4.14836362480555,3.239310020017109
2010M8,1215.81,1.896787820690271,3.105497109160894,3.236906716344544
2010M9,1270.977,4.437537472049957,3.940882472050902,3.206358281753509
2010M10,1342.024,5.439302608899421,1.826123088447745,3.278278537165014
2010M11,1369.886,2.054860255375157,1.738540295410527,2.75988266086883
2010M12,1390.553,1.497398505226588,2.133222195402998,2.744446392351519
2011M1,1360.46,-2.187863189776706,2.305523064135995,2.82447757495998
2011M2,1374.68,1.039809890719745,2.008665171008925,2.590628996097029
2011M3,1423.26,3.472903823624929,2.839662620245497,2.627912493655046
2011M4,1480.89,3.969324339124292,1.567824092915576,2.670342111949125
2011M5,1512.58,2.117354369797475,0.9586223115551968,2.531816589327352
2011M6,1529.36,1.103254515254548,1.453303565304964,2.538611749861879
2011M7,1572.75,2.797633222937624,0.8526524338852892,1.97473929285936
2011M8,1759.01,11.19254713195819,5.402766640811398,3.227017909401457
2011M9,1772.14,0.743670504644367,5.53582823012706,3.261519383108984
2011M10,1666.43,-6.150424215099193,8.731993089805576,4.025693449130106
2011M11,1739,4.262662168911024,5.296920683737436,4.088156578666543
2011M12,1639.97,-5.863228638627938,5.930830661132908,4.67811394644709
2012M1,1654.05,0.8548876904793445,5.15234054505765,4.54811090497224
2012M2,1744.82,5.342457258074695,5.639721684193669,4.66557784801574
2012M3,1675.95,-4.02712297920873,4.686173681264346,4.942550109708723
2012M4,1649.2,-1.608984682871206,4.864136985828824,4.937347320304437
2012M5,1589.04,-3.716026154804464,1.31553524080598,5.091053850484473
2012M6,1598.76,0.6098268475420277,2.163167144484025,5.086944908413965
2012M7,1594.29,-0.279983271170181,2.284409367263453,5.030685660071122
2012M8,1630.31,2.234168471877584,1.274833763475414,3.734938867560945
2012M9,1744.81,6.787548641971064,3.582462777283716,4.301953531040163
2012M10,1746.58,0.1013922908432718,3.415325557042205,3.862638713107905
2012M11,1721.64,-1.438226519703889,4.372994585024951,3.689949889881128
2012M12,1684.762,-2.165301737883496,1.157365274704191,3.296870525021173
2013M1,1671.848,-0.7694706098208215,0.6981185880592025,3.301979992752991
2013M2,1627.57,-2.684149651077927,0.9902477405615588,2.933497990395719
2013M3,1593.086,-2.141508926805092,0.9868252065708052,2.778451494025548
2013M4,1487.857,-6.833618601803337,2.566724395375202,3.334898927334153
2013M5,1414.027,-5.089516758355739,2.371656756271617,3.463017898109832
2013M6,1343.35,-5.127516789729114,0.996169215533859,3.617330074911048
2013M7,1285.516,-4.400629999619277,0.4091400278597408,3.690945921253082
2013M8,1351.742,5.023393684313504,5.662472520212788,4.039079064189382
2013M9,1348.6,-0.2327113690004267,4.722471253455077,3.124802255985759
2013M10,1316.58,-2.402955202464874,3.818534981209343,3.043598946782513
2013M11,1275.86,-3.141700425888239,1.512058207373522,3.036661103311737
2013M12,1221.512,-4.353102538050901,0.9845738683118808,3.080289574729298
2014M1,1244.27,1.845957691316169,3.285639874230161,3.311568088424963
2014M2,1299.58,4.349212277635495,4.48004677063688,3.847611594491639
2014M3,1336.08,2.769881821740405,1.265846489615162,4.071440030131979
2014M4,1298.45,-2.856870815035784,3.787749187905396,3.743467572252027
2014M5,1288.74,-0.750624854877735,2.842844366131166,3.530223594327729
2014M6,1279.1,-0.750829123887975,1.215982708982063,3.254798872296456
2014M7,1310.59,2.432071187785301,1.837589387202615,3.08620049975632
2014M8,1295.13,-1.186634128752306,1.975508734657635,2.692248519576317
2014M9,1236.55,-4.628583233520978,3.530695933874482,2.959653899752465
2014M10,1222.49,-1.143548150399631,1.999764134922524,2.916678005199604
2014M11,1175.33,-3.934080314565946,1.844580963898933,2.98712816630381
2014M12,1200.62,2.12891308056804,3.034687275949836,2.846052334026424
2015M1,1250.75,4.090528135182225,4.183343226489562,3.054810459277833
2015M2,1227.08,-1.910600810880769,3.059933406927116,2.77426115715762
2015M3,1178.63,-4.028461625124979,4.211430433628599,2.744621191148721
2015M4,1198.93,1.707674532997583,2.900589276829501,2.786648558711619
2015M5,1198.63,-0.0250254426639173,2.942023354122588,2.792476401207775
2015M6,1181.5,-1.439442028463134,1.576238462038718,2.802823119263786
2015M7,1128.31,-4.606387963076219,2.345883038231884,2.832900475816383
2015M8,1117.93,-0.9242177048154332,1.993881493772904,2.834429418936163
2015M9,1124.77,0.6099809344416229,2.680878206561845,2.660849837972049
2015M10,1159.25,3.019467397910791,1.987965571122213,2.873396171985243
2015M11,1086.44,-6.486694829368389,4.941921896820415,3.227973326160682
2015M12,1075.74,-0.9897499142494935,4.772444292451653,3.106695010335609
2016M1,1097.91,2.039957566147432,4.322409279760918,2.852306094620743
2016M2,1199.5,8.849643078288416,5.039255875170452,4.021344264829704
2016M3,1245.14,3.734317009625077,3.545166462634039,3.971710530970707
2016M4,1242.26,-0.2315672016532488,4.552713083326085,3.955636538933446
2016M5,1260.95,1.493310374874834,1.988531743450854,3.968701213762155
2016M6,1276.4,1.217821029587274,0.9266267927483308,3.92931155236862
2016M7,1336.66,4.613034968480623,1.885738299719366,3.704311469838057
2016M8,1340.17,0.2622506480935094,2.286551867163365,3.651744315404376
2016M9,1326.61,-1.016965543954651,2.951345005206537,3.717840707408868
2016M10,1266.55,-4.633014758902476,2.538891798792469,4.051529634590165
2016M11,1238.35,-2.251682019787804,1.838073371540492,3.513788034967944
2016M12,1157.36,-6.763829902204588,2.257232719581753,4.160417366594629
2017M1,1192.1,2.957490840262089,4.864823350280236,4.19736504646109
2017M2,1234.2,3.47065291630102,5.766455451668778,3.470572838919408
2017M3,1231.42,-0.2255011865609724,2.002345654110313,3.291515195211518
2017M4,1266.88,2.838920989640936,1.977006308085648,3.397351945943305
2017M5,1246.04,-1.658666235691708,2.297568866632828,3.407028035074035
2017M6,1260.26,1.134752630395486,2.270670591387046,3.404192236910082
2017M7,1236.84,-1.875830902810183,1.678985937228433,3.087031515210725
2017M8,1283.04,3.6672522222017,2.774975613217129,3.325463774487832
2017M9,1314.07,2.389692901744312,2.902660322167107,3.408926498678874
2017M10,1279.51,-2.665199895390913,3.348732318092418,3.211567796848061
2017M11,1281.9,0.1866160195836741,2.534375102207707,3.126302460933208
2017M12,1264.45,-1.370610731052846,1.42792216584222,2.298416577277513
2018M1,1331.3,5.151866343031042,3.406400179792481,2.563149004940428
2018M2,1330.73,-0.0428244616860418,3.446992314943579,2.443206937999234
2018M3,1324.66,-0.4571841102654517,3.125645359031425,2.451462182111518
2018M4,1334.76,0.7595677673581491,0.618602233439944,2.350879050180581
2018M5,1303.45,-2.373690502028492,1.579598538872473,2.416902350794723
2018M6,1281.57,-1.692870657123624,1.647992580372157,2.473316524518284
2018M7,1237.71,-3.482299078477613,0.9031964267848586,2.630793080991791
2018M8,1201.71,-2.951735558853219,0.9190840154116912,2.4830782188925
2018M9,1198.39,-0.2766553158247475,1.718221167760041,2.309776326849168
2018M10,1215.39,1.408602365459366,2.198813868625777,2.304941527392528
2018M11,1220.65,0.4318490808553399,0.8461795427514481,2.31196687506192
2018M12,1250.4,2.407999637525915,0.9880969005304828,2.42356798309528
2019M1,1291.75,3.253438806002684,1.448062325274747,2.088926620710831
2019M2,1320.07,2.168687731009556,0.5699009374288093,2.203409469876718
2019M3,1300.9,-1.462843286987603,2.4700883658294,2.238444128404675
2019M4,1285.91,-1.15896937068749,2.014681888791926,2.236022150302371
2019M5,1283.7,-0.172010580975801,0.6748674048169082,2.139607709140155
2019M6,1359.04,5.703203503402587,3.709933618987553,2.65161050624082
2019M7,1412.89,3.885868398007908,3.00796800821461,2.496965519615594
2019M8,1500.41,6.010115196989929,1.148138067767799,2.514088712020546
2019M9,1510.58,0.6755278944540422,2.685657346601277,2.455204922821901
2019M10,1494.81,-1.049457457229863,3.680375030983222,2.600815518097481
2019M11,1470.79,-1.619943706406435,1.195144265655823,2.75631488516459
2019M12,1479.13,0.5654405692859577,1.133523608707763,2.755705563293793
2020M1,1560.67,5.366113914392834,3.573685541099697,2.945817542985786
2020M2,1597.1,2.307426844241345,2.430245095378378,2.948626175903308
2020M3,1591.93,-0.3242368073883561,2.847844550570836,2.858486218610381
2020M4,1683.17,5.573180360225916,2.954384562288892,2.910295792888118
2020M5,1715.91,1.926463192940009,2.976119560729117,2.813395918505118
2020M6,1732.22,0.9460270721104004,2.43824898362612,2.638152692405185
2020M7,1846.51,6.389354808804182,2.901392579751933,2.886275624083896
2020M8,1968.63,6.404049840613357,3.146957401854368,2.935001179690841
2020M9,1921.92,-2.401318298040778,5.079544888940871,3.208022008446576
2020M10,1900.27,-1.132870503321737,4.760053153344248,3.215328620905472
2020M11,1866.3,-1.80381201326103,0.634578085297336,3.234528011936963
2020M12,1858.42,-0.423119684503348,0.6904370646267741,3.286136872848917
2021M1,1866.98,0.4595487767504735,1.140775831393073,3.116855900403803
2021M2,1808.17,-3.200686803097863,1.910118112001482,3.380507424768751
2021M3,1718.23,-5.102059289634919,2.826777497334792,3.809245921215189
2021M4,1760.04,2.404184486243732,3.902424355994661,3.535909351103899
2021M5,1850.26,4.998963369135012,5.245747989673771,3.762664050701276
2021M6,1834.57,-0.851604813454454,2.931501022634858,3.784580259314147
2021M7,1807.84,-1.467735914253332,3.569009321326076,3.320143357309353
2021M8,1785.28,-1.255749680377249,0.3130199062317338,2.597736816644427
2021M9,1775.14,-0.5695972618541489,0.4694671347621654,2.549397026604922
2021M10,1776.85,0.0962840622921845,0.6760421979689339,2.553449745337133
2021M11,1821.76,2.496093310117242,1.612500183300619,2.662359285626264
2021M12,1790.43,-1.734725231326539,2.121772254110882,2.698965843234522
2022M1,1816.02,1.419147886700145,2.198732688779843,2.737794852541659
2022M2,1856.3,2.193796589872488,2.080876416223631,2.647163659580637
2022M3,1947.83,4.813067318530262,1.778545701459645,2.368029312411825
2022M4,1936.86,-0.5647827322143861,2.689225731028118,2.368230951934443
2022M5,1848.5,-4.669360570165004,4.755440201502463,2.452148334301969
2022M6,1836.57,-0.6474797861873327,2.346270909019222,2.446465181234482
2022M7,1732.74,-5.819573090636343,2.715666371037485,2.954982135434748
2022M8,1764.56,1.819739689588307,3.898649784341495,3.002608880364299
2022M9,1680.78,-4.864339614000546,4.16230078373435,3.304775411747799
2022M10,1664.45,-0.9763232851194736,3.356872434991678,3.303009021447596
2022M11,1725.07,3.577289083913815,4.2251854329033,3.406614021813255
2022M12,1797.55,4.11569972677448,2.797438411041299,3.618767051402148
2023M1,1897.71,5.422326946284173,0.94879971759841,3.929349034359689
2023M2,1854.54,-2.301120922971567,4.133894631193877,3.953510107927795
2023M3,1912.73,3.089485405463144,3.961322027468672,3.790384445751337
2023M4,1999.77,4.450063302130225,3.570441084850304,4.010728595880433
2023M5,1992.13,-0.382775586976436,2.492124272602849,3.710845599826341
2023M6,1942.9,-2.502271581024385,3.56332137488736,3.806009637694228
2023M7,1951.02,0.4170610474756309,1.508559186023823,3.255175469521236
2023M8,1918.7,-1.670443935976973,1.504001179234291,3.329255959087631
2023M9,1915.95,-0.1434290207157573,1.080401215900086,2.857773934626909
2023M10,1916.25,0.0156568029128223,0.930950996955439,2.806413711013561
2023M11,1984.11,3.480029967024389,2.047626461513032,2.798972492719339
2023M12,2026.18,2.098179602068395,1.743955898732707,2.66296435831502
2024M1,2034.04,0.3871716221568455,1.549345640362746,2.270125418595307
2024M2,2023.24,-0.532377627786218,1.334975060312094,2.118545528524603
2024M3,2158.01,6.448631390698178,3.793005674151568,2.621517167904974
2024M4,2331.45,7.730389086937617,4.446922221978873,3.134247131382845
2024M5,2351.13,0.8405672033192424,3.664308309208741,3.094937380155171
2024M6,2326.44,-1.055686149109203,4.62350048516737,2.954948883974399
2024M7,2398.2,3.037925380621598,2.048650575879079,2.964365930856466
2024M8,2470.15,2.95604215777141,2.34016823564589,2.778386092336483
2024M9,2570.55,3.984100625192166,0.5713808811492755,2.729759678058041
2024M10,2690.08,4.545104915565013,0.8058898264711681,2.67527942120122
2024M11,2651.13,-1.458496874509052,3.316117906311302,2.933067065216415
2024M12,2648.01,-0.1177549700714486,3.151271849618094,3.023206528393761
2025M1,2709.69,2.30258227018556,1.906188935351816,2.967081216103949
2025M2,2894.73,6.605760522234139,3.405413239749119,3.042491789320274
2025M3,2983.25,3.012146784075398,2.307050229454571,2.841953823934747
2025M4,3217.64,7.56348613174076,2.399513419417728,2.815373328208356
2025M5,3309.49,2.814592738276822,2.686562423156629,2.754848887809111
2025M6,3352.66,1.295996164499158,3.269545190232844,2.525952367055097
2025M7,3340.15,-0.3738344452976605,1.59481125969292,2.711993631215518
2025M8,3447.95,3.176413537639355,1.776164618073157,2.714181067437148
2025M9,3858.96,11.26178655859178,5.963293186576892,3.657168523917814
2025M10,4002.92,3.662637767736321,4.534253581267782,3.640569212707634
2025M11,4222.78,5.346958412869896,3.991014707535885,3.348182547490939
2025M12,4319.37,2.261587935977971,1.544850998552347,3.154833086051926
