Year,"Real GDP","Project Allocation (%)","Project Investment",Imports,"GDP impact",,,"Baseline GDP Growth","Projected Growth"
,,,,,I-M,Multiplier,"% of GDP",,
2020,46600000000,,,,,,,,
2021,51539600000.00001,0,0,0,0,0.8,0,10.6,0.1060000000000001
2022,57208956000.000015,0,0,0,0,0.8,0,11,0.1100000000000001
2023,61671254568.00002,0,0,0,0,0.8,0,7.8,0.07800000000000007
2024,66358269915.16803,0,0,0,0,0.8,0,7.6,0.07600000000000007
2025,70339766110.07811,0,0,0,0,0.8,0,6,0.06000000000000005
2026,74067773713.91225,0.05,620451347.2573371,211611179.00454992,408840168.2527872,0.8,327072134.6022298,5.3,0.057649889425142264
2027,77771162399.60786,0.1,1167633681.0300393,398233223.2501528,769400457.7798865,0.8,615520366.2239093,5,0.05365743919203236
2028,81659720519.58826,0.15,1648036247.043104,562079355.3283737,1085956891.7147303,0.8,868765513.3717842,5,0.052838098526267085
2029,85742706545.56767,0.2,2067637414.936851,705188558.3983359,1362448856.538515,0.8,1089959085.230812,5,0.0521538659526537
2030,90029841872.84605,0.2,1945553907.2565053,663550748.9045739,1282003158.3519313,0.8,1025602526.6815451,5,0.048631223492364484
2031,94531333966.48836,0.15,1373009108.8613303,468278580.7371728,904730528.1241574,0.8,723784422.499326,5,0.04612216235015021
2032,99257900664.81277,0.1,861293254.2061195,293752736.28929526,567540517.9168243,0.8,454032414.3334595,5,0.046788191181061034
2033,104220795698.05342,0.05,405219126.8906702,138204063.18009654,267015063.71057364,0.8,213612050.96845892,5,0.04736117858759381
2034,109431835482.9561,0,0,0,0,0.8,0,5,0.04785231076279106
2035,114903427257.10391,0,0,0,0,0.8,0,5,0.050000000000000044
2036,120648598619.9591,0,0,0,0,0.8,0,5,0.050000000000000044
2037,126681028550.95706,0,0,0,0,0.8,0,5,0.050000000000000044
2038,133015079978.50491,0,0,0,0,0.8,0,5,0.050000000000000044
2039,139665833977.43018,0,0,0,0,0.8,0,5,0.050000000000000044
2040,146649125676.3017,0,0,0,0,0.8,0,5,0.050000000000000044
2041,153981581960.1168,0,0,0,0,0.8,0,5,0.050000000000000044
2042,161680661058.12265,0,0,0,0,0.8,0,5,0.050000000000000044
2043,169764694111.02878,0,0,0,0,0.8,0,5,0.050000000000000044
,,,,,,,,,
,Assumptions,,,,,,,,
,,,,,,,,,
,"Exchange Rate",2.746,,,,,,,
,Multiplier,0.8,,,,,,,
,"Import Share",0.3410600685129668,,,,,,,
,"Project allocation",,,,,,,,
,,,,,,,,,
,,,,,,,,,
,,,,,,,,,
,,,,,,,,,
,,,,,,,,,
"Scenario 2: Multiplier = 1",,,,,,,,,
2020,46600000000,2.746,,,,,0,,
2021,51539600000.00001,0,0,0,0,0,0,10.6,0.1060000000000001
2022,57208956000.000015,0,0,0,0,0,0,11,0.1100000000000001
2023,61671254568.00002,0,0,0,0,0,0,7.8,0.07800000000000007
2024,66358269915.16803,0,0,0,0,0,0,7.6,0.07600000000000007
2025,70339766110.07811,0,0,0,0,0,0,6,0.06000000000000005
2026,74067773713.91225,0.05,620451347.2573371,0,620451347.2573371,0,0,5.3,0.052999999999999936
2027,77771162399.60786,0.1,1167633681.0300393,0,1167633681.0300393,0,0,5,0.050000000000000044
2028,81659720519.58826,0.15,1648036247.043104,0,1648036247.043104,0,0,5,0.050000000000000044
2029,85742706545.56767,0.2,2067637414.936851,0,2067637414.936851,0,0,5,0.050000000000000044
2030,90029841872.84605,0.2,1945553907.2565053,0,1945553907.2565053,0,0,5,0.050000000000000044
2031,94531333966.48836,0.15,1373009108.8613303,0,1373009108.8613303,0,0,5,0.050000000000000044
2032,99257900664.81277,0.1,861293254.2061195,0,861293254.2061195,0,0,5,0.050000000000000044
2033,104220795698.05342,0.05,405219126.8906702,0,405219126.8906702,0,0,5,0.050000000000000044
2034,109431835482.9561,0,0,0,0,0,0,5,0.050000000000000044
2035,114903427257.10391,0,0,0,0,0,0,5,0.050000000000000044
2036,120648598619.9591,0,0,0,0,0,0,5,0.050000000000000044
2037,126681028550.95706,0,0,0,0,0,0,5,0.050000000000000044
2038,133015079978.50491,0,0,0,0,0,0,5,0.050000000000000044
2039,139665833977.43018,0,0,0,0,0,0,5,0.050000000000000044
2040,146649125676.3017,0,0,0,0,0,0,5,0.050000000000000044
2041,153981581960.1168,0,0,0,0,0,0,5,0.050000000000000044
2042,161680661058.12265,0,0,0,0,0,0,5,0.050000000000000044
2043,169764694111.02878,0,0,0,0,0,0,5,0.050000000000000044
,,,,,,,,,
,,,,,,,,,
,,,,,,,,,
,,,,,,,,,
,,,,,,,,,
,,,,,,,,,
,,,,,,,,,
,,,,,,,,,
,,,,,,,,,
,,,,,,,,,
,,,,,,,,,
,,,,,,,,,
,,,,,,,,,
,,,,,,,,,
,,,,,,,,,
"Scenario 3: Import Share = 0.5",,,,,,,,,
2020,46600000000,2.746,,,,,0,,
2021,51539600000.00001,0,0,0,0,0,0,10.6,0.1060000000000001
2022,57208956000.000015,0,0,0,0,0,0,11,0.1100000000000001
2023,61671254568.00002,0,0,0,0,0,0,7.8,0.07800000000000007
2024,66358269915.16803,0,0,0,0,0,0,7.6,0.07600000000000007
2025,70339766110.07811,0,0,0,0,0,0,6,0.06000000000000005
2026,74067773713.91225,0.05,620451347.2573371,0,620451347.2573371,0,0,5.3,0.052999999999999936
2027,77771162399.60786,0.1,1167633681.0300393,0,1167633681.0300393,0,0,5,0.050000000000000044
2028,81659720519.58826,0.15,1648036247.043104,0,1648036247.043104,0,0,5,0.050000000000000044
2029,85742706545.56767,0.2,2067637414.936851,0,2067637414.936851,0,0,5,0.050000000000000044
2030,90029841872.84605,0.2,1945553907.2565053,0,1945553907.2565053,0,0,5,0.050000000000000044
2031,94531333966.48836,0.15,1373009108.8613303,0,1373009108.8613303,0,0,5,0.050000000000000044
2032,99257900664.81277,0.1,861293254.2061195,0,861293254.2061195,0,0,5,0.050000000000000044
2033,104220795698.05342,0.05,405219126.8906702,0,405219126.8906702,0,0,5,0.050000000000000044
2034,109431835482.9561,0,0,0,0,0,0,5,0.050000000000000044
2035,114903427257.10391,0,0,0,0,0,0,5,0.050000000000000044
2036,120648598619.9591,0,0,0,0,0,0,5,0.050000000000000044
2037,126681028550.95706,0,0,0,0,0,0,5,0.050000000000000044
2038,133015079978.50491,0,0,0,0,0,0,5,0.050000000000000044
2039,139665833977.43018,0,0,0,0,0,0,5,0.050000000000000044
2040,146649125676.3017,0,0,0,0,0,0,5,0.050000000000000044
2041,153981581960.1168,0,0,0,0,0,0,5,0.050000000000000044
2042,161680661058.12265,0,0,0,0,0,0,5,0.050000000000000044
2043,169764694111.02878,0,0,0,0,0,0,5,0.050000000000000044
