Year,"Real GDP Growth (%)","GDP Deflator Growth (%)","GDP Deflator Index (2020=100)"
2021,10.6,10.3,110.3
2022,11,8.1,119.23429999999999
2023,7.8,2.9,122.69209469999998
2024,7.6,3.8,127.35439429859998
2025,6,6.275,135.34588254083715
2026,5.3,6.275,143.8388366702747
2027,5,6.275,152.86472367133445
2028,5,6.275,162.45698508171068
2029,5,6.275,172.65116089558805
2030,5,6.275,183.4850212417862
2031,5,6.275,194.9987063247083
2032,5,6.275,207.23487514658376
2033,5,6.275,220.2388635620319
2034,5,6.275,234.05885225054942
2035,5,6.275,248.74604522927143
2036,5,6.275,264.35485956740825
2037,5,6.275,280.94312700526314
2038,5,6.275,298.5723082248434
2039,5,6.275,317.30772056595237
2040,5,6.275,337.2187800314659
2041,5,6.275,358.3792584784404
2042,5,6.275,380.8675569479626
2043,5,6.275,404.7669961464473
