Year,"Real GDP","Project Allocation (%)","Project Investment",Imports,"GDP impact",,,"Baseline GDP Growth","Projected Growth"
,,,,,I-M,Multiplier,"% of GDP",,
2020,39.94452752216726,0,0,0,0,0,,-6.8,-6.8
2021,44.13870291199483,0,0,0,0,0,,10.5,-98.895
2022,48.729128014842296,0,0,0,0,0,,10.4,-98.896
2023,52.53,0,0,0,0,0,,7.8,-98.922
2024,56.46975,0,0,0,0,0,,7.5,-98.925
2025,59.857935,0,0,0,0,0,,6,-98.94
2026,63.030405554999994,0.05,0.51824025668269,0.18913877981120075,0.3291014768714893,0.26328118149719143,,5.3,-98.94260156591608
2027,66.18192583275,0.1,1.0014304476960194,0.36548556485256184,0.6359448828434575,0.5087559062747661,,5,-98.94632963921552
2028,69.4910221243875,0.15,1.4482002135878804,0.5285402239371826,0.9196599896506978,0.7357279917205584,,5,-98.94697807422452
2029,72.96557323060688,0.2,1.8615894125014933,0.6794121943436107,1.1821772181578827,0.9457417745263061,,5,-98.94753331340361
2030,76.61385189213722,0.2,1.7947355145832669,0.6550129615267397,1.1397225530565271,0.9117780424452218,,5,-98.95109930151834
2031,80.44454448674408,0.15,1.2977118688237648,0.4736174703736368,0.824094398450128,0.6592755187601025,,5,-98.95384506937975
2032,84.4667717110813,0.1,0.8340720615883439,0.3044058618935562,0.5296661996947878,0.42373295975583025,,5,-98.95331064967007
2033,88.69011029663537,0.05,0.4020593210838004,0.14673697849773737,0.255322342586063,0.20425787406885043,,5,-98.9528349664619
2034,93.12461581146714,0,0,0,0,0,,5,-98.95241264741722
2035,97.7808466020405,0,0,0,0,0,,5,-98.95
2036,102.66988893214253,0,0,0,0,0,,5,-98.95
2037,107.80338337874966,0,0,0,0,0,,5,-98.95
2038,113.19355254768715,0,0,0,0,0,,5,-98.95
2039,118.85323017507152,0,0,0,0,0,,5,-98.95
2040,124.7958916838251,0,0,0,0,0,,5,-98.95
2041,131.03568626801638,0,0,0,0,0,,5,-98.95
2042,137.5874705814172,0,0,0,0,0,,5,-98.95
2043,144.46684411048807,0,0,0,0,0,,5,-98.95
,,,,,,,,,
,Assumptions,,,,,,,,
,,,,,,,,,
,"Investment (Billion USD)",6.5,,,,,,,
,"Exchange Rate",2.746,,,,,,,
,Multiplier,0.8,,,,,,,
,"Import Share",0.36496350364963503,,,,,,,
,,,,,,,,,
,,,,,,,,,
,,,,,,,,,
,,,,,,,,,
"Scenario 2: Multiplier = 1",,,,,,,,,
Year,"Real GDP","Project Allocation (%)","Project Investment",Imports,"GDP impact",,,"Baseline GDP Growth","Projected Growth"
2020,39.94452752216726,0,0,0,0,0,,-6.8,-6.8
2021,44.13870291199483,0,0,0,0,0,,10.5,-98.895
2022,48.729128014842296,0,0,0,0,0,,10.4,-98.896
2023,52.53,0,0,0,0,0,,7.8,-98.922
2024,56.46975,0,0,0,0,0,,7.5,-98.925
2025,59.857935,0,0,0,0,0,,6,-98.94
2026,63.030405554999994,0.05,0.51824025668269,0.18913877981120075,0.3291014768714893,0.3291014768714893,,5.3,-98.9415019573951
2027,66.18192583275,0.1,1.0014304476960194,0.36548556485256184,0.6359448828434575,0.6359448828434575,,5,-98.94541681515953
2028,69.4910221243875,0.15,1.4482002135878804,0.5285402239371826,0.9196599896506978,0.9196599896506978,,5,-98.94622978314084
2029,72.96557323060688,0.2,1.8615894125014933,0.6794121943436107,1.1821772181578827,1.1821772181578827,,5,-98.94692469633125
2030,76.61385189213722,0.2,1.7947355145832669,0.6550129615267397,1.1397225530565271,1.1397225530565271,,5,-98.95136974521
2031,80.44454448674408,0.15,1.2977118688237648,0.4736174703736368,0.824094398450128,0.824094398450128,,5,-98.95479224633617
2032,84.4667717110813,0.1,0.8340720615883439,0.3044058618935562,0.5296661996947878,0.5296661996947878,,5,-98.95412991928106
2033,88.69011029663537,0.05,0.4020593210838004,0.14673697849773737,0.255322342586063,0.255322342586063,,5,-98.95353929146312
2034,93.12461581146714,0,0,0,0,0,,5,-98.95301407786505
2035,97.7808466020405,0,0,0,0,0,,5,-98.95
2036,102.66988893214253,0,0,0,0,0,,5,-98.95
2037,107.80338337874966,0,0,0,0,0,,5,-98.95
2038,113.19355254768715,0,0,0,0,0,,5,-98.95
2039,118.85323017507152,0,0,0,0,0,,5,-98.95
2040,124.7958916838251,0,0,0,0,0,,5,-98.95
2041,131.03568626801638,0,0,0,0,0,,5,-98.95
2042,137.5874705814172,0,0,0,0,0,,5,-98.95
2043,144.46684411048807,0,0,0,0,0,,5,-98.95
,,,,,,,,,
,,,,,,,,,
,,,,,,,,,
,,,,,,,,,
"Scenario 3: Import Share = 0.5",,,,,,,,,
Year,"Real GDP","Project Allocation (%)","Project Investment",Imports,"GDP impact",,,"Baseline GDP Growth","Projected Growth"
2020,39.94452752216726,0,0,0,0,0,,-6.8,-6.8
2021,44.13870291199483,0,0,0,0,0,,10.5,-98.895
2022,48.729128014842296,0,0,0,0,0,,10.4,-98.896
2023,52.53,0,0,0,0,0,,7.8,-98.922
2024,56.46975,0,0,0,0,0,,7.5,-98.925
2025,59.857935,0,0,0,0,0,,6,-98.94
2026,63.030405554999994,0.05,0.51824025668269,0.259120128341345,0.259120128341345,0.20729610267307602,,5.3,-98.94353686511784
2027,66.18192583275,0.1,1.0014304476960194,0.5007152238480097,0.5007152238480097,0.4005721790784078,,5,-98.9471075597867
2028,69.4910221243875,0.15,1.4482002135878804,0.7241001067939402,0.7241001067939402,0.5792800854351522,,5,-98.94761680168
2029,72.96557323060688,0.2,1.8615894125014933,0.9307947062507467,0.9307947062507467,0.7446357650005974,,5,-98.94805350239699
2030,76.61385189213722,0.2,1.7947355145832669,0.8973677572916334,0.8973677572916334,0.7178942058333068,,5,-98.95086790348704
2031,80.44454448674408,0.15,1.2977118688237648,0.6488559344118824,0.6488559344118824,0.519084747529506,,5,-98.95303502999012
2032,84.4667717110813,0.1,0.8340720615883439,0.41703603079417195,0.41703603079417195,0.3336288246353376,,5,-98.9526111744529
2033,88.69011029663537,0.05,0.4020593210838004,0.2010296605419002,0.2010296605419002,0.16082372843352016,,5,-98.95223450050042
2034,93.12461581146714,0,0,0,0,0,,5,-98.95190054180868
2035,97.7808466020405,0,0,0,0,0,,5,-98.95
2036,102.66988893214253,0,0,0,0,0,,5,-98.95
2037,107.80338337874966,0,0,0,0,0,,5,-98.95
2038,113.19355254768715,0,0,0,0,0,,5,-98.95
2039,118.85323017507152,0,0,0,0,0,,5,-98.95
2040,124.7958916838251,0,0,0,0,0,,5,-98.95
2041,131.03568626801638,0,0,0,0,0,,5,-98.95
2042,137.5874705814172,0,0,0,0,0,,5,-98.95
2043,144.46684411048807,0,0,0,0,0,,5,-98.95
