Year,"Real GDP Growth (%)","GDP Deflator Inflation (%)","GDP Deflator Index (2015=100)","Real GDP (GEL bn)"
2020,-6.8,6.9,128.90173747386942,39.94452752216726
2021,10.5,8.3,139.60058168420056,44.13870291199483
2022,10.4,8,150.7686282189366,48.729128014842296
2023,7.8,2.13,153.98,52.53
2024,7.5,3.8,159.83124,56.46975
2025,6,4.1,166.38432084,59.857935
2026,5.3,3.5,172.20777206939997,63.030405554999994
2027,5,3.5,178.23504409182894,66.18192583275
2028,5,3.725,184.87429948424958,69.4910221243875
2029,5,3.725,191.76086714003787,72.96557323060688
2030,5,3.725,198.90395944100428,76.61385189213722
2031,5,3.725,206.3131319301817,80.44454448674408
2032,5,3.725,213.99829609458098,84.4667717110813
2033,5,3.725,221.96973262410413,88.69011029663537
2034,5,3.725,230.238105164352,93.12461581146714
2035,5,3.725,238.8144745817241,97.7808466020405
2036,5,3.725,247.71031375989332,102.66988893214253
2037,5,3.725,256.93752294744934,107.80338337874966
2038,5,3.725,266.5084456772418,113.19355254768715
2039,5,3.725,276.43588527871907,118.85323017507152
2040,5,3.725,286.73312200535133,124.7958916838251
2041,5,3.725,297.41393080005065,131.03568626801638
2042,5,3.725,308.49259972235257,137.5874705814172
2043,5,3.725,319.9839490620102,144.46684411048807
