Year,"Real GDP (2017=100)","Real GDP Growth Rate (%)","Nominal GDP (USD billions)","GDP Deflator (2017=100)","GDP Deflator Growth Rate (%)"
2015,84.5,2.9,80.444,95.2,
2016,86.9,2.8,83.5109,96.1,0.9453781512604953
2017,100,4.8,100,100,4.058272632674304
2018,104.7,4.7,107.1081,102.3,2.299999999999997
2019,110,5.1,114.95,104.5,2.150537634408605
2020,106.6,-3.1,112.1432,105.2,0.6698564593301463
2021,117.8,10.6,129.34439999999998,109.8,4.372623574144481
2022,129.6,10.1,153.576,118.5,7.923497267759566
2023,139,7.3,174.167,125.3,5.738396624472571
2024,146.3,5,187.99550000000002,128.5,2.5538707102952936
2025,152.2,4,199.68639999999996,131.2,2.1011673151750885
2026,158.28799999999998,4,217.18372570359688,137.20795366900643,4.57923297942563
2027,164.61952,4,236.21423747683977,143.49102553381263,4.57923297942563
2028,171.2043008,4,256.91227925113714,150.06181389757305,4.57923297942563
2029,178.052472832,4,279.42396671363133,156.93349396909505,4.57923297942563
2030,185.17457174528002,4,303.90821879579335,164.1198442806928,4.57923297942563
2031,192.58155461509122,4,330.5378795451984,171.6352743157763,4.57923297942563
2032,200.28481679969488,4,359.50093830021933,179.494853401572,4.57923297942563
2033,208.2962094716827,4,391.00185678133596,187.71434092490847,4.57923297942563
2034,216.62805785055,4,425.26301246752286,196.31021793165337,4.57923297942563
2035,225.293180164572,4,462.526268447084,205.299720173162,4.57923297942563
2036,234.30490737115488,4,503.05468082513244,214.70087266599998,4.57923297942563
2037,243.67710366600107,4,547.1343557409822,224.5325258342361,4.57923297942563
2038,253.42418781264112,4,595.076469104875,234.81439330677486,4.57923297942563
2039,263.5611553251468,4,647.2194633121641,245.56709144551692,4.57923297942563
2040,274.10360153815265,4,703.9314364424331,256.81218068360636,4.57923297942563
2041,285.06774559967874,4,765.6127408098515,268.57220875665223,4.57923297942563
2042,296.4704554236659,4,832.6988092089688,280.8707559136087,4.57923297942563
2043,308.32927364061254,4,905.6632288075324,293.73248219796676,4.57923297942563
