"SCENARIO 1: Base Case (Multiplier=0.8, Import Content from SUT)",,,,,,,,,,
,Year,"Real GDP","Project Allocation (%)","Project Investment",Imports,"GDP impact",,,"Baseline GDP Growth","Projected Growth"
,,,,,,I-M,Multiplier,"% of GDP",,
,2020,57.6,0,0,0,0,,#VALUE!,-6.8,#VALUE!
,2021,62.8,0,0,0,0,,0,10.5,#VALUE!
,2022,68.5,0,0,0,0,,0,11,10.5
,2023,73.2,0,0,0,0,,0,7,11
,2024,78.5,0,0,0,0,,0,7,7
,2025,83.4,0,0,0,0,,0,6,7
,2026,88.4,0.05,0,0,0,,0,6,6
,2027,93.7,0.1,0,0,0,,0,6,6
,2028,99.322,0.2,0,0,0,,0,6,6
,2029,105.28132000000001,0.3,0,0,0,,0,6,6
,2030,111.59819920000001,0.2,0,0,0,,0,6,6
,2031,118.29409115200002,0.1,0,0,0,,0,6,6
,2032,125.39173662112003,0.04,0,0,0,,0,6,6
,2033,132.91524081838725,0.01,0,0,0,,0,6,6
,2034,140.89015526749048,0,0,0,0,,0,6,6
,2035,149.34356458353992,0,0,0,0,,0,6,6
,2036,158.30417845855231,0,0,0,0,,0,6,6
,2037,167.80242916606545,0,0,0,0,,0,6,6
,2038,177.8705749160294,0,0,0,0,,0,6,6
,2039,188.54280941099117,0,0,0,0,,0,6,6
,2040,199.85537797565064,0,0,0,0,,0,6,6
,2041,211.84670065418968,0,0,0,0,,0,6,6
,2042,224.55750269344108,0,0,0,0,,0,6,6
,,,,,,,,,,
,,,,,,,,,,
,,Assumptions,,,,,,,,
,,"Exchange rate (Lari/USD)",2.746,,,,,,,
,,"total investment",6.5,,,,,,,
,,"import content share",0.13285141116769517,,,,,,,
,,"demand multiplier",0.8,,,,,,,
,,"Project allocation","Bell shape",,,,,,,
,,,,,,,,,,
,,,,,,,,,,
,,,,,,,,,,
,,,,,,,,,,
,,,,,,,,,,
,,,,,,,,,,
,,,,,,,,,,
,,,,,,,,,,
,,,,,,,,,,
,,,,,,,,,,
,,,,,,,,,,
,,,,,,,,,,
,,,,,,,,,,
,,,,,,,,,,
,,,,,,,,,,
,,,,,,,,,,
"SCENARIO 2: Demand Multiplier = 1.0",,,,,,,,,,
,Year,"Real GDP","Project Allocation (%)","Project Investment",Imports,"GDP impact",Multiplier,"% of GDP","Baseline GDP Growth","Projected Growth"
,,,,,,I-M,,,,
,2020,57.6,0,0,0,0,,#VALUE!,-6.8,0
,2021,62.8,0,0,0,0,,0,10.5,#VALUE!
,2022,68.5,0,0,0,0,,0,11,10.5
,2023,73.2,0,0,0,0,,0,7,11
,2024,78.5,0,0,0,0,,0,7,7
,2025,83.4,0,0,0,0,,0,6,7
,2026,88.4,0.05,0,0,0,,0,6,6
,2027,93.7,0.1,0,0,0,,0,6,6
,2028,99.322,0.2,0,0,0,,0,6,6
,2029,105.28132000000001,0.3,0,0,0,,0,6,6
,2030,111.59819920000001,0.2,0,0,0,,0,6,6
,2031,118.29409115200002,0.1,0,0,0,,0,6,6
,2032,125.39173662112003,0.04,0,0,0,,0,6,6
,2033,132.91524081838725,0.01,0,0,0,,0,6,6
,2034,140.89015526749048,0,0,0,0,,0,6,6
,2035,149.34356458353992,0,0,0,0,,0,6,6
,2036,158.30417845855231,0,0,0,0,,0,6,6
,2037,167.80242916606545,0,0,0,0,,0,6,6
,2038,177.8705749160294,0,0,0,0,,0,6,6
,2039,188.54280941099117,0,0,0,0,,0,6,6
,2040,199.85537797565064,0,0,0,0,,0,6,6
,2041,211.84670065418968,0,0,0,0,,0,6,6
,2042,224.55750269344108,0,0,0,0,,0,6,6
,,,,,,,,,,
,,,,,,,,,,
,,Assumptions,,,,,,,,
,,"Exchange rate (Lari/USD)",2.746,,,,,,,
,,"total investment",6.5,,,,,,,
,,"import content share",0.13285141116769517,,,,,,,
,,"demand multiplier",1,,,,,,,
,,"Project allocation","Bell shape",,,,,,,
,,,,,,,,,,
,,,,,,,,,,
,,,,,,,,,,
,,,,,,,,,,
,,,,,,,,,,
,,,,,,,,,,
,,,,,,,,,,
,,,,,,,,,,
,,,,,,,,,,
,,,,,,,,,,
,,,,,,,,,,
,,,,,,,,,,
,,,,,,,,,,
,,,,,,,,,,
,,,,,,,,,,
,,,,,,,,,,
"SCENARIO 3: Import Content Share = 0.5",,,,,,,,,,
,Year,"Real GDP","Project Allocation (%)","Project Investment",Imports,"GDP impact",Multiplier,"% of GDP","Baseline GDP Growth","Projected Growth"
,,,,,,I-M,,,,
,2020,57.6,0,0,0,0,,#VALUE!,-6.8,0
,2021,62.8,0,0,0,0,,0,10.5,#VALUE!
,2022,68.5,0,0,0,0,,0,11,10.5
,2023,73.2,0,0,0,0,,0,7,11
,2024,78.5,0,0,0,0,,0,7,7
,2025,83.4,0,0,0,0,,0,6,7
,2026,88.4,0.05,0,0,0,,0,6,6
,2027,93.7,0.1,0,0,0,,0,6,6
,2028,99.322,0.2,0,0,0,,0,6,6
,2029,105.28132000000001,0.3,0,0,0,,0,6,6
,2030,111.59819920000001,0.2,0,0,0,,0,6,6
,2031,118.29409115200002,0.1,0,0,0,,0,6,6
,2032,125.39173662112003,0.04,0,0,0,,0,6,6
,2033,132.91524081838725,0.01,0,0,0,,0,6,6
,2034,140.89015526749048,0,0,0,0,,0,6,6
,2035,149.34356458353992,0,0,0,0,,0,6,6
,2036,158.30417845855231,0,0,0,0,,0,6,6
,2037,167.80242916606545,0,0,0,0,,0,6,6
,2038,177.8705749160294,0,0,0,0,,0,6,6
,2039,188.54280941099117,0,0,0,0,,0,6,6
,2040,199.85537797565064,0,0,0,0,,0,6,6
,2041,211.84670065418968,0,0,0,0,,0,6,6
,2042,224.55750269344108,0,0,0,0,,0,6,6
,,,,,,,,,,
,,,,,,,,,,
,,Assumptions,,,,,,,,
,,"Exchange rate (Lari/USD)",2.746,,,,,,,
,,"total investment",6.5,,,,,,,
,,"import content share",0.5,,,,,,,
,,"demand multiplier",0.8,,,,,,,
,,"Project allocation","Bell shape",,,,,,,
