Year,"Real GDP (Billion Lari)","Nominal GDP (Billion Lari)","GDP Deflator (2015=100)","Real GDP Growth (%)","Inflation (%)","GDP Deflator Growth (%)"
2020,57.6,56.2,123.5,-6.8,5.2,4.8
2021,62.8,64.3,129.4,10.5,9.6,4.8
2022,68.5,75.8,140.1,11,11.9,8.3
2023,73.2,86,148.7,7,2.5,6.1
2024,78.5,95.8,154.4,7,3.5,3.8
2025,83.4,105.2,159.6,6,3,3.4
2026,88.4,115,164.6,6,3,3.1
2027,93.7,125.5,169.8,6,3,3.2
2028,99.322,174.34065151500002,175.53075,6,3.375,3.375
2029,105.28132000000001,191.03812741384914,181.4549128125,6,3.375,3.375
2030,111.59819920000001,209.33480406691055,187.57901611992187,6,3.375,3.375
2031,118.29409115200002,229.3838449264189,193.90980791396922,6,3.375,3.375
2032,125.39173662112003,251.35308267424668,200.45426393106567,6,3.375,3.375
2033,132.91524081838725,275.42642416737266,207.2195953387391,6,3.375,3.375
2034,140.89015526749048,301.8053899420027,214.21325668142154,6,3.375,3.375
2035,149.34356458353992,330.7108011636981,221.44295409441952,6,3.375,3.375
2036,158.30417845855231,362.3846281451512,228.91665379510616,6,3.375,3.375
2037,167.80242916606545,397.09201590575304,236.64259086069097,6,3.375,3.375
2038,177.8705749160294,435.1235037291265,244.62927830223927,6,3.375,3.375
2039,188.54280941099117,476.7974572987836,252.88551644493984,6,3.375,3.375
2040,199.85537797565064,522.4627337715746,261.4204026249565,6,3.375,3.375
2041,211.84670065418968,572.5016020985471,270.2433412135488,6,3.375,3.375
2042,224.55750269344108,627.3329430395355,279.364053979506,6,3.375,3.375
2043,238.03095285504756,687.415755659147,288.79259080131436,6,3.375,3.375
