Products/Industries,Imports,Industry_1,Industry_2,Industry_3,Industry_4,Industry_5,Industry_6,Industry_7,Industry_8,Industry_9,Industry_10,Industry_11,Industry_12,Industry_13,Industry_14,Industry_15,Industry_16,Industry_17,Industry_18,Industry_19,Industry_20,Industry_21,Industry_22,Industry_23,Industry_24,Industry_25,Industry_26,Industry_27,Industry_28,Industry_29,Industry_30,Industry_31,Industry_32,Industry_33,Industry_34,Industry_35,Industry_36,Industry_37
Product_1,1200,150,160,170,180,190,200,210,220,230,240,250,260,270,280,290,300,310,320,330,340,350,360,370,380,390,400,410,420,430,440,450,460,470,480,490,500,510
Product_2,1300,5150,170,180,190,200,210,220,230,240,250,260,270,280,290,300,310,320,330,340,350,360,370,380,390,400,410,420,430,440,450,460,470,480,490,500,510,520
Product_3,1400,170,5200,190,200,210,220,230,240,250,260,270,280,290,300,310,320,330,340,350,360,370,380,390,400,410,420,430,440,450,460,470,480,490,500,510,520,530
Product_4,1500,180,190,5250,210,220,230,240,250,260,270,280,290,300,310,320,330,340,350,360,370,380,390,400,410,420,430,440,450,460,470,480,490,500,510,520,530,540
Product_5,1600,190,200,210,5300,230,240,250,260,270,280,290,300,310,320,330,340,350,360,370,380,390,400,410,420,430,440,450,460,470,480,490,500,510,520,530,540,550
Product_6,1700,200,210,220,230,5350,250,260,270,280,290,300,310,320,330,340,350,360,370,380,390,400,410,420,430,440,450,460,470,480,490,500,510,520,530,540,550,560
Product_7,1800,210,220,230,240,250,5400,270,280,290,300,310,320,330,340,350,360,370,380,390,400,410,420,430,440,450,460,470,480,490,500,510,520,530,540,550,560,570
Product_8,1900,220,230,240,250,260,270,5450,290,300,310,320,330,340,350,360,370,380,390,400,410,420,430,440,450,460,470,480,490,500,510,520,530,540,550,560,570,580
Product_9,2000,230,240,250,260,270,280,290,5500,310,320,330,340,350,360,370,380,390,400,410,420,430,440,450,460,470,480,490,500,510,520,530,540,550,560,570,580,590
Product_10,2100,240,250,260,270,280,290,300,310,5550,330,340,350,360,370,380,390,400,410,420,430,440,450,460,470,480,490,500,510,520,530,540,550,560,570,580,590,600
Product_11,2200,250,260,270,280,290,300,310,320,330,5600,350,360,370,380,390,400,410,420,430,440,450,460,470,480,490,500,510,520,530,540,550,560,570,580,590,600,610
Product_12,2300,260,270,280,290,300,310,320,330,340,350,5650,370,380,390,400,410,420,430,440,450,460,470,480,490,500,510,520,530,540,550,560,570,580,590,600,610,620
Product_13,2400,270,280,290,300,310,320,330,340,350,360,370,5700,390,400,410,420,430,440,450,460,470,480,490,500,510,520,530,540,550,560,570,580,590,600,610,620,630
Product_14,2500,280,290,300,310,320,330,340,350,360,370,380,390,5750,410,420,430,440,450,460,470,480,490,500,510,520,530,540,550,560,570,580,590,600,610,620,630,640
Product_15,2600,290,300,310,320,330,340,350,360,370,380,390,400,410,5800,430,440,450,460,470,480,490,500,510,520,530,540,550,560,570,580,590,600,610,620,630,640,650
Product_16,2700,300,310,320,330,340,350,360,370,380,390,400,410,420,430,5850,450,460,470,480,490,500,510,520,530,540,550,560,570,580,590,600,610,620,630,640,650,660
Product_17,2800,310,320,330,340,350,360,370,380,390,400,410,420,430,440,450,5900,470,480,490,500,510,520,530,540,550,560,570,580,590,600,610,620,630,640,650,660,670
Product_18,2900,320,330,340,350,360,370,380,390,400,410,420,430,440,450,460,470,5950,490,500,510,520,530,540,550,560,570,580,590,600,610,620,630,640,650,660,670,680
Product_19,3000,330,340,350,360,370,380,390,400,410,420,430,440,450,460,470,480,490,6000,510,520,530,540,550,560,570,580,590,600,610,620,630,640,650,660,670,680,690
Product_20,3100,340,350,360,370,380,390,400,410,420,430,440,450,460,470,480,490,500,510,6050,530,540,550,560,570,580,590,600,610,620,630,640,650,660,670,680,690,700
Product_21,3200,350,360,370,380,390,400,410,420,430,440,450,460,470,480,490,500,510,520,530,6100,550,560,570,580,590,600,610,620,630,640,650,660,670,680,690,700,710
Product_22,3300,360,370,380,390,400,410,420,430,440,450,460,470,480,490,500,510,520,530,540,550,6150,570,580,590,600,610,620,630,640,650,660,670,680,690,700,710,720
Product_23,3400,370,380,390,400,410,420,430,440,450,460,470,480,490,500,510,520,530,540,550,560,570,6200,590,600,610,620,630,640,650,660,670,680,690,700,710,720,730
Product_24,3500,380,390,400,410,420,430,440,450,460,470,480,490,500,510,520,530,540,550,560,570,580,590,6250,610,620,630,640,650,660,670,680,690,700,710,720,730,740
Product_25,3600,390,400,410,420,430,440,450,460,470,480,490,500,510,520,530,540,550,560,570,580,590,600,610,6300,630,640,650,660,670,680,690,700,710,720,730,740,750
Product_26,3700,400,410,420,430,440,450,460,470,480,490,500,510,520,530,540,550,560,570,580,590,600,610,620,630,6350,650,660,670,680,690,700,710,720,730,740,750,760
Product_27,3800,410,420,430,440,450,460,470,480,490,500,510,520,530,540,550,560,570,580,590,600,610,620,630,640,650,6400,670,680,690,700,710,720,730,740,750,760,770
Product_28,3900,420,430,440,450,460,470,480,490,500,510,520,530,540,550,560,570,580,590,600,610,620,630,640,650,660,670,6450,690,700,710,720,730,740,750,760,770,780
Product_29,4000,430,440,450,460,470,480,490,500,510,520,530,540,550,560,570,580,590,600,610,620,630,640,650,660,670,680,690,6500,710,720,730,740,750,760,770,780,790
Product_30,4100,440,450,460,470,480,490,500,510,520,530,540,550,560,570,580,590,600,610,620,630,640,650,660,670,680,690,700,710,6550,730,740,750,760,770,780,790,800
Product_31,4200,450,460,470,480,490,500,510,520,530,540,550,560,570,580,590,600,610,620,630,640,650,660,670,680,690,700,710,720,730,6600,750,760,770,780,790,800,810
Product_32,4300,460,470,480,490,500,510,520,530,540,550,560,570,580,590,600,610,620,630,640,650,660,670,680,690,700,710,720,730,740,750,6650,770,780,790,800,810,820
Product_33,4400,470,480,490,500,510,520,530,540,550,560,570,580,590,600,610,620,630,640,650,660,670,680,690,700,710,720,730,740,750,760,770,6700,790,800,810,820,830
Product_34,4500,480,490,500,510,520,530,540,550,560,570,580,590,600,610,620,630,640,650,660,670,680,690,700,710,720,730,740,750,760,770,780,790,6750,810,820,830,840
Product_35,4600,490,500,510,520,530,540,550,560,570,580,590,600,610,620,630,640,650,660,670,680,690,700,710,720,730,740,750,760,770,780,790,800,810,6800,830,840,850
Product_36,4700,500,510,520,530,540,550,560,570,580,590,600,610,620,630,640,650,660,670,680,690,700,710,720,730,740,750,760,770,780,790,800,810,820,830,6850,850,860
Product_37,4800,510,520,530,540,550,560,570,580,590,600,610,620,630,640,650,660,670,680,690,700,710,720,730,740,750,760,770,780,790,800,810,820,830,840,850,6900,870
