,"INTERMEDIATE CONSUMPTION
(at current prices, mil. GEL)",,,,,,,,,,,,,,,,,,,,,,,,,,,,,,,,,,,,,,,,,,,,,,,,,,,,,,,,,,,,,,,,,,,,,,,,,,,,,,
"NACE 
Rev. 2 ","Economic Activities","I 10","II 10","III 10","IV 10",2010,"I 11","II 11","III 11","IV 11",2011,"I 12","II 12","III 12","IV 12",2012,"I 13","II 13","III 13","IV 13",2013,"I 14","II 14","III 14","IV 14",2014,"I 15","II 15","III 15","IV 15",2015,"I 16","II 16","III 16","IV 16",2016,"I 17","II 17","III 17","IV 17",2017,"I 18","II 18","III 18","IV 18",2018,"I 19","II 19","III 19","IV 19",2019,"I 20","II 20","III 20","IV 20",2020,"I 21","II 21","III 21","IV 21",2021,"I 22","II 22","III 22","IV 22",2022,"I  23","II  23","III  23","IV  23",2023,"I  24","II  24","III  24","IV  24",2024,"I 25*","II 25*","III 25*"
A,"Agriculture, forestry and fishing",260.3794062292806,297.9428081210493,318.014904717913,324.8074613082737,1201.144580376516,306.8307562789112,371.0741854801655,391.811001352019,398.870513243624,1468.58645635472,304.0151718522381,355.3452275558276,360.3163665003217,400.5114081534222,1420.18817406181,319.2663600089267,392.325168302922,408.0144859916988,409.9115028031138,1529.517517106661,332.5063099811152,420.575108629252,443.0547453584505,444.1379981246938,1640.274162093512,320.2718561519468,432.8294192946784,462.833886456323,422.5903813066476,1638.525543209596,310.2890482377375,423.5636965848876,468.5142662793706,407.1782918335326,1609.545302935528,362.223713571078,433.3408125652826,427.2493199504183,392.5841254670428,1615.397971553822,385.7978691294402,510.9534311780104,530.9790167679231,455.5733104165794,1883.303627491953,390.7137966931335,561.4652987711362,559.3095515040856,485.1351079802444,1996.6237549486,397.4270944373954,622.1366288841948,670.7909105206907,527.0209424272556,2217.375576269536,415.9123108426525,663.0675820778325,720.2191393955974,557.7875619662678,2356.98659428235,480.8001450690931,736.4312760028872,772.8557279825395,608.6574832208163,2598.744632275336,550.5261139498459,825.2972399054432,901.4151491959949,680.9340215567604,2958.172524608045,526.4181491621924,829.4444663490069,952.642666895967,671.039285337242,2979.544567744408,556.0822612128693,876.4052781023724,1016.81361703287
B,"Mining and quarrying",30.2616533051542,34.19314928483436,38.97963375797021,34.55163705048846,137.9860733984472,45.14471067162972,43.46804358599913,54.99284121691211,45.038896094238,188.644491568779,58.29429727900251,48.31364830484654,62.68125962009368,44.66108159080932,213.950286794752,49.68708316270573,59.87632722504104,56.96430346041148,48.92985106240818,215.4575649105664,53.08490488871762,66.12197972328597,83.35880527205214,95.70448545362132,298.2701753376771,83.99691120806483,107.8874584209086,131.7016587041967,131.3983410335366,454.9843693667068,90.11348547532431,105.8134630990279,103.0808480945089,94.50131415212383,393.5091108209849,91.44645452952001,93.0949697629775,115.0422745830728,117.3166288553721,416.9003277309425,122.895554031171,143.5974673890953,140.9740022562183,134.2514611735381,541.7184848500228,119.2575771868569,143.4980981557227,161.1894466333657,193.0853842319614,617.0305062079067,156.9687376798081,204.2824625799208,228.6436439441853,216.5055504848427,806.4003946887569,175.0220153314802,188.0079083864923,182.0789776233615,189.8565326818926,734.9654340232265,211.83107439573,218.1541188595095,231.4454600790316,216.5173386570614,877.9479919913324,272.3523623116998,313.9659989370537,350.8078161541129,335.7955162625136,1272.92169366538,280.0896898338183,373.4457807014908,423.0740064231325,442.4657195905854,1519.075196549027,410.1888960005604,494.9134423839932,489.6852344058675
C,Manufacturing,899.3325230845708,1055.506514147001,1321.633260778498,1237.100277491813,4513.572575501883,1212.994539984199,1427.392285747427,1733.036261888622,1523.52177642965,5896.944864049897,1252.091935166288,1520.72261575358,1774.526154158328,1443.415145146661,5990.755850224857,1270.806922281236,1593.773546255497,1927.493602341281,1833.241402872952,6625.315473750966,1461.4334231873,1691.496611042091,2041.373801150998,2010.068631411672,7204.372466792061,1493.466102291513,1734.985010191122,1959.497680917723,1999.367505894378,7187.316299294736,1620.414065232329,1958.323033281276,2249.439518718369,2312.230494852129,8140.407112084102,1690.189027040471,2030.900489553758,2415.825759282974,2484.703021463321,8621.618297340525,1915.796060776153,2313.239427392587,2492.666722818166,2704.147697422989,9425.849908409895,2079.982917459552,2475.635192874296,2997.108992632527,3092.007515608407,10644.73461857478,2389.012268814798,2489.177424194956,3276.368978378146,3431.208905092405,11585.7675764803,2619.79815561542,3521.554204930538,4033.705894913861,4270.261572450162,14445.31982790998,3298.597929426808,4057.498991160808,4501.094811829705,4416.63260914084,16273.82434155816,3294.720069827436,3739.935992879497,4418.234888336383,4382.612151572738,15835.50310261605,3683.593047148383,4256.828739413555,4973.939930857488,4547.53899838235,17461.90071580178,3681.787185369235,4683.783130031657,5233.622600672053
D,"Electricity, gas, steam and air conditioning supply",61.77479790966062,52.44289286668984,48.12840365220449,68.20335132463516,230.5494457531901,101.8064804750103,88.26791751266855,75.24490954746578,108.1696496143678,373.4889571495124,115.060589506425,87.04130328364592,87.56924691108388,118.4970860111623,408.1682257123171,102.8829176317701,86.60339974557435,91.82644967187295,161.1717612709774,442.4845283201948,126.7870730609351,123.2243267282028,107.8869943277181,118.3417608780194,476.2401549948753,132.3256217048237,122.1851487768165,128.4757255366801,143.6910502484606,526.6775462667808,139.3387123788126,141.8614204035565,143.0392368058135,161.9783324590187,586.2177020472013,129.4531968516048,133.5160827520162,140.9778645735644,155.99732385637,559.9444680335553,166.2535346582915,154.2494957473571,153.1455187092375,150.7054785734205,624.3540276883066,185.5437867268331,165.5131609731383,161.9291822625902,171.9595346485014,684.945664611063,168.9780449542863,150.1284634648465,142.0749739964003,162.8256491772659,624.0071315927989,152.1613180034789,164.0593878428572,197.9490619999239,220.1744006188881,734.344168465148,220.9091774994275,238.177743540301,236.3302844415039,220.7088731318038,916.1260786130363,228.6306486058628,207.402674604983,222.2486811600404,199.2094975204718,857.491501891358,267.6260445965895,234.0280340119189,258.6701395378283,239.6490672174361,999.9732853637728,259.7175414914959,255.1732871592049,273.1620841278831
E,"Water supply; sewerage, waste management and remediation activities",17.53053936342413,19.76444213704071,21.40644217451199,24.64740013549524,83.34882381047207,17.78516826006461,21.84061882494017,32.85319867383078,42.34152803514961,114.8205137939852,23.15837622047379,22.54620274545037,21.90364435127787,24.57571175397065,92.18393507117267,20.0549175075199,21.29268657428181,20.87436529425166,20.68162817747133,82.90359755352469,16.72279166242356,18.28068822879584,21.72317563876095,22.68605574348377,79.41271127346413,27.44857401459226,31.34585958573099,43.56776668782882,36.7133941408967,139.0755944290487,29.71189169820247,33.43109403531106,32.19809457332279,33.62382459888021,128.9649049057165,30.18573839914836,38.02394591558019,44.42665324551051,39.89347227859276,152.5298098388318,43.03434821243614,44.33105969985883,47.77719008728135,44.3351194341177,179.477717433694,42.66603503322512,45.25249092620928,47.74364954446266,44.05577024573572,179.7179457496328,37.5495804526032,38.63234538635183,41.85545551810687,45.39037361978356,163.4277549768454,47.38519766637803,64.43910159837579,65.51770484106193,64.6176231865431,241.9596272923588,48.80876215500868,52.10492349974095,53.96435982224352,50.6277345373078,205.505780014301,66.85334207356676,74.54927484461672,83.08292034924719,84.9293616081615,309.4148988755921,82.88459465863788,93.83027113413803,106.7165415256853,106.0013395455623,389.4327468640236,94.60300313624388,107.0690910819831,109.8746399347991
F,Construction,192.6216241240715,315.7338542482399,385.4394339153254,539.0789596978951,1432.873871985532,218.4140878251941,425.3172471521647,707.8156989097654,1110.024662699661,2461.571696586785,653.8228051274244,793.3593029399142,1011.855953765192,1063.297658655531,3522.335720488062,317.6534377292112,538.8291403345899,546.4647049405717,810.5519195610079,2213.499202565381,439.6648237697748,641.3323760668758,810.1112628768395,934.5363041513201,2825.64476686481,636.1315341575277,878.6839776993327,1112.217483378096,1067.126219062338,3694.159214297293,934.3219114644382,1197.189553626116,1344.831469600899,1338.811638274833,4815.154572966285,880.7833094373293,1257.302206823922,1412.083618963666,1377.095611139931,4927.264746364848,995.6727369406811,1267.433773981761,1399.456448955878,1533.148284707525,5195.711244585846,894.9052577119759,1281.849951050098,1682.477803113798,1811.178988794917,5670.412000670788,1206.151126602576,1135.811754609959,1840.300934534338,1991.065007185867,6173.328822932739,1128.23855541901,1536.981955228478,1704.352110348312,1975.200605602505,6344.773226598304,1419.53772037353,1803.346336952005,2268.538477539371,2838.510283269271,8329.932818134175,1827.736179037348,2279.268885015152,2566.003650254324,3149.797738562773,9822.806452869598,2189.266903563419,2835.449939933041,3406.588616788613,3697.94755656677,12129.25301685184,2426.154878590862,2955.685643590309,3545.888281857698
G,"Wholesale and retail trade; repair of motor vehicles and motorcycles ",280.8245471531972,321.3094232667849,370.7527648262865,460.2268000877275,1433.113535333996,396.6385976538425,495.7694061744065,547.0523352783766,593.6113786585657,2033.071717765191,419.191690177343,470.4581835576508,499.0230572393035,555.1653596611668,1943.838290635464,314.0985792260873,357.6079322219561,408.138551841095,456.5732402577993,1536.418303546938,433.4973800919721,457.2344085838155,480.4337537038893,569.2215414573689,1940.387083837046,434.1957581760843,525.5888616353122,547.386678898547,570.3946747562111,2077.565973466155,514.3220227228023,588.1186490560875,656.1799170774044,739.7253119064012,2498.345900762695,534.2090390274133,556.1803537076865,642.1471290780239,712.600295115011,2445.136816928135,565.3648406072925,644.599429787741,713.3102541987749,749.4906794813176,2672.765204075126,671.2488639711644,775.0334869004338,931.7059383336658,999.0125360863933,3377.000825291658,662.7587324551021,621.2971536543139,848.5592605771631,801.5406558479091,2934.155802534488,732.6687485428026,1077.65804599787,1070.900679379686,1154.083216838786,4035.310690759145,1103.952585717367,1404.900700243204,1554.392807685193,1843.357052005124,5906.603145650888,1249.696546964559,1574.645853957869,1663.117498628688,1840.569487939001,6328.029387490116,1365.214751906033,1706.517456143191,1910.593688888173,1933.746265194489,6916.072162131886,1498.460334716118,1868.606197535709,2083.615059476769
H,"Transportation and storage",271.3208111776888,293.6172717275559,333.3072859809827,399.6928933243354,1297.938262210563,364.8765524512382,401.3507580303111,380.9812295962856,377.5309797737463,1524.739519851581,343.7427455122988,488.9352333962038,339.5651265192038,348.3932948312401,1520.636400258946,309.7254010457821,338.6247493533842,411.872972996417,423.1893055803079,1483.412428975891,385.2702067612017,395.0956821239454,450.9592434889904,443.8689471122203,1675.194079486358,390.4348220342384,467.2555928949544,502.2481520162356,480.1451897848374,1840.083756730266,471.4075989845684,432.934251176857,485.4420491575273,576.2803558051953,1966.064255124148,434.8642682871298,472.1077103044544,580.4648942082314,549.5339166480393,2036.970789447855,479.321491158214,566.9021801845728,609.0642903791772,627.3487157128086,2282.636677434773,551.8570799526282,686.5163107272739,782.8993877552448,852.4577898104399,2873.730568245587,582.9282531205308,535.4317322571208,601.4558224163853,631.9559263349179,2351.771734128955,582.9540895352229,768.5061055305922,736.6382318291672,885.3584470599862,2973.456873954969,899.1418311727783,986.0978337010342,1068.173878541927,1098.653031396919,4052.066574812658,871.0711477223576,923.8051994081358,1118.514605593095,1232.925066361147,4146.316019084736,961.7847794952091,1134.131553303745,1306.656735246827,1365.575462434346,4768.148530480128,1170.288385713988,1301.266174513579,1471.269102572355
I,"Accommodation and food service activities",91.57013074648208,111.8986310623686,128.8311281813029,137.0590341371927,469.3589241273462,147.5765741660665,178.8797729315122,235.7444757638996,213.1447460692479,775.3455689307262,199.2359905923536,218.2383150893182,254.9930672279419,204.125348538641,876.5927214482547,178.8186025510257,265.1840547197463,316.3953728647521,249.3165084480676,1009.714538583592,210.070567027291,258.3752484066698,322.7110883861853,275.7903065242472,1066.947210344393,225.3128449200948,276.8187455769467,344.3810810638112,321.6591121374037,1168.171783698256,253.6091014106057,294.4188259396097,392.4003177882199,370.5334711655156,1310.961716303951,333.6664935736069,391.5330028569919,489.7468977166225,420.842054505588,1635.788448652809,401.7056980724679,478.4790804870918,593.5524340204918,526.4196319510912,2000.156844531143,424.0759967036182,490.5286565931481,587.9456499017535,501.818720364069,2004.369023562589,426.6995371429131,263.231555640174,341.3613095846965,295.1148344559321,1326.407236823716,264.9183517814199,532.2356336884117,659.6607649172522,660.2772964175697,2117.092046804653,384.6488805174872,531.7258659729174,766.2737337231636,666.1506858606272,2348.799166074195,521.2715136651749,646.2355631258135,885.2324645721997,753.9587351974519,2806.69827656064,614.6750670465251,892.4517008191674,1058.710442522306,898.7487660293343,3464.585976417333,705.7809655249789,1003.777604474635,1242.861609640613
J,"Information and communication",101.4547374671543,113.1264339106555,118.7144108489303,145.6653557338464,478.9609379605865,121.158031974454,119.1323475415608,129.8973540043194,158.2873090460354,528.4750425663697,109.4489461549715,115.0677781746633,132.1224925692026,139.5746118114672,496.2138287103046,103.6018571802857,108.0649487509347,118.002675673776,148.2222269458289,477.8917085508253,124.3757035327316,130.0476320009093,133.9829505335362,161.7172471747075,550.1235332418845,137.8771656667275,145.2574545365064,147.2180482987641,168.565416045784,598.9180845477821,137.4748103833206,145.1876235365138,141.0601323557882,178.9045673872783,602.6271336629009,151.637109971096,172.013579211797,172.1042534277468,195.7994408601055,691.5543834707454,156.1379103367738,175.8075213324482,175.469696778256,203.8815409582352,711.2966694057131,172.6155073139167,188.3407594777943,208.8655580967267,227.0629238473322,796.88474873577,158.0229344863289,136.1208622031385,176.7300534301444,208.1167549376192,678.990605057231,175.3614493434125,200.4670757060198,218.0197602070604,254.5941036369744,848.4423888934672,239.4743261519826,297.7493078213323,347.0633756571245,388.2133820322208,1272.50039166266,315.7101664012754,342.5605865227803,365.3640275757809,414.7452901748957,1438.380070674732,472.306254756425,513.8716240627334,604.6224974905781,661.4608827744684,2252.261259084205,999.8914789170736,859.473989737722,770.7260283532484
K,"Financial and insurance activities",117.6822761939555,109.9603345547989,113.7336290182639,260.7282379957738,602.1044777627922,122.2731778070802,117.9217707096707,125.8759539504248,258.7327575551292,624.8036600223049,96.83986246417453,89.91162958474544,99.47839068817521,148.7293793090599,434.9592620461551,104.9439439257644,97.49079840314504,96.18494077051086,171.2375099203772,469.8571930197975,102.1878266181339,98.5078867047577,111.8661319117143,147.6814869036642,460.2433321382701,108.9047870212216,97.05238316530958,102.9299951229661,136.0890898851873,444.9762551946845,143.1320485636003,141.181571427827,160.9380020032799,196.5406475911707,641.7922695858779,146.181196836506,150.1572415634804,165.1753637164787,145.4294940739629,606.943296190428,165.8592520947089,167.9509139889194,186.8172896390864,188.3818309852964,709.0092867080111,211.9798704925138,196.298805528182,205.5487460655403,220.9698712467267,834.7972933329628,201.8902689174529,201.9479416035583,232.1854315609306,268.5372714966452,904.5609135785869,250.8810290556778,320.8950693434091,299.6606585423526,308.0805838043493,1179.517340745789,301.3119434908055,323.410401244118,365.7805470349882,356.3188653429467,1346.821757112858,317.7746316824409,333.113949924109,368.4100609150293,354.3120040428184,1373.610646564398,400.2537742967775,389.6845493639026,466.1780374283325,451.2328156621402,1707.349176751153,441.7070332158985,506.8472676251764,525.3374619902255
L,"Real estate activities",56.76378908597719,60.7262585764939,79.05029890646136,160.2340129018026,356.774359470735,83.28015116687855,76.17196646893262,91.94506251618554,145.1056066797981,396.5027868317948,98.37776880384138,72.87092886036915,95.39608241008459,167.3083510676581,433.9531311419532,80.04910396709965,94.22732284747346,114.5111191293756,167.8206652243858,456.6082111683345,127.4562638765904,119.5745641305485,139.2914415427396,175.0079171933423,561.3301867432207,134.2851705317757,125.9083452123942,159.0317998770827,185.9283309277231,605.1536465489758,142.1947720761115,152.6244473192736,148.4402308430617,212.8273925615792,656.086842800026,171.1644540371582,165.8528514611899,194.0426780633631,227.2225503748354,758.2825339365468,163.5602504699131,184.5973436091731,233.1745666855268,233.0629744955983,814.3951352602113,221.7347447971195,216.9536652605311,239.7297476558994,273.3155008511357,951.7336585646857,209.7256557165893,169.2758369089214,223.8065578790841,223.2130938617966,826.0211443663915,165.0409477828745,256.498092844606,269.0139339940603,256.3547575149732,946.9077321365139,241.6541394831373,258.3584934464452,342.1119909296627,352.3742866093152,1194.498910468561,279.3401644115658,305.3331925740789,380.2606775899569,462.0816503961176,1427.015684971719,405.9357084593265,419.6929033437869,524.5139320008161,567.0055482379563,1917.148092041886,458.6216634195948,500.6727483924525,635.0704182019548
M,"Professional, scientific and technical activities",25.42591470256866,31.86811861321375,32.49575303558632,50.91559350855862,140.7053798599273,39.41907911821215,58.5773852893644,61.33922817651511,78.49628635568884,237.8319789397805,51.08412529040307,61.01739410805218,61.07290817008257,63.67067798155953,236.8451055500973,55.41420549481215,74.9115545725374,76.3031034931655,93.45851692011064,300.0873804806257,54.52660615236046,64.05221386916239,72.71962327352064,78.11697368359576,269.4154169786393,85.7232320231964,92.83580433443218,94.55333927311324,130.3542910420969,403.4666666728388,95.23852500271349,113.9661401192341,115.2387256037537,128.8027026162725,453.2460933419737,94.73603301651383,110.7929996360831,121.1527595303376,135.717443248563,462.3992354314975,103.3316459223822,116.3659902886831,123.590605282742,136.8034659352613,480.0917074290687,119.6481979261357,130.9159544174502,140.1309307566138,162.1765027620549,552.8715858622545,108.7270693239168,98.92278281627415,127.923411625022,133.2507692294672,468.8240329946801,135.4242393650281,160.4058002044765,180.9003270233111,189.6857972967742,666.4161638895899,161.1747993882414,159.7194745492676,193.8046728314065,203.9892063545787,718.6881531234942,161.1067706450851,180.9853450054508,221.4507921861546,223.6985106943822,787.2414185310727,181.3646121881185,202.0641639585041,230.4559207876538,249.670695717359,863.5553926516354,204.386227457748,233.9217951408297,255.362382588458
N,"Administrative and support service activities",15.58484157002345,23.47127481165673,24.05060824882277,24.24435137971652,87.35107601021947,17.44155696669383,23.192754873905,22.08718307253622,33.16290298141689,95.88439789455195,22.3746380252034,28.39486258261432,26.75490053767195,27.2513589882604,104.7757601337501,17.02148390726262,21.467666748375,26.43267600827499,40.96420850755844,105.8860351714711,23.14830726614855,31.39680045484853,39.12694698229088,37.39752625811283,131.0695809614008,47.80253623876713,55.50149606473012,49.04998639424429,50.63819776276782,202.9922164605094,36.04578594504611,44.34841426322198,54.07518154138376,41.9727042629194,176.4420860125712,61.13617186762711,84.59984878510036,94.73948378410039,83.02811989513894,323.5036243319668,68.94987279072386,92.83879125130021,116.5300880227885,92.27548428039896,370.5942363452115,81.98646301846199,114.7622952166444,136.7446935208332,98.10201911286036,431.5954708688,86.78211088457866,46.02572346063647,54.67370510003287,54.75963445142096,242.241173896669,43.55522114791822,53.67477824755711,87.28913155589234,73.06684452499128,257.585975476359,74.36071854813767,89.23976800285605,134.2205615813461,118.3958723690888,416.2169205014287,98.0684476654473,121.5111968973911,167.8516944866703,140.5340281189054,527.9653671684142,120.3885833547754,170.5133193592006,216.5504517563768,183.3099453320305,690.7622998023833,154.082527409729,203.05524222399,244.4884427307406
O,"Public administration and defence; compulsory social security",153.3531769827256,233.4606180004307,269.3973013342616,362.2152231469126,1018.426319464331,198.0710897389408,270.2642335376265,286.2285045717857,342.9405038818772,1097.50433173023,272.0770478947982,307.1697028512876,296.5311972465199,295.7204080709628,1171.498356063569,163.7617994059187,214.2502938419049,261.7310634243991,376.7766741857376,1016.51983085796,220.8424195974191,274.8029648484518,284.3263977195675,334.4874746841319,1114.45925684957,177.9343723075527,238.8957876237707,265.1430867107906,339.1878565427484,1021.161103184862,218.3640524838605,267.5537757146336,280.3054488756006,367.1343281113934,1133.357605185488,223.6407713199075,327.7103052375961,345.8614871081993,391.2412956968198,1288.453859362523,275.5971118274875,319.7181547291169,311.306483455475,423.0389045733712,1329.660654585451,280.8394543651148,333.6633921694906,312.7241677207765,384.5004865560869,1311.727500811469,278.9680400266361,263.9886563685948,322.5667143278155,420.3246178866793,1285.848028609726,286.711679005672,376.9786774713238,408.0156945907132,475.5890558257091,1547.295106893418,349.1451384659721,405.8837892427157,429.5445088974755,576.7458693526945,1761.319305958858,440.1448784202698,567.5365892287994,495.9121494178545,657.6791650108084,2161.272782077732,526.4254025480978,581.734282567204,549.1749428268888,688.6391970030136,2345.973824945204,510.5483119812205,554.9226388133518,541.9010236390967
P,Education,38.69112926382435,41.14734288754417,37.02743448233947,52.29884810390054,169.1647547376085,53.28334586551564,55.33548964584944,47.85212257321659,59.64256500274867,216.1135230873303,45.51647424406881,49.92016748294704,39.32836359122742,54.85069075996064,189.6156960782039,51.46300756139045,61.5612213168845,50.39686343255068,87.63522183453883,251.0563141453645,59.6760096934722,67.50211440769442,110.4714408275722,82.2250098422943,319.8745747710331,63.76241233865384,71.0302001175072,53.73775088011388,82.39692949231473,270.9272928285897,64.14697479193025,67.25052227878354,54.29041674598958,76.22480423736897,261.9127180540723,71.32238456152274,76.00994495178445,61.01472139378345,83.7306638696464,292.077714776737,81.40054917862325,89.03954488689946,68.80678795791168,91.60819686700687,330.8550788904413,101.5050033333235,108.5268370087425,83.78470915466747,125.2371545638316,419.0537040605651,96.2843329108557,81.73599013533256,67.96571523893125,100.3761155067207,346.3621537918402,107.3940928928876,119.4371352653709,92.27325193084644,140.0890244154793,459.1935045045842,127.1534754577775,144.6208364880739,105.987203467718,162.3910824219689,540.1525978355384,176.9266213920786,197.0200062597129,157.0382900074901,229.5613086111773,760.546226270459,202.0911391781514,227.8253797758144,169.2102504802251,276.3774477236137,875.5042171578045,244.9156059536288,272.983196119444,193.3892343465867
Q,"Human health and social work activities",112.6314335128239,125.7084865408527,129.3497415645011,153.0704944517134,520.7601560698911,129.5961702568957,137.6145206964083,140.1351315189456,151.8254127721993,559.1712352444489,122.432612524817,129.9794269466627,132.1052554289836,153.591084910423,538.1083798108864,117.9764094024967,128.9751552827004,127.5561552094002,146.4036369763409,520.9113568709381,155.2475581734944,168.7611148565342,169.8820126981534,195.9832534265151,689.8739391546969,187.5393589481488,199.4689661685948,189.5186221617724,199.073284640989,775.600231919505,230.6288708507435,211.6762899333617,194.392194635622,225.9998326526691,862.6971880723963,228.7173658031388,238.3157442671628,225.2162478336276,258.8557709687192,951.1051288726485,243.2379114729415,254.8528089014826,253.6111229628153,307.0847698015076,1058.786613138747,280.8510873714606,311.9834988882884,312.2380992436957,372.6637178331882,1277.736403336633,396.9026099483841,414.4739072403163,465.9777736623272,522.3381297789377,1799.692420629965,452.2216383478255,480.7554603242521,508.1556998324024,605.8425036316289,2046.975302136109,524.4309386552502,491.8453343348123,413.206868021614,473.4703404107785,1902.953481422455,372.0732915845678,368.1567050963242,348.7208371953222,370.3360311177754,1459.28686499399,364.7657409084158,376.6744882844844,393.6065717377061,478.957386459529,1614.004187390135,458.2540332724073,485.5794844744253,479.4902132118734
R,"Arts, entertainment and recreation",51.39797744927057,87.68380369372953,77.75659745437576,122.1818354263372,339.0202140237132,60.13128214380296,79.76242041423029,73.74966629110145,91.32078765485575,304.9641565039905,176.6072855802433,236.5137243153174,313.8984186414252,323.9012459971012,1050.920674534087,234.5619368409343,274.9829251240342,260.0462284328897,260.1568996319256,1029.747990029784,110.0704081427812,113.5867134882413,97.51925433766216,92.86314993167095,414.0395259003556,91.57127543533515,193.7527462362044,94.94093640678233,122.6666573825697,502.9316154608915,134.462289260938,176.7944782016098,202.3760360375011,198.8667918119982,712.499595312047,200.3827785980815,199.8627027385565,216.5737460955257,226.3552237206896,843.1744511528532,188.1662391268861,212.2463433639866,227.3387282287144,252.9458104259529,880.69712114554,254.3452862323843,299.206746240765,343.5764398240474,380.3915829109625,1277.520055208159,281.4002458275548,147.2372234482378,246.742730679686,275.8311082974916,951.2113082529703,243.8332988661849,404.3613477675166,476.4313958955281,488.9692135825064,1613.595256111736,363.0553620682155,357.7060557148448,429.0204077329849,501.3825363398557,1651.164361855901,440.0992671602229,489.1128502587578,520.4751393780616,587.878844262472,2037.566101059514,548.6713923190584,583.2547747251222,663.5396566406556,701.4591105429885,2496.924934227825,609.3839560505488,757.8831676991456,833.7037115890556
S,"Other service activities",17.90971598812932,21.00768881111693,19.31772943236371,29.81180129575905,88.04693552736902,29.59279686541208,31.80849822136992,27.66073393723121,39.92463823235182,128.986667256365,38.03208490921071,53.59729048883517,45.44410023182178,56.07809717855675,193.1515728084244,24.2894533300589,26.94096970454781,29.93666347201185,47.93741542656772,129.1045019331863,60.78083888352177,57.21313868920751,59.019376878813,99.12354993065846,276.1369043822007,62.61471697571145,43.0276659468353,72.81019546970273,40.48552701196204,218.9381054042115,55.94089306320838,66.02770294573405,51.16119134463592,59.94812801992518,233.0779153735035,58.63347450536644,77.958669934456,72.08615087688781,84.35176170399691,293.0300570207072,67.27467583276264,68.58542637485017,64.82089694357387,72.94175123294295,273.6227503841296,52.76878526688043,59.07643953443636,60.85193629139243,60.64335853220284,233.3405196249121,64.48216538147796,48.96388697062427,62.52515264326448,78.57050339178284,254.5417083871496,58.86656414575006,86.64745720110426,100.0580661607712,109.619500552618,355.1915880602435,85.89490683558252,103.6750105493466,107.2818567408455,110.4012305846462,407.2530047104208,93.99148085967973,107.2404040487279,101.2263879841161,110.3982538675201,412.8565267600439,100.8151758715238,125.8422005236049,139.9530543002337,144.571208192245,511.1816388876073,92.90729624600225,119.2039754924472,134.2794947376161
T,"Activities of households as employers; undifferentiated goods and servicies producing activities of household for own use",0,0,0,0,0,0,0,0,0,0,0,0,0,0,0,0,0,0,0,0,0,0,0,0,0,0,0,0,0,0,0,0,0,0,0,0,0,0,0,0,0,0,0,0,0,0,0,0,0,0,0,0,0,0,0,0,0,0,0,0,0,0,0,0,0,0,0,0,0,0,0,0,0,0,0,0,0,0
,Total,2796.511025309983,3350.569347262058,3867.386762310902,4586.733568502176,14601.20070338512,3666.314149670042,4423.141622838512,5166.302892839439,5771.69290078035,19027.45156612834,4401.404447325578,5149.402938021933,5654.565985807942,5633.318000417613,20838.69137157307,3836.077422160288,4756.989861325529,5349.146298448708,5954.180095607478,19896.393677542,4497.349422367384,5197.18157298329,5979.818446909455,6318.959619885341,21993.30906214547,4841.599052145976,5840.310923482089,6461.243874254773,6628.471449098854,23771.62529898169,5621.156860026294,6562.264952942924,7277.403278082051,7722.084934300204,27182.91002535147,5894.57298123422,7009.273462029876,7935.931303432134,8082.298213741745,28922.07596043797,6589.357552639352,7805.788184574935,8442.39214415004,8927.445108428958,31764.98298979328,7138.525711556299,8585.02104071378,9956.504630011686,10455.77446598705,36135.82584826882,7911.658809083789,7668.822331827471,9972.508535617353,10387.94584346474,35940.93551999335,8038.348902691097,10976.63081965708,12010.84048498116,12879.50864160861,43905.32884893795,10535.88385487233,12660.64626132622,14321.09153453984,15203.49776303786,52721.11941377626,11578.09364438048,13597.67750849469,15335.36773098052,16211.95666287789,56723.0955467336,13294.57081129147,15947.28562777361,18355.39808413549,18305.39669794346,65902.65122114404,14977.7615856802,18041.22335459244,20080.54064110976
,,,,,,,,,,,,,,,,,,,,,,,,,,,,,,,,,,,,,,,,,,,,,,,,,,,,,,,,,,,,,,,,,,,,,,,,,,,,,,,
,"* Revised data will be published on November 16, 2026.",,,,,,,,,,,,,,,,,,,,,,,,,,,,,,,,,,,,,,,,,,,,,,,,,,,,,,,,,,,,,,,,,,,,,,,,,,,,,,
