,"GROSS OUTPUT
(at current prices  mil. GEL)",,,,,,,,,,,,,,,,,,,,,,,,,,,,,,,,,,,,,,,,,,,,,,,,,,,,,,,,,,,,,,,,,,,,,,,,,,,,,,
"NACE 
Rev. 2 ","Economic Activities","I 10","II 10","III 10","IV 10",2010,"I 11","II 11","III 11","IV 11",2011,"I 12","II 12","III 12","IV 12",2012,"I 13","II 13","III 13","IV 13",2013,"I 14","II 14","III 14","IV 14",2014,"I 15","II 15","III 15","IV 15",2015,"I 16","II 16","III 16","IV 16",2016,"I 17","II 17","III 17","IV 17",2017,"I 18","II 18","III 18","IV 18",2018,"I 19","II 19","III 19","IV 19",2019,"I 20","II 20","III 20","IV 20",2020,"I 21","II 21","III 21","IV 21",2021,"I 22","II 22","III 22","IV 22",2022,"I  23","II  23","III  23","IV  23",2023,"I  24","II  24","III  24","IV  24",2024,"I 25*","II 25*","III 25*"
A,"Agriculture  forestry and fishing",643.5003542721657,834.3254327087938,891.2313462100084,795.8148439598336,3164.871977150801,764.9470337155217,1088.953587385208,1144.865607178677,1011.568291734177,4010.334520013584,754.7155897548354,1024.949571821623,1033.719957060596,996.3650090830098,3809.750127720064,812.2605441967431,1149.862963552468,1198.723001529713,1053.675609679927,4214.52211895885,853.8777079556197,1245.126362717842,1314.361475610161,1146.676626632993,4560.042172916616,844.2534187702691,1285.250929370173,1369.241957127535,1090.890190505108,4589.636495773086,827.2911880261386,1252.713988028936,1387.930189033505,1067.046413397203,4534.981778485782,937.7265066611388,1268.359669552815,1251.420464922724,1018.0444120348,4475.551053171479,1023.987509874683,1497.949639867883,1570.370852831546,1221.99163272066,5314.299635294773,1035.757750372937,1648.598742722373,1644.981206617821,1314.929974594954,5644.267674308085,1074.542661979513,1847.79401247512,1972.079269490256,1463.685917966004,6358.101861910893,1130.820781106114,1956.965141478967,2139.516662726977,1518.400160210475,6745.702745522533,1296.814167608515,2173.746818118583,2291.87808618724,1668.639538019586,7431.078609933924,1380.582750130287,2234.399006032462,2453.663077498979,1755.268912293049,7823.913745954776,1381.008558581563,2281.081695064713,2634.495562703472,1785.642381807779,8082.228198157527,1460.55597622633,2400.542388489581,2814.040379557529
B,"Mining and quarrying",61.43576715754426,73.05639821488,79.98175271003635,69.04015489084331,283.5140729733039,85.41138563939454,84.35648074235084,106.6608050163467,85.63437982615503,362.0630512242471,108.8428835189824,91.29564550792563,119.2476603255194,81.21154736661161,400.5977367190391,82.70067686998355,100.3749006630739,94.36871770425746,80.34496402791497,357.7892592652299,82.80050474112782,105.3231031075022,134.3447081775667,150.6767705567325,473.1450865829291,134.604057099676,179.0515393506132,226.9058895678293,213.9480185873408,754.5095046054591,170.9063445776756,193.1592469643384,196.2092191986024,170.7065153899981,730.9813261306144,173.2459884873297,179.9421004096403,218.289711138179,222.3594501649441,793.837250200093,203.4450872301129,238.3393450398178,237.179303742873,225.3478789563744,904.3116149691782,215.9113546010911,261.0084175429594,293.3632734751151,353.0049049011511,1123.287950520317,291.1402101410168,384.3250957166043,428.3820218419362,408.341347945333,1512.18867564489,348.9641710272239,368.8663163199444,351.4825182580882,366.736679770013,1436.04968537527,409.5715389955855,420.0196299496641,440.809252630921,410.3606573211965,1680.761078897367,395.7567663019059,461.2740635668418,518.9748389679,496.2118828123511,1872.217551648999,429.3040796950796,569.8209299402563,644.9522308155294,670.3768087629725,2314.454049213838,616.8768779839502,740.7591817120847,739.6188842256128
C,Manufacturing,1299.49346328467,1540.228743795048,1908.378229184999,1774.703155004328,6522.803591269045,1709.07561465482,2026.190580678207,2462.702198934276,2165.734194901097,8363.702589168399,1781.122825277831,2190.187236449738,2561.139305645555,2121.049382883921,8653.498750257046,1865.670380251824,2258.135246615091,2729.68399761514,2459.110169032836,9312.599793514892,2043.82187486442,2378.573316659324,2874.177284528866,2829.571649038595,10126.1441250912,2146.664990230616,2535.82142421492,2829.153538508863,2867.45822526154,10379.09817821594,2154.617813643852,2654.325834596109,3055.025334770453,3121.608491566602,10985.57747457701,2381.820293624988,2883.64817531961,3448.582173417784,3533.39719083703,12247.44783319941,2731.612465457976,3333.1367906905,3579.755529506328,3890.923120662012,13535.42790631682,2919.123257797984,3494.376695781137,4246.499677102206,4373.370220825997,15033.36985150732,3335.394216743859,3486.538780926664,4611.724925427044,4846.306626701995,16279.96454979956,3675.497663416592,4990.845977434903,5740.618281295669,6059.777504349902,20466.73942649706,4784.215203028755,5868.881163866449,6419.3787849379,6285.713298260546,23358.18845009365,4706.891199621211,5350.538865576271,6270.967266969784,6265.147605898183,22593.54493806545,5302.375114786629,6170.386850688239,7198.895138889364,6638.261865339054,25309.91896970329,5345.756005974629,6722.760262916461,7554.978382620796
D,"Electricity  gas  steam and air conditioning supply",201.0210109283156,169.625004704193,153.9320880564473,220.1329331815549,744.7110368705108,249.5087676411241,215.4379550768519,182.1249228106103,263.4060130495396,910.4776585781258,269.4188965775849,201.7717645150057,189.106063737019,257.830378004777,918.1271028343865,258.5973950929439,215.8355454274655,204.3805623248606,327.2161752397075,1006.029678084978,295.6991922539741,256.5611612309609,248.2050118005269,271.9474706705562,1072.412835956018,282.1054832576981,260.2178979323423,273.1077445131413,305.7481214533164,1121.179247156498,303.9605475333303,310.0842432747476,310.4422244433173,351.9325485951759,1276.419563846571,314.5787005914337,325.4516391614095,341.7189660503241,379.1131532722078,1360.862459075375,437.6251444766577,404.4007779107235,398.5624620581713,391.9473880156939,1632.535772461246,456.6209417677246,405.7408134114334,394.5844577757532,418.7413881621119,1675.687601117023,455.5391001407133,400.4363305297883,370.2033249952295,434.3745909597935,1660.553346625525,511.3537404921676,545.5747538222479,671.196971882705,751.6012501144977,2479.726716311618,729.9199790674801,788.5857516241613,776.7177515075567,718.374240114459,3013.597722313657,785.839957997776,705.6333749316445,744.7729401831194,668.4874763143468,2904.733749426887,790.5462616860518,698.2331382777373,745.6764362776561,693.0287903298153,2927.484626571261,763.8685477797576,727.8699014963127,783.7394878046252
E,"Water supply; sewerage  waste management and remediation activities",60.77582410383125,70.30587898115587,76.7336111582843,88.02180660766979,295.8371208509412,46.81034192689656,56.83044667997284,83.69832207773803,106.0331587336732,293.3722694182807,76.41127981700194,74.39281984599577,72.04539719771138,79.64515270531753,302.4946495660266,60.01498019541073,63.50535072351273,65.63934887465736,63.27509668881299,252.4347764823938,47.93048503001372,52.23362304367855,60.84166263525027,63.3245161360652,224.3302868450077,78.90881256933326,87.75630885170392,122.4229061915262,102.0523949237274,391.1404225362908,97.84501617202226,110.2077008264158,101.0199222549853,104.7675403573853,413.8401796108086,98.12006658500235,119.6364624215592,140.3373347466437,126.6691621903763,484.7630259435815,114.0029804723838,118.1917586472857,126.4541341904004,120.6322150400613,479.2810883501311,120.7327780773662,134.5594970042081,140.7737598600341,129.2910616151019,525.3570965567103,106.1859135286476,102.7063516424847,113.7725233160925,114.7587741705976,437.4235626578223,146.5760071771745,194.4070857855328,195.2833437128825,191.6566513110682,727.9230879866581,163.8059517815362,168.1213435872316,170.2401599298665,159.0014651362994,661.1689204349336,176.2157994283893,197.6636518364051,222.8172163934386,215.9884523733257,812.6851200315587,251.0416858432276,277.9211800159555,310.6559714895053,301.9288069494673,1141.547644298156,278.7932339856016,304.1222219404924,314.9108328174353
F,Construction,300.8999506435988,503.4821813825265,616.8612828668016,868.5099559601391,2289.753370853066,335.2261734410905,636.8435303702851,1071.39707157977,1676.700943691842,3720.167719082987,913.780670530856,1181.053283700445,1513.181052971388,1602.337058027199,5210.352065229888,543.8299185123687,934.9535024346719,969.0776264948335,1457.611454898641,3905.472502340515,724.5406264252099,1056.250538306232,1356.158485463505,1615.254528068835,4752.204178263781,1034.302690471595,1446.382020619368,1829.829140419394,1875.874383801864,6186.388235312222,1469.82128147464,1903.527833534058,2146.844382359086,2126.964530121077,7647.15802748886,1504.291069193732,2177.124030945607,2448.481272870125,2453.430816022546,8583.32718903201,1683.955855230626,2183.909675018138,2410.162143763102,2622.633713206389,8900.661387218255,1463.375706179607,2114.380411553183,2788.329288709607,3021.918293313145,9388.00369975554,1933.590602644053,1796.281934376933,2968.544410407449,3255.40252253581,9953.819469964243,1802.131938630146,2457.211249467446,2731.136994264599,3193.509077446548,10183.98925980874,2262.621254326461,2895.041812844837,3661.559243135792,4611.276027077552,13430.49833738464,2797.598323772298,3502.503991002393,3975.073816140394,4910.409062019251,15185.58519293434,3413.391412830043,4446.375092164523,5331.094299915793,5832.635491366324,19023.49629627668,3787.634376160987,4624.274401993163,5605.644093393219
G,"Wholesale and retail trade; repair of motor vehicles and motorcycles ",922.1378078577695,1069.200331690184,1228.569335420805,1516.524193713853,4736.431668682611,1186.522999574104,1487.384666360246,1633.820052760017,1751.159363268964,6058.88708196333,1247.486051833046,1413.000142328614,1495.213756778964,1640.736448547889,5796.436399488513,1089.319940673834,1246.525974223476,1415.837393824358,1624.614467286622,5376.29777600829,1324.060856782998,1408.019677237352,1471.76665278059,1745.619093465936,5949.466280266875,1302.32880005367,1584.517406613031,1635.256237848117,1705.309414303128,6227.411858817945,1410.131957360551,1622.007278413001,1803.937637455849,2009.305206891883,6845.382080121285,1598.465229971519,1678.627007385692,1911.882820091084,2112.95014935552,7301.925206803815,1700.735068408672,1961.809743842998,2160.889214420756,2263.472592341929,8086.906619014356,1869.708896624003,2208.72041224332,2651.362943693694,2833.506917278417,9563.299169839434,2042.2364399175,1931.943726514007,2633.201460977502,2726.612324181001,9333.993951590011,2181.075254653276,3259.625418402439,3216.734862304165,3494.003262749839,12151.43879810972,2828.512747328009,3694.518423443194,4069.635326380392,4909.461532445885,15502.12802959748,3390.767413028239,4413.448640365469,4567.640887371248,5199.958357891917,17571.81529865687,3764.568358122267,4830.80294213151,5317.58145839831,5436.889866890936,19349.84262554302,4075.081855270128,5203.118602718171,5784.09413263951
H,"Transportation and storage",570.4118952322715,614.8645528289128,696.0916757815121,832.4175600426669,2713.785683885363,770.8714133306289,842.8576291866996,807.7085717521145,795.2434041635929,3216.681018433036,746.2260935622147,1050.712820515662,736.9085697449856,752.4143352917594,3286.261819114621,665.2987208027465,711.1777338222482,850.7202659960495,889.1192815280792,3116.316002149124,784.0092068130427,806.082174394436,901.1858401384665,911.199815023664,3402.477036369609,801.4108944141085,954.8883457939484,1009.335136589711,956.3307440494522,3721.96512084722,909.6691608083719,833.8563678341965,927.2984315438122,1092.43163897155,3763.255599157931,867.4089220567179,935.0309873623694,1089.731972470396,1094.47182534533,3986.643707234814,949.4395030307694,1106.614142639387,1196.938004908005,1269.656010529941,4522.647661108102,1118.253383340317,1364.859013908605,1548.242825329153,1732.420872796656,5763.776095374731,1236.951106666776,1144.642457129412,1243.164530523094,1336.197841720927,4960.955936040208,1209.757205211766,1619.522871892333,1545.664891663473,1804.610694173925,6179.555662941498,1703.674228884026,1979.935316407039,2209.707078874949,2267.780459634544,8161.097083800558,1753.958933102145,1956.313720316868,2289.05333512293,2454.796129860882,8454.122118402825,1973.691544853153,2367.623444094177,2703.353960694561,2795.191402873997,9839.860352515887,2309.018607121104,2593.285129720416,2990.612522025888
I,"Accommodation and food service activities",155.0759679762983,193.7868824566297,228.3651685933246,231.6536210167842,808.8816400430368,225.9930049465815,278.7016648823524,376.6726328974634,331.4985179864774,1212.865820712875,317.822424791251,358.8045885580073,444.6378248519158,343.8120247680359,1465.07686296921,290.5752458643666,435.6909111344124,553.7203843811606,414.2671515965881,1694.253692976528,354.8823657295354,450.1283840164318,574.2636544046488,481.3234760733117,1860.597880223928,395.45040313687,501.9085233146903,641.6853385651973,591.0114689406656,2130.055733957423,469.7993637104604,550.6765205524151,755.700089867667,692.9652175526782,2469.141191683221,612.2192078701286,741.9368539698062,956.9121500847482,788.8313255496327,3099.899537474316,731.8948982572492,892.8362650219441,1135.603953785483,988.4479863153007,3748.783103379977,890.0628659679907,1054.466111352553,1306.949295086334,1053.098003528676,4304.576275935553,823.9839446731869,491.0399649886265,637.5975215147869,541.8861993143626,2494.507630490963,444.2328182721872,979.1101354465393,1223.660396382303,1202.333558868632,3849.336908969662,761.8199938967091,1072.847911626831,1575.462409049909,1336.579954605842,4746.710269179291,1006.298186602838,1261.412205251811,1751.287473575371,1478.848872430095,5497.846737860114,1168.532572682255,1727.969094494111,2065.374515177914,1730.785475111492,6692.661657465773,1347.193848208956,1937.444801875377,2432.983085505896
J,"Information and communication",322.7148388941567,345.9260986783564,354.6521296336014,415.4719072779813,1438.764974484096,311.131812374007,315.2590329120687,338.4090030946958,411.1229168109364,1375.922765191708,306.630552380654,331.0337386094431,369.6295498770066,400.4583600434356,1407.752200910539,288.8872324381777,297.5627498713985,325.2704898078906,400.4112234996544,1312.131695617121,314.2055062780822,331.8300982258768,342.5771197363516,402.5350618195602,1391.147786059871,351.0302013218594,376.4687825074817,379.3509802970589,425.7725319576258,1532.622496084026,362.3115095634145,378.3527920884638,368.1176334982276,457.7473000239343,1566.52923517404,368.5519322391075,421.5483902753918,423.1814894598103,472.9673832641981,1686.249195238508,404.1605831284798,450.9894368756111,458.6643002204202,515.7464670158361,1829.560787240347,466.3151702026835,513.9117994778534,546.8337570045398,594.566992409655,2121.627719094732,480.617283637521,430.0390105306072,530.5034604006759,622.6179597461534,2063.777714314957,579.8590939330523,650.466019663032,702.1066598559147,790.7710279489377,2723.202801400937,762.8248490642661,1028.079863863026,1281.587452578601,1383.278097084769,4455.770262590662,1285.952460416829,1336.933834798063,1437.745397844637,1585.883205085911,5646.51489814544,1530.180933827182,1690.571307339078,2012.0683883159,2179.884302910575,7412.704932392735,2927.830891915306,2588.397707986993,2582.694754502295
K,"Financial and insurance activities",312.8504486183694,283.0830137224102,304.2288792054816,713.7013541189592,1613.863695665221,341.642032598793,321.0957111581553,340.119770913482,703.4950268258225,1706.352541496253,367.6308562283595,343.7913340970621,368.5436032780524,650.4287045027629,1730.394498106237,401.991589587005,389.368488335331,396.6436093406519,700.1680254812527,1888.171712744241,435.4848235781997,420.3665434719119,461.5895827726083,656.8194521396769,1974.260401962397,484.6781584031919,448.9868237462896,497.8123697404184,645.5967641076684,2077.074115997569,503.9016175273162,501.9324405729763,563.9628550489583,693.7806847017846,2263.577597851036,586.2485447938659,607.8348635455703,652.0455132098427,676.27020288993,2522.399124439209,679.7412028309366,692.7235629545663,754.6546357220589,742.2748957297572,2869.394297237319,728.6143830130474,691.2304604403084,718.0756257211742,759.4920909547619,2897.412560129292,678.2747562563004,676.7135918043823,784.1239252889982,854.8535467979337,2993.965820147615,826.1511540533666,974.7996748932712,983.3357381675728,1014.430946332155,3798.717513446366,1010.040453940159,1089.282642840344,1203.1429935853,1195.363329585512,4497.829419951316,1126.458495203415,1195.212987893146,1295.152970018074,1259.777110658203,4876.601563772836,1341.629051160261,1327.326521827525,1525.914774240394,1471.499358236667,5666.369705464846,1503.209632823671,1676.483510047571,1772.742100502505
L,"Real estate activities",706.1763576504088,730.099791355362,766.9851683531667,855.8188235779894,3059.080140936927,770.3051172185811,775.7961002292366,791.4807499013016,869.5082157323347,3207.090183081455,836.5288380433698,756.3636526556971,791.3253783116029,942.1307717256504,3326.34864073632,821.9457940095258,860.4371923623864,883.0409848450386,997.5843457915789,3563.00831700853,949.422483256851,936.216894796532,996.1189117339725,1094.605852714946,3976.364142502302,1029.441640045422,1035.654955882314,1084.885685073825,1171.135415273199,4321.11769627476,1095.859415819503,1103.014783379044,1104.600387940761,1286.192726386053,4589.66731352536,1168.727025499992,1187.741044227336,1243.98250762353,1374.655889175246,4975.106466526103,1215.770472064338,1249.290132479042,1327.343245747772,1407.422561988453,5199.826412279605,1372.282539788241,1393.350516061251,1465.361629965877,1598.468209232906,5829.462895048275,1479.798688230482,1373.09292273013,1455.596012953851,1460.603342439066,5769.090966353529,1332.51284412438,1552.906025761078,1585.988721938443,1664.221205678822,6135.628797502724,1510.479943387975,1729.198896416159,1967.706705393639,2146.060380979415,7353.445926177188,2006.618758834404,2097.44698236985,2282.913573359978,2476.573576505073,8863.552891069306,2256.856302768112,2343.784462744446,2544.498052330267,2683.377567285931,9828.516385128756,2512.710083562277,2567.11620680232,2803.950997301065
M,"Professional  scientific and technical activities",68.61745739892244,85.48704667567894,85.15383449691724,131.7539660956984,371.0123046672171,107.8257846311775,155.0651081754761,159.8918961530809,203.8118954039658,626.5946843637003,177.4371837284766,214.6651897601252,214.7364403425817,215.5520724648804,822.3908862960639,170.1164808579842,228.0523214539191,224.8504060858297,270.9293959704333,893.9486043681663,194.0580940259455,224.7790017746068,255.7158108808115,273.257518252113,947.8104249334767,239.9672036505279,272.8917482054767,270.1784169739784,369.0570001547048,1152.094368984688,269.2122604169462,323.0032666708692,321.5774502076817,363.8049937806326,1277.59797107613,297.5692696496619,335.0400496917619,359.1975044042109,398.7247007095195,1390.531524455154,326.1561069209869,363.3925356267384,381.3438070793624,423.9130374522596,1494.805487079347,367.6680219275735,399.2395250868827,416.9584484519755,469.9299023612739,1653.795897827706,349.502647959734,327.0497641794766,399.1982101828261,419.3984573665466,1495.149079688583,368.3051671959529,434.1472262229067,486.1499412815706,504.6055832174749,1793.207917917905,428.7024061202167,432.9455713175382,524.522764128122,551.4413107898093,1937.612052355687,499.0788474050432,549.7032652428658,661.9155729977442,685.5208432268811,2396.218528872534,597.451919550503,660.2851100684726,747.6334305897711,826.2375970027199,2831.608057211467,681.0956581008187,739.8713740419666,821.8616684854899
N,"Administrative and support service activities",33.22350633695707,47.59490093162248,47.96093987975111,59.3791375162805,188.1584846646112,45.69269059177535,60.37583448821138,59.47906285767198,100.0596425188728,265.6072304565315,63.02504332857453,80.69307595885542,75.90396084219128,88.03515982162727,307.6572399512485,55.06399028795915,69.44900972149367,85.0562206497852,130.9102868176092,340.4795074768472,77.59184361198693,103.7514911770497,124.4593890773612,124.0850333019681,429.887757168366,124.1234413413341,136.676474255633,119.9053533205024,126.5950824516841,507.3003513691536,113.3432877067888,143.3814440126769,180.2400160941588,145.8377316238485,582.802479437473,145.2749002018789,200.547506517034,225.0985527448215,196.3668321463913,767.2877916101257,174.433556522217,221.4565944127114,272.7173856580823,226.4917144278544,895.0992510208652,206.5006612518919,271.7715384186409,315.7827449240462,245.6667570460001,1039.721701640579,204.0212272152312,120.1633944771502,137.1037987075068,135.5820683681946,596.8704887680827,127.6118354023847,155.8208140104072,262.3360176297889,216.8359410015962,762.604608044177,195.0408405845685,232.4030427133643,337.4301213563718,298.3212273569598,1063.195232011264,252.8546283887951,304.9701415184716,392.0001186635123,343.0103318860067,1292.835220456786,282.0029552597288,399.6754956519013,491.472781286792,442.4733525730115,1615.624584771434,373.1708020312068,473.2926512843194,561.3691675401215
O,"Public administration and defence; compulsory social security",578.8584625403063,720.5154106919888,722.3746999362245,863.7786633388865,2885.527236507406,646.8087853694547,786.4130542436803,757.6731653338546,853.4394959337243,3044.334500880714,728.2453739965854,807.5849742865746,799.0196284001491,871.613491312712,3206.463467996021,698.2919194124026,810.2584737108076,866.5325482690312,1073.101734009973,3448.184675402214,816.7004467451252,933.0495739913054,953.8791954596312,1048.431572998043,3752.060789194105,772.3587064175526,879.9777910637713,902.02973652079,1028.835722662748,3583.201956664861,850.3731359238603,942.9988568246338,958.4710763256014,1079.373789781392,3831.216858855488,847.7266752799078,994.649819107596,991.9378649381993,1092.239144796819,3926.553504122523,917.5742842974877,997.4336009691172,995.0558081454732,1190.024326333372,4100.08801974545,984.951952015115,1069.23816681949,1047.492446000776,1202.246591376088,4303.929156211469,1060.070754056475,1043.516732738433,1129.796241537654,1276.862261916518,4510.24599024908,1135.281453020741,1241.347811856392,1279.882257855783,1438.920085240778,5095.431607973694,1300.537733706869,1389.943223863613,1433.184074868374,1669.570346933592,5793.235379372448,1541.560287770707,1702.364555639237,1651.58310816829,1942.901594861246,6838.409546439481,1807.337071290068,1949.796436146354,1889.015990846282,2246.702492025468,7892.851990308172,1942.981987832496,2037.942725730177,2027.14175937798
P,Education,270.0414220213369,259.8050917836215,231.0396665088692,266.7203624407081,1027.606542754536,310.2331384899509,311.1363665029658,256.8725545876376,321.8996288562048,1200.141688436759,331.9159056078104,355.9265455927826,285.4988519562053,354.9164275093393,1328.257730666138,354.9527180330592,390.1089357671642,326.02476949792,430.3679761495699,1501.454399447714,402.3335700174313,413.164794688772,407.0743590433459,464.9545732746122,1687.527297024162,413.3778587926879,448.9675193996871,388.9248082705649,490.0052124130229,1741.275398875963,502.0106342419722,527.9436963219731,439.0155828955403,483.2541804118964,1952.224093871382,522.307121522659,539.1201097859854,444.8817020767643,529.3739710187075,2035.682904404116,551.0906761151152,635.5756771573461,446.731173429457,521.1326669552861,2154.530193657205,597.7722757806946,618.5255390180682,537.7878522952587,616.2897821168738,2370.375449210896,681.1641203817151,584.3806043506291,562.7144026290483,667.274834462954,2495.533961824347,734.2329230920708,752.5236339342943,643.0791512174062,819.8807501208623,2949.716458364634,821.5008644888226,881.0114266162689,758.1780302736889,914.0471813574525,3374.737502736233,1012.291059305038,1085.544767451658,921.301908552123,1206.54683663163,4225.684571940448,1234.779417353922,1338.675707161245,1221.730384785531,1631.46696968417,5426.652478984868,1614.835023351621,1802.279048698305,1516.297166114984
Q,"Human health and social work activities",235.969685654037,269.3028601649931,271.4879735960033,319.7919384061531,1096.552457821187,295.2509441506001,316.1137847529178,310.0607315922562,326.3884776989464,1247.813938194721,297.4255628125216,320.0966169053156,321.290764255823,374.2910860835773,1313.104030057237,326.4064100072978,362.7291000056967,353.4635576269621,407.8826353032681,1450.481702943225,388.7337147730835,429.0937583033745,422.2425125599922,480.68018370755,1720.750169344,505.923385855322,528.5279259223227,491.3391389620609,511.01282142941,2036.803272169116,613.4062950880597,567.2836211712149,510.9392348191907,577.8597546208795,2269.488905699345,594.1100238269979,635.0055452920247,589.2039655240239,667.7342746082411,2486.053809251288,635.3964791833787,660.2065615145896,651.56236177501,765.040496337444,2712.205898810422,722.3557859595915,769.1029766923438,756.1163291356042,860.7753881215248,3108.350479909064,843.8502134167784,818.975483375887,891.4921292602069,1026.727124682848,3581.04495073572,1010.032309625428,1090.587677673599,1181.341745849798,1359.238860654412,4641.200593803236,1190.027310693209,1083.067400923998,982.348638478806,1094.163404172113,4349.606754268127,1038.883926591948,1050.707078079841,999.5435528884365,1061.05149251271,4150.186050072934,1041.487680954859,1071.144982476054,1102.985561327987,1346.595773881901,4562.213998640802,1306.599054540541,1365.925292595308,1347.66195517152
R,"Arts  entertainment and recreation",100.4831925110795,155.8780274621196,148.980533360412,238.6508480448926,643.9926013785037,206.9576870305474,268.7481047250389,227.5996448824147,280.5001250116989,983.8055616496998,324.9308302972171,431.4793991341036,562.3330263927598,555.5982365620099,1874.341492386091,426.389886185593,496.3629788463283,473.484042226784,471.2827008143347,1867.51960807304,334.8041356627856,324.9190908270356,267.9856301361267,246.9744404028712,1174.683297028819,262.3110287150051,573.7315896076476,251.3896856938826,340.819907072889,1428.252211089424,335.4612239205161,417.5579744629891,497.401239883083,492.5749030360509,1742.995341302639,459.8324903773309,449.2052678832455,486.6334261138519,503.1095558581069,1898.780740232535,466.2186997808258,514.0973126917925,552.0807102080139,590.9620554853163,2123.358778165948,544.7693282489804,625.5548515608976,719.8786827037102,789.332605861739,2679.535468375327,689.6318688917474,361.7610357722996,575.4140204632081,653.3128152133778,2280.119740340633,554.9903535241491,1053.288629101748,1072.297017762146,1079.477993770997,3760.053994159039,921.6093015544755,1020.891086421272,1062.441377584522,1221.1869697781,4226.12873533837,1067.760151190492,1151.329137970222,1229.275889556375,1361.118344341416,4809.483523058505,1233.496448641051,1305.306216665796,1473.971523042232,1543.600229874373,5556.374418223451,1378.324219875914,1693.385786457016,1853.744828516965
S,"Other service activities",47.34922158216612,54.05010003427963,50.72185339038277,74.83328738204764,226.9544623888762,76.1864382423948,80.81887282247219,71.12936055605347,98.95093084531186,327.0856024662323,91.3403285661085,118.7232335536754,102.0811160267304,130.1445521043404,442.2892302508546,59.60312598914452,64.79916090196033,70.12537625509623,103.7166953444781,298.2443584906791,127.0777540683334,121.4750270116513,124.541086529885,196.0109795877311,569.1048471976007,141.2461340912556,104.7249937295894,159.9833575597548,99.1593274130729,505.1138127936727,124.126897424537,143.315978845538,114.7903964716896,131.3942758502954,513.6275485920602,129.6614785818957,166.1376191901077,153.8512970740764,178.5685040222303,628.2188988683101,151.3305963555215,154.0324102949335,147.3540685826522,163.6267654147201,616.3438406478274,125.8875965693868,137.9923629163457,141.8685801694269,141.4012288715996,547.149768526759,143.2221288350578,113.1804061461737,138.4273680272844,164.5837902059806,559.4136932144966,123.7589595107606,193.1259522961543,233.2827328625581,252.2033766185062,802.3710212879791,193.0158468604762,255.8458182902946,277.6534733501766,283.0058099221709,1009.520948423118,242.4599788596811,303.6572897054578,288.7830190043645,317.9522727813657,1152.852560350869,239.9724833608443,332.6252564871623,359.6408779632135,380.2460596802456,1312.484677491466,234.3947099010805,335.4850927620492,366.06826037949
T,"Activities of households as employers; undifferentiated goods and servicies producing activities of household for own use",5.251931016021276,5.496634917204966,5.44617665504917,5.768875711516289,21.9636182997917,6.868577448339518,6.942825600054948,6.74670557738098,6.93107763930164,27.48918626507709,8.6867021576894,7.717592195073893,7.925354690299476,7.68135695845316,32.01100600151593,8.518101390568576,7.400263834986592,7.543286913505198,8.799682663296013,32.26133480235638,9.48139941603227,6.44417876049758,6.664716665729087,8.401202459097837,30.99149730135677,8.54366359833636,6.338636263312708,7.421015574341991,8.688181865365719,30.99149730135678,9.66679932624055,7.940806967451175,7.485442841919764,9.120030576995529,34.21307971260701,9.895496464700749,8.128670578687135,7.662533448673901,9.335792260386091,35.02249275244787,10.12960412006264,8.320978667237714,8.96540314543718,9.51250947208294,36.92849540482047,15.78089230851558,11.34017901176146,8.817235224920793,8.884715464967774,44.82302201016561,16.8067879606537,11.7443371409812,12.2512053636764,16.858507578797,57.6608380441083,16.8007904019171,11.4432903964263,8.99749676333837,11.5441571669118,48.78573472859357,14.7926187773675,13.6877598878787,22.1114270328078,20.7682613451309,71.3600670431849,21.3722555777267,20.7185517979391,21.4763900248513,19.632686032271,83.1998834327881,26.2573141432864,27.514181264913,21.5358703819937,19.8734340917947,95.18079988198781,26.7347109907428,15.9172305310042,22.5186769994718
,"(=) Output at basic prices",6896.288565680228,8026.11438317996,8869.176344998079,10342.48738828879,34134.06668214705,8493.269743015784,10115.32133697245,11189.11283045684,12363.08570063264,42160.78961107771,9749.623892810967,11354.24322599173,12063.48726268706,12466.25155576731,45633.60593725706,9280.43505065894,11092.59080340789,12094.18659026353,13364.38907182457,45831.60151615494,10561.5165920298,12003.38879374237,13298.1530901354,14212.34981632486,50075.40829223242,11353.03097223633,13648.74163664431,14490.15843731849,14925.30092862754,54417.23197482667,12593.7157502662,14487.28467534205,15751.00874695409,16458.66847363732,59290.67764619965,13617.78094347999,15854.71581262325,17385.03322240981,17828.61373552216,64686.14371403521,15108.70077375848,17684.70694232237,18812.38849892041,19551.20003440075,71156.996249402,16222.44554179474,19187.96803102361,21690.06005924703,22517.3359008336,79617.80953289899,17926.52467327696,17446.32593754579,21595.29076330832,22426.24085427419,79394.38222840527,18259.94646387085,24482.58570585966,26254.09240367519,27734.75876674635,96731.38334015204,23289.52723409548,28218.05490462175,31465.69515126494,33144.39349192093,116117.6707819031,26489.20017952917,30881.77611134691,33975.94235330156,35705.08504641613,127052.0036905938,30065.91116739009,35816.92004470418,40342.54720947246,40656.69802667868,146882.0764482454,34486.66610363712,40550.27351979909,44696.6731354824
,"(+) Taxes on products",516.9397443500002,649.6885688000002,741.3519586900004,813.1142266100004,2721.094498450001,631.3324900400003,723.5793606100002,850.1380196500002,885.0785835200004,3090.128453820001,653.6122662800001,827.6411451000002,895.1330404200003,853.5779447800003,3229.964396580001,678.0107386979998,799.1358196199998,897.0736983189998,975.4745077249995,3349.694764361999,768.4895368372444,907.8380552485589,1010.409481757379,1102.384363630999,3789.121437474181,773.6815426367991,1006.437436829999,1073.870792279999,1206.837220909999,4060.826992656797,916.4671507299997,1114.55816428,1229.48216901,1353.614892849998,4614.122376869997,1165.13271062,1353.051429549999,1578.97472772,1668.49821875,5765.657086639999,1278.062025029999,1476.684734869999,1588.204987649998,1849.728384629999,6192.680132179996,1175.94695626,1545.044332329999,1793.299197519999,1963.457992069999,6477.748478179997,1430.623999659999,1331.803292449998,1892.336687339999,1939.508089529998,6594.272068979993,1534.161479679999,1977.510249960001,2226.032056720001,2448.494942309999,8186.19872867,1856.942957919998,2322.05130278,2730.103003070002,2874.925862939995,9784.023126709995,2290.389420510002,2632.549289189999,2917.010096560003,3070.806971930002,10910.75577819001,2810.321818819948,3131.748664333402,3228.993320121501,3269.526911841572,12440.59071511642,2776.09731301137,3230.746685499673,3472.566586815607
,"(-) Subsidies on products",25.65981060294147,28.75072428435626,22.87215546604111,28.02558480297428,105.3082751563131,37.45603951634573,32.35667643917353,24.19000579766053,30.08844459465107,124.0911663478308,33.79916530599145,35.836770790639,26.10800081582299,32.28047034975715,128.0244072622106,37.92233874751528,41.51074807630454,31.32960097898759,36.41213618051844,147.1748239833259,38.4,39.4,33.4261422424184,37.5955306063853,148.8216728488037,42.4,43.4,32.8263308478297,39.6449033066173,158.271234154447,42.582535338734,49.4451004199026,34.3986457416564,42.1669637127425,168.5932452130355,44.8546830947673,56.48911950930427,41.7767886260537,46.83743948068905,189.9580307108143,46.9402242652733,64.4470085588605,47.0028701758207,51.9445173518857,210.3346203518402,49.2838131324735,73.5770918837307,52.93397306959437,57.65321609391312,233.4480941797117,51.65984975942323,83.97143039843688,59.58463217237085,63.96446449702697,259.1803768272579,54.19475699876056,95.85084625733235,67.08713069503462,70.98037722585026,288.1131111769778,56.83080335103475,109.4013345323839,75.5251477397807,78.75818284685207,320.5154684700514,59.6072563842853,124.8728875671282,85.0296212699486,87.39249679314192,356.9022620145039,62.51296014877844,142.5293340763288,95.7272886907152,96.97104359661076,397.7406265124332,65.56366151331521,162.6840869429483,107.7724723721622
,"(=) Output at market prices",7387.568499427287,8647.052227695604,9587.656148222039,11127.57603009581,36749.85290544074,9087.146193539438,10806.54402114327,12015.06084430918,13218.07583955799,45126.82689854988,10369.43699378498,12146.04760030109,12932.51230229123,13287.54903019755,48735.54592657485,9920.523450609424,11850.21587495159,12959.93068760354,14303.45144336905,49034.1214565336,11291.60612886704,12871.82684899093,14275.13642965036,15277.13864934947,53715.70805685779,12084.31251487313,14611.77907347431,15531.20289875066,16092.49324623092,58319.78773332902,13467.60036565746,15552.39773920214,16946.09227022243,17770.11640277457,63736.2067778566,14738.05897100522,17151.27812266394,18922.23116150376,19450.27451479147,70261.8427699644,16339.8225745232,19096.9446686335,20353.59061639458,21348.98390167886,77139.34176123014,17349.10868492227,20659.43527146988,23430.42528369743,24423.14067680969,85862.10991689927,19305.48882317754,18694.15779959735,23428.04281847595,24301.78447930716,85729.473920558,19739.91318655209,26364.24510956233,28413.03732970015,30112.2733318305,104629.4689576451,25089.63938866444,30430.70487286937,34120.27300659515,35940.56117201407,125581.178440143,28719.98234365488,33389.45251296978,36807.92282859162,38688.49952155299,137605.8572067693,32813.72002606126,38806.13937496125,43475.81324090325,43829.25389492365,158924.9265368494,37197.19975513517,43618.33611835582,48061.46724992584
,"Total output per capita in GEL",1950.927787801047,2283.535438606913,2531.932502676354,2938.598442730617,9704.994171814931,2419.084288314813,2876.804256887145,3198.522868739485,3518.776841948644,12013.18825589009,2780.8497643551,3257.296768126108,3468.208911428943,3563.421776093383,13069.77722000353,2668.480559546926,3187.540541199982,3486.038137515939,3847.426227162341,13189.48546542519,3035.85662870424,3460.71412844819,3838.007371229457,4107.405280254391,14441.98340863628,3243.870391045692,3922.334633319601,4169.141534412661,4319.812343093751,15655.1589018717,3613.033481016783,4172.334507720887,4546.229252602593,4767.295121743519,17098.89236308378,3953.33828710333,4600.660413184683,5075.701018387927,5217.343415796545,18847.04313447249,4384.706806988613,5124.56624907297,5461.780684296631,5728.889319883763,20699.94306024197,4663.537057918265,5553.371284594909,6298.228835713679,6565.076263314863,23080.21344154171,5185.861993262052,5021.645570175145,6293.267056930875,6527.972518799023,23028.7471391671,5322.725545838491,7108.92898136022,7661.371060774832,8119.557821348294,28212.58340932184,6758.148383129341,8196.818445584506,9190.64097651534,9680.954022924181,33826.56182815337,7729.812303961835,8986.572406940357,9906.63334535733,10412.77936891184,37035.79742517136,8869.634939010606,10489.40167024356,11751.62681394103,11847.16275351985,42957.82617671505,10041.06883755491,11774.40018138878,12973.78577600518
,"Total output Per Capita, USD",1133.453451755238,1271.205028211764,1377.179482268215,1657.245242717692,5444.262294715609,1373.78847857696,1727.377137877377,1927.453308897383,2119.97968252953,7125.078161284307,1674.854797546094,1995.10539702657,2100.386800380369,2145.705303810162,7915.024514324521,1609.341036563654,1931.535301734844,2100.739635846608,2282.529182001841,7929.1463803533,1735.336032936243,1963.577166006594,2199.151709594084,2274.406607381526,8178.455854958764,1564.866261698973,1719.11581053629,1793.842515703398,1801.517719341161,6896.002281376134,1483.735067917276,1885.66604140612,1957.584918490828,1910.115415806478,7224.733130015018,1518.847887808871,1902.082256655224,2096.800962049908,2011.838075111332,7512.8667827615,1764.195819512801,2095.077408922474,2159.220330735697,2141.452913638242,8167.132072134629,1747.940773394163,2027.32016183898,2157.395076232486,2228.603621503268,8186.917871093261,1771.929742815973,1600.335031082308,2028.731051796191,1996.023303685827,7405.462704656953,1606.053542322261,2136.653809682563,2455.264845372625,2598.077766986793,8759.143914563638,2170.534854700048,2735.264573442564,3255.046320540538,3541.08536082275,11601.80140788286,2931.771990326498,3512.368520086589,3779.039659454372,3864.810899607536,14093.56994198348,3320.387713808722,3828.773947465979,4330.434360875015,4295.232904602369,15788.72704134446,3568.67605936238,4294.357009018515,4791.872250517801
,"Total output, mil. USD",4292.0425184943,4813.665724304345,5214.95865960764,6275.482274372871,20615.76081008812,5160.554679359877,6488.789439496663,7240.363671401138,7963.577538631071,26764.9321707139,6245.321670917494,7439.495644679356,7832.076679688146,8001.063646187163,29514.12516331508,5982.994868049011,7180.806016362324,7809.851470148769,8485.684557729828,29477.92980098211,6454.432267939509,7303.355419536667,8179.554557212318,8459.458639984048,30419.05911608767,5829.558727916906,6404.18087021139,6682.558471529494,6711.150723436365,25689.51179475576,5530.629884336983,7028.829597671517,7296.907571599154,7119.964762995725,26930.22886579663,5662.270241719079,7090.969310098573,7816.881325325426,7500.139385448309,28007.99366116861,6574.3612849117,7807.407575603932,8046.439284672614,7980.22814313922,30435.21377271519,6502.621095490803,7541.957400587063,8025.857024192122,8290.764277175218,30456.65257424418,6596.390318492035,5957.592025403091,7552.388531852982,7430.626890992436,27568.43079529836,5956.226227591762,7924.01568512685,9105.61975819737,9635.25718742489,32484.24871298985,8058.114989143636,10154.67519943466,12084.36597509939,13146.28648422518,43071.71093036793,10892.94752404827,13050.14376993262,14040.95572150868,14359.63726330106,52364.41248196565,12283.96360933505,14164.7674587654,16020.68875281569,15890.45895885203,58411.2956468952,13220.18187396429,15908.47130605114,17751.5195032767
,"Exchange rate, USD/GEL, average of the same period",1.721224444444445,1.796354945054945,1.838491304347826,1.773182608695652,1.782609589041097,1.760885555555556,1.665417582417583,1.659455434782609,1.659816304347827,1.68604301369863,1.660352747252747,1.632643956043957,1.651223913043478,1.660722826086956,1.65126174863388,1.65812,1.650262637362638,1.659433695652174,1.685597826086956,1.663418082191781,1.749434444444443,1.762453846153846,1.745221739130435,1.80592391304348,1.76585698630137,2.07293777777778,2.281600000000001,2.324140217391304,2.397873913043477,2.27017890410959,2.43509340659341,2.212658241758241,2.32236630434783,2.4958152173913,2.36671612021858,2.602853333,2.418749450549451,2.420688043478261,2.593321739130434,2.508635342465754,2.485385555555556,2.446003296703296,2.529515217391305,2.675234782608697,2.534542465753424,2.668017777777778,2.739267032967033,2.919367391304348,2.945825,2.81915780821918,2.926674725274725,3.137871428571429,3.102070652173912,3.270489130434783,3.109697267759566,3.314164444444446,3.327131868131869,3.120384782608696,3.12521739130435,3.220929315068496,3.113586666666667,2.996718681318682,2.823505434782608,2.733894565217391,2.915630136986302,2.636566666666667,2.55855054945055,2.62146847826087,2.694253260869564,2.627850684931504,2.671264835164837,2.739624175824176,2.713729347826087,2.758211956521739,2.720790983606558,2.813667777777778,2.741830769230769,2.707456521739129
,,,,,,,,,,,,,,,,,,,,,,,,,,,,,,,,,,,,,,,,,,,,,,,,,,,,,,,,,,,,,,,,,,,,,,,,,,,,,,,
,"* Revised data will be published on November 16, 2026.",,,,,,,,,,,,,,,,,,,,,,,,,,,,,,,,,,,,,,,,,,,,,,,,,,,,,,,,,,,,,,,,,,,,,,,,,,,,,,
