Year,"Real GDP Growth (%)","GDP Deflator Growth (%)","Real GDP Index","GDP Deflator Index"
2020,-0.063,0.085,93.7,108.5
2021,0.106,0.145,103.63220000000001,124.2325
2022,0.11,0.123,115.03174200000002,139.51309750000001
2023,0.075,0.031,123.65912265000001,143.8380035225
2024,0.076,0.038,133.0572159714,149.303847656355
2025,0.06,0.04099999999999999,141.040648929684,155.42530541026554
2026,0.05,0.035,148.09268137616823,160.8651910996248
2027,0.05,0.035,155.49731544497664,166.49547278811167
2028,0.05,0.03725000000000001,163.27218121722547,172.69742914946883
2029,0.05,0.03725000000000001,171.43579027808676,179.13040838528656
2030,0.05,0.03725000000000001,180.0075797919911,185.80301609763848
2031,0.05,0.03725000000000001,189.00795878159067,192.7241784472755
2032,0.05,0.03725000000000001,198.45835672067022,199.90315409443653
2033,0.05,0.03725000000000001,208.38127455670374,207.3495465844543
2034,0.05,0.03725000000000001,218.80033828453895,215.0733171947252
2035,0.05,0.03725000000000001,229.7403551987659,223.08479826022872
2036,0.05,0.03725000000000001,241.22737295870422,231.39470699542224
2037,0.05,0.03725000000000001,253.28874160663943,240.0141598310017
2038,0.05,0.03725000000000001,265.9531786869714,248.95468728470652
2039,0.05,0.03725000000000001,279.25083762132,258.22824938606186
2040,0.05,0.03725000000000001,293.213379502386,267.8472516756927
2041,0.05,0.03725000000000001,307.8740484775053,277.82456180061223
2042,0.05,0.03725000000000001,323.26775090138057,288.17352672768504
2043,0.05,0.03725000000000001,339.4311384464496,298.9079905982913
