,"Gold, Fixing Committee of the London Bullion Market Association, London 3 PM fixed price, US$ per troy ounce","Monthly log return","3-month volatility","12-month volatility"
1990M1,393.4926085483573,,,
1990M2,382.638025298489,-2.797284518480427,,
1990M3,390.5241559965125,2.04003878832514,,
1990M4,376.5053336747806,-3.655761290605569,3.070798421746094,
1990M5,394.148787835289,4.579625850535591,4.217290645864296,
1990M6,377.667609007996,-4.271400458825455,4.942018475598156,
1990M7,392.7487480052728,3.915562184200282,4.929638333594177,
1990M8,378.1045068441885,-3.799945882488204,4.596696122633142,
1990M9,385.6644444439763,1.979704593881089,4.014161783945422,
1990M10,385.528012886855,-0.03538197430426845,2.933623326340027,
1990M11,374.7724187621184,-2.829489829529368,2.415090184170972,
1990M12,378.1557203820389,0.8987111029367225,1.939890494178352,
1991M1,380.2903939240652,0.5629085938926623,2.062385858706593,3.110403249707487
1991M2,374.8301188731524,-1.446224842022751,1.268076303852712,3.03470542747418
1991M3,396.3034915778199,5.570740360945915,3.613696095645336,3.4158661415913265
1991M4,378.3917338404261,-4.625031869017715,5.216901796721933,3.523104425951947
1991M5,392.514907317581,3.664452501965226,5.420689622538279,3.4244652845542576
1991M6,367.3620283647601,-6.622670178897329,5.454829710219895,3.7415115503612113
1991M7,383.5590415922972,4.314574842664356,6.135564097547304,3.7832483137026465
1991M8,376.4522984425912,-1.870222171632953,5.484232015993487,3.655033323020863
1991M9,385.2126771695606,2.300424814962438,3.154436313325244,3.6722486986510305
1991M10,379.3618524980338,-1.530508447478082,2.316094102954712,3.6984668717967186
1991M11,373.5402664879763,-1.546469822700616,2.216412370628599,3.110403249707487
1991M12,379.0793604056803,1.471977007539564,1.738111759931761,3.03470542747418
1992M1,397.2482713186671,4.681587641387542,3.114517658318893,3.415866141591327
1992M2,381.8608967366386,-3.950505616531193,4.363063759994525,3.523104425951947
1992M3,375.0246195365303,-1.806472170850005,4.494530630977639,3.424465284554258
1992M4,386.2517837873529,2.949777050815489,3.531588098011011,3.741511550361212
1992M5,372.3412952251533,-3.66785524746016,3.412714238736897,3.783248313702646
1992M6,373.1952238867761,0.2290777213884006,3.326192734444416,3.655033323020862
1992M7,375.547196034262,0.6282480652483023,2.373532079713716,3.67224869865103
1992M8,381.061706238536,1.457716883140505,0.6267521670037836,3.698466871796719
1992M9,400.8846076938294,5.071230388915671,2.362399567695797,3.631408234792169
1992M10,379.4811725772609,-5.486864005540284,5.365911553782393,3.648430498760032
1992M11,383.591246809943,1.077253973595586,5.330929401339415,3.889856357633984
1992M12,383.0976228259956,-0.1287677627011563,3.494074236474323,4.059265407504527
1993M1,394.2720394645405,2.875127995011624,1.511634278328576,3.70790089608612
1993M2,367.7409479141736,-6.966238213967103,5.043591325539903,3.57681926150811
1993M3,380.6808972833094,3.458273985805639,5.857516577142828,3.5520440852354
1993M4,381.1341302709984,0.118987687239049,5.323246403873734,2.970966865336324
1993M5,365.8519770080148,-4.092254393635223,3.783646205629843,2.674929148059707
1993M6,378.9346916789596,3.513505557291786,3.810181445044292,2.655745550047645
1993M7,385.9559586221225,1.835939335711068,3.995941560958537,2.966578392929716
1993M8,380.7892174319401,-1.347727917247974,2.469195432367201,3.383043462586963
1993M9,385.998548192217,1.35876213487655,1.716999498194891,3.358521166262231
1993M10,368.7259613475354,-4.577989233460636,2.972224009691576,3.336043068096751
1993M11,379.1203681150585,2.780003266817547,3.903096992533075,3.145207565448482
1993M12,372.873938446886,-1.661335274137685,3.705230806755016,3.575189021864722
1994M1,379.0773016707652,1.649975058706846,2.308218212781711,3.696365756676153
1994M2,375.2020487049345,-1.02754690587987,1.757630397580132,3.588438296690528
1994M3,373.9010095823443,-0.3473595298742322,1.391709033051574,3.62854608148639
1994M4,377.3086526671049,0.9072477710348825,0.9815060526039859,3.780158168165955
1994M5,362.7527809408064,-3.934200182109539,2.512604346988351,3.81066431226307
1994M6,371.0351538774938,2.257525449662606,3.255772678171055,3.81440629352902
1994M7,392.5742372449884,5.642884631022707,4.856587907229581,3.503020904568523
1994M8,384.8586496617172,-1.984953567730216,3.821936694622064,3.38901136472056
1994M9,387.0326143293545,0.5632841093495816,3.883292681583186,3.483488900838233
1994M10,381.5781187604161,-1.419336707622289,1.338171824743096,3.512703047214769
1994M11,367.7189353765759,-3.699671336543815,2.133209649699292,3.431254137379565
1994M12,371.3762199987434,0.989673507313059,2.344966641558346,2.746681759568466
1995M1,380.727937047163,2.486942519811876,3.227640019375572,2.544422748981764
1995M2,380.3464280432965,-0.1002553898333354,1.298932415504908,2.562105109454322
1995M3,363.5523594337641,-4.515916110374479,3.5409904833012,2.539937104775161
1995M4,360.1392870193639,-0.9432464051699958,2.34423627482933,2.400875705240253
1995M5,372.6474472147049,3.41419259403571,3.971520857262932,2.892100040899649
1995M6,367.4793779021209,-1.396558842152662,2.656316251820381,2.927566067484287
1995M7,368.9706884053529,0.4050003143178528,2.430506907051997,2.905110390820234
1995M8,362.9780077889413,-1.637495784347557,1.116203111552761,2.574712617115431
1995M9,354.3382521193013,-2.409027644433827,1.454063563307312,2.681264869077446
1995M10,356.3340451331645,0.5616648540563309,1.541459419144666,2.663966551368602
1995M11,352.5946538236464,-1.054951222988358,1.487278522237828,2.72236742399173
1995M12,358.7913900917967,1.742202580464461,1.404230884636545,2.702516020112646
1996M1,358.8665274186342,0.0209395939984046,1.410930940834518,3.016777318546358
1996M2,358.8898246696501,0.006491687870509228,0.9979685460339605,3.000393917549882
1996M3,353.4014165857477,-1.541087798953957,0.8976952514044797,2.960478792132742
1996M4,352.5326775761962,-0.2461248026651862,0.8302355610595947,2.91997780918354
1996M5,354.6389599199323,0.5956937355860349,1.076369123446328,2.31563697046033
1996M6,354.1639469616269,-0.134032472159997,0.457114770448464,2.297712305587218
1996M7,347.0862855382738,-2.018652240450751,1.34901796947035,2.334027412376281
1996M8,346.9709173269889,-0.03324458326234284,1.11831669894259,2.351254939771043
1996M9,343.8798007563809,-0.8948784789282584,0.9955839159733679,2.146284838992387
1996M10,348.8669788247324,1.439852013976777,1.180634930130005,2.199324622926143
1996M11,342.430700087889,-1.862139832728426,1.697533070702088,2.024827824435564
1996M12,334.704670324011,-2.282073983833758,2.038472793545457,2.026942471319427
1997M1,343.2859316763906,2.531515806397512,2.666183328127382,1.632522625960066
1997M2,339.9042644369313,-0.9899717170538221,2.49135335759034,1.617400377474579
1997M3,336.9564765339503,-0.8710230514050078,1.999678884293639,1.198831574768941
1997M4,336.0873338400038,-0.2582723928760515,0.3926397958242621,1.1593961770897
1997M5,328.1338442462811,-2.39494614560981,1.10024085940305,1.232764021155853
1997M6,329.5813778182567,0.4401710225288982,1.477107945007109,1.185398136512054
1997M7,332.590098999825,0.9087500723175697,1.787543210821461,1.01808033819393
1997M8,323.669319843327,-2.718842098467545,1.973083677143893,1.109189183177133
1997M9,326.1634871099839,0.7676373023064503,2.054867245648044,1.18891639137966
1997M10,330.0548561522428,1.186012154717504,2.14392408400145,1.14455021913449
1997M11,332.8310305162359,0.8376073924193042,0.2240978986337731,1.452289882602002
1997M12,320.1568433272303,-3.882393422004102,2.83103422376265,1.457291946613318
1998M1,319.0260532108709,-0.353824015690657,2.454544035849962,1.42426999123923
1998M2,309.7880450594403,-2.938443293981316,1.826750334750992,1.424157250907382
1998M3,317.4932545279816,2.456823450836786,2.698422355208964,1.494380089512786
1998M4,307.4953574123061,-3.199658323945565,3.193037284678029,1.521261133403072
1998M5,315.4052120194416,2.539821021515987,3.289992346043866,1.507650505040446
1998M6,310.3044102914931,-1.630441515602526,2.966343264499807,1.648235825670049
1998M7,314.8586902994323,1.457015160395369,2.163944965702504,1.688675835180152
1998M8,316.3145373417855,0.461315391858227,1.575820088881694,1.664391615440555
1998M9,300.7093204891693,-5.059300438069889,3.51024657608549,1.640205858330739
1998M10,310.7050429930684,3.269996184864295,4.237591084005882,1.87049642019648
1998M11,300.4516312457055,-3.355726722918359,4.400370243636585,1.634075269654458
1998M12,319.3090758050719,6.087274327840912,4.847809282384678,1.76661359516664
1999M1,309.5120204717701,-3.116259365691833,5.384122427839878,1.996139437251769
1999M2,292.4300758112967,-5.677134869053868,6.1868737332045,2.139747044805095
1999M3,299.5340611104536,2.400255663044795,4.1278375939878,2.263582793386008
1999M4,299.1702996013734,-0.1215162533338293,4.132563159622368,2.278433264960026
1999M5,287.86620194942,-3.851717951262778,3.145391135705967,2.314511225319225
1999M6,291.2215880585515,1.158865276883072,2.603194379230034,2.211711757520444
1999M7,296.6329431790867,1.84110445282485,3.108580102014644,2.589383000487004
1999M8,295.4214526705637,-0.4092503012935044,1.153872702329916,2.787969376743864
1999M9,281.1940451804652,-4.93580066505463,3.451574464206882,2.866295647052222
1999M10,285.9100781790767,1.663236616487601,3.374713648672632,3.317687017502088
1999M11,286.4509270148353,0.1889887647231885,3.463720698689459,3.436507248975185
1999M12,284.2323480881779,-0.7775206319287143,1.229148966286918,3.71108709435394
2000M1,295.5291088111474,3.897530822105392,2.467911759060531,3.707050487887187
2000M2,294.2157271107496,-0.4454075022695852,2.608560219676854,3.607304282187034
2000M3,286.7991168740017,-2.553123446623974,3.289238014244004,3.633130395376619
2000M4,285.1120157937933,-0.5899888558384481,1.177374741492286,3.661588997989279
2000M5,294.5434194446694,3.254428574888863,2.954124328397968,3.68214797503991
2000M6,300.4286530836147,1.978387177120214,1.958076542476307,3.670108904294462
2000M7,287.7850624256168,-4.299640795747487,4.043634522994442,3.656521986642198
2000M8,312.5762115468863,8.263442590826978,6.281542020866868,3.530814430711081
2000M9,304.8442429234501,-2.504734916633976,6.794684173738168,3.434772167621689
2000M10,300.8831203528928,-1.307908236327167,5.901931853093338,2.76236101923705
2000M11,302.2250301466876,0.4449987973471349,1.483577104770531,2.998790842923406
2000M12,311.5867941532966,3.050605949524309,2.193114893192261,2.497978004476824
2001M1,302.0449187970766,-3.11021882792728,3.092585836399698,2.483654936456172
2001M2,314.1481659401569,3.928899661275925,3.835717031786153,2.483212182740289
2001M3,313.3929898817848,-0.2406778952746434,3.539511060144267,2.43231366032019
2001M4,313.8820978620195,0.1559469167244002,2.301371354004766,2.473119555106419
2001M5,337.6608079429444,7.302443393642495,4.245161989752,2.737284181913955
2001M6,315.4632942937669,-6.799953098644275,7.051412905038617,3.67604101599499
2001M7,328.2713555388424,3.979823599892168,7.372482336248681,3.408253042347713
2001M8,317.9106326938316,-3.207025580996112,5.488829792803703,3.437568710190461
2001M9,336.1175067244869,5.569050719951516,4.676108767412304,3.436762639885854
2001M10,319.4823510124736,-5.075878832462875,5.683699688457595,3.490051687383299
2001M11,338.5438897463713,5.795171056960845,6.212157184116399,3.504637104150239
2001M12,343.3537005196394,1.41073692340922,5.469295694056048,3.657627981337556
2002M1,331.1059554909542,-3.632268132085633,4.717551842576269,3.538465676091995
2002M2,347.413082831373,4.807608099361511,4.246609325448335,3.51949834354219
2002M3,346.7080126749196,-0.2031548683693781,4.244566607172132,3.944368160295362
2002M4,345.3150932272738,-0.402564977061093,2.9522142367075,4.543024592156018
2002M5,345.0870050468633,-0.06607401376064058,0.1692048662280776,4.389357334875903
2002M6,356.6984715671476,3.309423365156387,2.052886836311939,3.909556157445333
2002M7,358.2120997022539,0.4234460805674715,1.824028388164958,4.102796247322456
2002M8,356.6103487501587,-0.4481542616321532,1.966720691278908,4.412441984385998
2002M9,357.8821324366118,0.3559967566038151,0.4849218885476301,4.669225228396668
2002M10,350.5855989419072,-2.059879700743038,1.230228759782092,4.625814730389654
2002M11,358.9317192144874,2.352727704604053,2.209619033890559,4.668284519458918
2002M12,365.4006083856243,1.786213570343576,2.400849704720484,4.728913395958953
2003M1,374.0108806278204,2.329058065129758,0.3204628583963633,4.728147099659703
2003M2,364.6500617743308,-2.534673074169103,2.665227386660567,4.738251152901745
2003M3,381.0100953788273,4.388771299553467,3.555099182851684,4.272918987228357
2003M4,379.9806550236236,-0.2705528240935349,3.530099710396102,3.733960333558604
2003M5,387.0339642306334,1.83921084566859,2.333118890364737,3.617319142976796
2003M6,374.4307707930416,-3.310552387519881,2.588846636560391,3.427204926246506
2003M7,380.0337684297178,1.485318488746407,2.876504783587392,3.104710566206664
2003M8,376.9780022372058,-0.8073276818785967,2.398705826497335,2.706862795646112
2003M9,398.8121046345662,5.630355402922022,3.262956761994863,2.274206506857496
2003M10,385.0948907214449,-3.500061694585927,4.691465590800392,2.290590327666616
2003M11,384.8869417814108,-0.05401398742459851,4.61070884898058,1.925931345162841
2003M12,398.9733438700098,3.59449738635251,3.547760998092995,1.771770827004347
2004M1,406.1998678719551,1.795071655311322,1.824312012800357,2.095185385592117
2004M2,395.8526619052204,-2.580324774304944,3.175700856860268,2.08871283320291
2004M3,401.1244140089099,1.322956243503943,2.401478349626607,2.089541065051105
2004M4,397.8914561051475,-0.8092393825162738,1.95442252155695,2.277167436743481
2004M5,408.2441249202583,2.568609612496099,1.708204434311428,2.298510876251743
2004M6,410.9648323582892,0.664230393730544,1.693499199069048,2.314163002433239
2004M7,421.3670397902014,2.49966375439372,1.080141145225235,2.751565058827396
2004M8,423.9290494853708,0.6061822769335036,1.076836207816206,2.918840149384386
2004M9,431.5500056386899,1.781728662150122,0.9559124965145089,2.88360159149831
2004M10,414.4356832285728,-4.046559631656499,3.082176206499473,2.997270548425276
2004M11,411.159911184256,-0.7935578283145414,2.920703844288197,2.97529585813
2004M12,424.7935966822954,3.262117895861958,3.661677518876512,2.979816828142777
2005M1,426.6170679885323,0.4283418495771754,2.080538034700154,2.756369152022022
2005M2,435.7148146487213,2.110111990681105,1.425117252110488,2.773128414805786
2005M3,455.0183130175528,4.33497320379395,1.959597184919743,2.815597063866898
2005M4,463.2961476927309,1.802881092636987,1.381779571284212,2.555455650812164
2005M5,462.7579011838773,-0.1162451738356524,2.232632270489853,2.597487563639456
2005M6,474.0159666266465,2.403698027485185,1.316190231548914,2.546535230549678
2005M7,507.0891758065574,6.74458712952082,3.470457506555261,2.11276931826464
2005M8,500.436775267698,-1.320560965493243,4.036500898828534,2.213997655627623
2005M9,513.277360561254,2.533509529244505,4.033890754769023,2.244304615123587
2005M10,507.8383651611989,-1.065314479449283,2.155247255444128,2.205025841207232
2005M11,538.787041794548,5.915717599319799,3.491076112978066,2.168315084692876
2005M12,559.8477493242809,3.834447643199495,3.584088967775857,1.996471283375427
2006M1,560.6617907016321,0.1452984542276891,2.922306266141689,2.242444347516833
2006M2,571.0722194225857,1.839782540710184,1.846608915865441,2.17114778390909
2006M3,575.050596797119,0.6942350848943583,0.8645699043798405,2.163283990566908
2006M4,575.95980633384,0.1579846234850238,0.8590971777851755,2.193554207149572
2006M5,600.7340178106941,4.211439294448551,2.201847132849429,2.706386382386158
2006M6,628.9302210576587,4.586804369604872,2.455803943478395,2.821726062120382
2006M7,631.7246121152742,0.4433244629297768,2.291579297492566,2.839680987582358
2006M8,635.0628113283068,0.527035061800464,2.36844393480805,2.414046596665195
2006M9,674.6674789077802,6.049603617468875,3.212894252721898,2.558256768518266
2006M10,682.179703159223,1.107317185006427,3.034844476385138,2.583989581642739
2006M11,681.2247502813468,-0.1400836019903448,3.27349028252311,2.603848063687416
2006M12,680.3026467223481,-0.1354513617589371,0.718853698824156,2.606590413553701
2007M1,680.2830378600438,-0.002882414908198515,0.07791036415375634,2.553752720780143
2007M2,692.4237618012816,1.768919702261336,1.063287858292481,2.606036415353586
2007M3,742.3664244448235,6.964481401602581,3.621171602895297,2.614077884922402
2007M4,744.8659250780565,0.3361281090151328,3.487640570469132,2.705829614757284
2007M5,731.4096512431456,-1.82305346428355,4.579263067659682,2.36705967090762
2007M6,764.299188280839,4.39856190030117,3.158953706527207,2.197411065833964
2007M7,776.3161647339313,1.560054578181748,3.114777723197264,2.491844281630507
2007M8,753.9079695615927,-2.928956171336774,3.694610092580791,2.298220158343113
2007M9,800.1951757401787,5.958536331326719,4.443823095544007,2.128919690382384
2007M10,795.3269362968041,-0.610239684439644,4.610003388950593,2.118699245029955
2007M11,818.5259593876207,2.875184137176186,3.286438252241257,2.12850976873026
2007M12,826.4503020625601,0.9634672742594154,1.745441404158524,2.127917352932139
2008M1,832.0970821804791,0.6809334469734182,1.193679383180183,2.601012970411145
2008M2,831.9889553384058,-0.01299534276324152,0.5024675397855725,2.589227313555953
2008M3,889.2529741895532,6.656258952802283,3.666628899610502,2.733001437593228
2008M4,884.525287848272,-0.5330652243925854,4.009069045416401,2.715032018934739
2008M5,906.199619123092,2.42085087482457,3.613647373338371,2.689887792867296
2008M6,881.3595772519466,-2.779392255433004,2.608132603523967,2.996480484634521
2008M7,913.7862104194588,3.613094926737118,3.399212331980289,2.983804458295831
2008M8,931.3303669384884,1.901742739347401,3.30922054072281,3.040917870246481
2008M9,905.786586849938,-2.781034309611783,3.310136348920646,3.037587949390789
2008M10,952.31563872844,5.009281018370673,3.921611232543162,2.999131798103658
2008M11,954.207938329348,0.1985079277349902,3.930865523501497,2.971830416059133
2008M12,950.27278551375,-0.4132526380167216,2.969895059146235,3.011168822145561
2009M1,986.2490823713678,3.715985571463768,2.228508774740568,2.961505274925204
2009M2,1005.619135263684,1.944974406022445,2.071566377164439,3.003017454219528
2009M3,1013.125690225562,0.7436887975480012,1.495221041266459,2.829717713553686
2009M4,1003.800602634454,-0.9246896199656552,1.441153778470768,2.981762578346658
2009M5,1033.590747868301,2.92455040487005,1.930297587727251,3.062875013318092
2009M6,1039.743744661749,0.5935380787938898,1.938869196997607,2.749546756267483
2009M7,1068.54841300633,2.732682064040552,1.293984087624253,2.693583261316279
2009M8,1034.200860883138,-3.267209067447557,3.040833194661679,2.864983056074284
2009M9,1113.300538728279,7.370004826037365,5.333131903556484,2.852455062507945
2009M10,1087.631930159105,-2.332626994311735,5.890172992768355,2.893650344808701
2009M11,1100.742475005826,1.198213767618495,4.910853720690834,2.979026081772479
2009M12,1120.615143367016,1.789284029406552,2.228839422507021,2.947072146569184
2010M1,1133.137436300974,1.111250800929276,0.368929909979504,2.478075151939222
2010M2,1093.495410701886,-3.561091345411207,2.913103352178601,2.503792634926993
2010M3,1143.227328823748,4.4475888660017,4.022869861711444,2.532841385840604
2010M4,1070.22173742678,-6.598939465253344,5.70662287903458,2.233079187424619
2010M5,1144.290309405578,6.691876948276574,7.114637705786778,2.166408401209354
2010M6,1078.024163142816,-5.965474070228261,7.497284109934921,2.521489182824391
2010M7,1151.912439108934,6.629366464217544,7.289746800065393,2.863681566171821
2010M8,1115.070622097411,-3.250581055676856,6.628398690036262,2.881054623349967
2010M9,1154.232818435521,3.451815570461526,5.043681083169784,2.866809314588022
2010M10,1147.883506972796,-0.5516078828784159,3.372288443285686,2.824999749925383
2010M11,1159.967430340687,1.047210944549766,2.015181728639189,2.727066110380843
2010M12,1118.781123892946,-3.615211697213038,2.36925005239235,3.028929607543158
2011M1,1149.821966398732,2.736730810392415,3.289879326242439,3.216882521359085
2011M2,1154.118583192597,0.3729802642374782,3.210404060388435,3.876093326557807
2011M3,1128.426511955838,-2.251272616073317,2.495135200301483,4.224254166036626
2011M4,1164.971706588551,3.187260548764168,2.719819837315588,4.661833623209133
2011M5,1182.851715768298,1.523143068007631,2.786668971222122,4.971986126266328
2011M6,1098.883248100819,-7.363379610169324,5.672383097999361,4.970804640889739
2011M7,1151.19806658608,4.650876200156509,6.232914547406684,4.602698684335707
2011M8,1181.194353117145,2.572289313130569,6.421064074283061,4.538323589645541
2011M9,1150.825835747937,-2.604628755045982,3.736383195161174,4.5362671793047
2011M10,1144.116034758099,-0.5847485895071766,2.609191601704803,4.656468093837123
2011M11,1160.417234636238,1.414730867997227,2.009688440342152,4.715435541231268
2011M12,1141.485900590979,-1.644879021740634,1.553652004778383,4.570640100602497
2012M1,1159.479163205809,1.564007179150739,1.811097583636527,4.445325598705623
2012M2,1121.04926193917,-3.370581928999956,2.504168885434641,4.024101751295357
2012M3,1171.937544723138,4.439331248704814,3.949945189799539,3.577042755209492
2012M4,1143.134537929188,-2.488431638884725,4.277203751757682,3.813724149699441
2012M5,1187.584909756651,3.814767346275274,3.832194674539274,3.541665073079847
2012M6,1150.633274802548,-3.160929277205485,3.84800627821105,3.45440983808997
2012M7,1167.598459988189,1.463657649063359,3.549057725410635,3.423047556855362
2012M8,1181.3977447503,1.174922588349552,2.59068149251438,3.42352470798783
2012M9,1172.096836222378,-0.7903954420784324,1.226553316798513,3.435634511772221
2012M10,1196.184257665283,2.034239275051322,1.44795611201814,3.291021556294529
2012M11,1187.202024549974,-0.7537406510687483,1.620325940840665,3.224530338151242
2012M12,1184.538582923053,-0.2245981485629923,1.480718877365939,3.370314899359242
2013M1,1201.223520341044,1.398732037993836,1.12163061059223,3.556046514592076
2013M2,1212.339687318913,0.9211480805076434,0.8342683173959864,3.516561622157397
2013M3,1177.126944803376,-2.947544143333585,2.383449272365292,3.674801762909761
2013M4,1154.576115772647,-1.934339972859954,2.006122887429042,3.053560320247026
2013M5,1169.209664786002,1.259474309173669,2.195678961768759,2.774496563429726
2013M6,1178.809101501948,0.8176672466977181,1.730567675892948,2.690161251388707
2013M7,1192.697418594816,1.171278742207852,0.2338136823209754,2.579072844784824
2013M8,1187.221193464704,-0.4602035353072305,0.858266590975152,2.621466739668905
2013M9,1222.728967082065,2.94697740564919,1.704099084052422,2.617705692174217
2013M10,1218.282836319819,-0.3642862908647247,1.940040779212691,2.558635273551268
2013M11,1219.16481386439,0.07236894568769925,1.799004764749194,2.55169813738408
2013M12,1205.594165109235,-1.119351701911413,0.602908184342332,2.27727150730417
2014M1,1217.257675289268,0.9627992999266257,1.04470227913022,2.155692047532943
2014M2,1213.172223884571,-0.3361919843128493,1.051670916070733,2.101948930720141
2014M3,1205.839799377439,-0.6062348507094197,0.8388652724647319,1.796813478156339
2014M4,1191.503327299848,-1.196044306129384,0.4397242239418844,1.534629020248141
2014M5,1189.756512183959,-0.1467135505548657,0.5260117320607203,1.514965142359703
2014M6,1189.923186226946,0.01400810734072275,0.6571597128623711,1.490407630934004
2014M7,1186.859332623527,-0.2578153681463994,0.1366644717393339,1.679397341473197
2014M8,1190.596903225666,0.3144178744383986,0.2862356004857683,1.60198432088386
2014M9,1230.330034184328,3.282767315405347,1.900625994537694,1.577053958002427
2014M10,1260.060069741261,2.38769403569359,1.522647290115247,1.620607568811539
2014M11,1254.057186210177,-0.4775350015464193,1.964288129186165,1.594671973338998
2014M12,1229.502191942677,-1.977467874491043,2.217880916599972,1.577783390750308
2015M1,1191.499017940632,-3.139717212916911,1.3346557780035,1.299626181726643
2015M2,1250.143778844178,4.80463744396245,4.290698214151696,1.203260504856558
2015M3,1232.984367040073,-1.382102247269125,4.172883281553456,1.165196140233851
2015M4,1234.265298316315,0.1038347605689117,3.229584665415527,1.145966621089936
2015M5,1212.488040179579,-1.780141289646881,0.9929593503182257,1.095176559121732
2015M6,1310.063618830792,7.740122001540414,5.041455836659671,1.091035634517261
2015M7,1258.22595461263,-4.037294371779844,6.250835805451177,1.173980995438415
2015M8,1254.489377230901,-0.2974137251997651,6.017976185837466,1.342100208805786
2015M9,1244.818860360301,-0.7738593412110014,2.035670072909017,1.359150283761292
2015M10,1288.81474979386,3.473297176506958,2.326786038554054,1.456016477113944
2015M11,1291.846826772018,0.2349845792175966,2.218962708847795,1.710682642502883
2015M12,1274.690260283564,-1.336962721574694,2.452763308370229,2.231846373162951
2016M1,1301.028609382058,2.04519736035052,1.692478234681002,2.269826468998505
2016M2,1310.00994750746,0.6879541111438314,1.70202840931599,2.228542197941705
2016M3,1298.480083525852,-0.8840316760831534,1.4659258337678,2.306420968589475
2016M4,1301.63224523376,0.2424636210752786,0.8102049891339461,3.176807933387265
2016M5,1273.066563274035,-2.219044343239072,1.232225083224774,3.465610829874879
2016M6,1345.469252842388,5.531423235968846,3.96025805057177,3.472867301745314
2016M7,1312.202252795084,-2.503600434371212,4.559099422186332,3.366331737900836
2016M8,1321.774386561653,0.7268231435754713,4.04313046874377,3.447090377018574
2016M9,1352.839499036286,2.323064999195438,2.459008057536415,3.440714429662008
2016M10,1386.643964419679,2.46806974957205,0.9661740856042682,3.407873851418589
2016M11,1392.424868785418,0.4160323511815381,1.145182473277803,3.257373691182499
2016M12,1358.355056059273,-2.477228708240804,2.484545360128259,2.995840923154251
2017M1,1373.159517383359,1.08398515834626,1.892941481492975,2.972419072376655
2017M2,1416.873668934817,3.133850117076346,2.839260353699063,2.971299818894139
2017M3,1381.793445622059,-2.507054914287509,2.855326155484317,3.003676466152609
2017M4,1320.528841414267,-4.534995989948717,3.973737853970186,2.546265363852383
2017M5,1414.323923878579,6.861933080454325,6.079754289001166,2.343438377281574
2017M6,1360.339920749904,-3.891701435852404,6.402401573230566,2.33635492078007
2017M7,1356.930994546547,-0.250908216223329,5.469438452134484,2.361546172845218
2017M8,1409.679822843513,3.813707452354251,3.854646588551657,2.270031036959888
2017M9,1396.853886039795,-0.9140119040645345,2.559691952401429,2.267914856202106
2017M10,1395.185025034624,-0.1195442654682706,2.531566649908952,2.378760072514609
2017M11,1407.689654871389,0.8922776954887847,0.9053217316610151,2.338941406103132
2017M12,1415.972580152174,0.5866812918255141,0.5189616845814699,2.464782455067746
2018M1,1427.368733003155,0.8016071670413152,0.1569519239014217,2.597764993654982
2018M2,1417.465485555243,-0.6962294946448997,0.8098938081595141,2.981599135566157
2018M3,1459.922561248367,2.951298656402761,1.833446198520221,3.449608458374734
2018M4,1432.373749826,-1.905036110659831,2.528163444656598,3.365228180524607
2018M5,1458.140647574807,1.782906206848303,2.53475991049856,3.268746462070504
2018M6,1492.452844526191,2.325887579356106,2.302044836621556,3.42489929574494
2018M7,1465.90212500938,-1.795013288757364,2.238978958243538,3.398778412820671
2018M8,1466.209383151343,0.02095814857194729,2.065279476927567,3.327767055238874
2018M9,1465.335441875658,-0.0596232603447864,1.025981170666458,3.335345209436616
2018M10,1472.533852270664,0.4900439113982435,0.2968357615588446,3.236696887898948
2018M11,1523.158967281055,3.380182025806616,1.847849774137637,3.231868156538392
2018M12,1458.968427616321,-4.305681663047276,3.882103870098222,3.116051192123893
2019M1,1464.071347154722,0.349151918250293,3.871414896953722,3.114651187630891
2019M2,1511.731278093961,3.203438708690914,3.790367561528232,2.808870832525375
2019M3,1513.686433659231,0.129248654151262,1.714932215330766,2.080480108918513
2019M4,1509.504512098759,-0.2766563080419117,1.902912883592423,1.692055181030912
2019M5,1501.028636803257,-0.5630828342426656,0.3478797404914099,1.830034247534025
2019M6,1580.517553182279,5.160172775379814,3.22482054824572,1.53680531021976
2019M7,1504.177115581038,-4.950637709287848,5.070088447806302,1.493224193618072
2019M8,1572.836485722358,4.463468646974059,5.647112592384625,1.484327936920481
2019M9,1524.795978980631,-3.102005124871139,4.987972773108925,1.708583514571032
2019M10,1559.187842973124,2.230445538196359,3.887111516942065,2.230780993679818
2019M11,1557.259047488256,-0.1237817167393404,2.672303335784671,2.224411406932989
2019M12,1525.483156008854,-2.061607155529896,2.149390212937485,2.360430590105088
2020M1,1561.45046879464,2.330399347175746,2.201056308741776,2.235237159284459
2020M2,1607.271549324383,2.89228745589518,2.712517624754886,2.136353065683682
2020M3,1592.732545226385,-0.9086928461017656,2.051620812083315,2.109167038179509
2020M4,1601.132340435409,0.5259968643846812,1.919423393670418,2.488396299308437
2020M5,1668.589041108609,4.126729204071196,2.594194903073915,2.885472393322742
2020M6,1685.997025162819,1.037871139525697,1.948004654277603,3.132737344666146
2020M7,1731.087305995924,2.639261651835276,1.544779133877376,3.307864122901836
2020M8,1740.056981079628,0.5168148775558945,1.106099114810093,3.353290929884926
2020M9,1763.793933557143,1.354927261235448,1.069012589901183,3.22766463187035
2020M10,1773.97131796084,0.5753582703139026,0.467900899072848,3.000902721797805
2020M11,1732.566095647313,-2.361711395265706,1.959911092161795,3.053600151312358
2020M12,1880.618392482302,8.199705312697745,5.45130823629253,3.030127360203655
2021M1,1815.675980958456,-3.514281524977444,6.456126656342032,3.056702893567498
2021M2,1878.964907310578,3.426320432139002,5.89031190994024,3.048744089656729
2021M3,1862.628459787989,-0.8732403407195768,3.503171822400835,3.198253325488703
2021M4,1805.188224404335,-3.132377479488289,3.331827370159218,2.904880618955187
2021M5,1854.290341473754,2.6837191822882,2.932082366942403,2.379946434900543
2021M6,1885.991027581492,1.695136920065299,3.112051053196445,2.144636591741221
2021M7,1804.262973965119,-4.430124309548007,3.853632252964425,1.748945133179087
2021M8,1831.790987208182,1.51419860667587,3.485363174204386,1.726565124074718
2021M9,1854.024714115593,1.206462742293372,3.346659774749481,1.97138439318267
2021M10,1799.34227402061,-2.993760241007846,2.518540167242687,2.675075709831769
2021M11,1898.001956184805,5.33805360388814,4.165954034453285,3.062622500780698
2021M12,1767.540516566308,-7.121268922451743,6.346786164098535,3.092280988709616
2022M1,1833.820515110199,3.681246216500294,6.766018793223867,3.089993460847566
2022M2,1828.115430629855,-0.3115886886416162,5.462124263107285,3.343827558776828
2022M3,1819.805514668306,-0.4555981590724891,2.34794061164962,3.245652337278295
2022M4,1865.910263974406,2.50193759165181,1.667517444900647,3.254105256041856
2022M5,1860.611657056514,-0.2843729676575258,1.660314343525855,3.544321488145764
2022M6,1881.496717778844,1.116230503303781,1.393161916318747,3.560374456845082
2022M7,1864.656116869712,-0.8990938222530767,1.032884629659798,3.55711761047902
2022M8,1884.58202229227,1.062940911844116,1.148473785475241,3.68931844334584
2022M9,1922.84568153169,2.010015709776925,1.48377049213769,3.883251226363609
2022M10,1907.89741259779,-0.7804409974752206,1.419017040744153,3.730460938351869
2022M11,1896.211879701974,-0.6143656111479144,1.565333137418968,3.782775105047105
2022M12,1959.337872608308,3.274844758373116,2.294881293005519,3.633378381390138
2023M1,1912.75681839421,-2.406103423962143,2.904291478101458,3.628639596325939
2023M2,1979.825451609468,3.446312323676423,3.330499048179247,3.578011959839848
2023M3,1946.011052196517,-1.722702187679225,3.199909330787519,3.498114648773424
2023M4,1967.321438755541,1.089127860255217,2.587837508798501,3.476966500442617
2023M5,1958.26671592191,-0.4613188411532937,1.408389218177305,3.208879980460141
2023M6,2000.04620764725,2.111053073475102,1.295203547870115,3.195646444137564
2023M7,1985.762078442413,-0.7167525044632886,1.564119987412538,3.226087036459428
2023M8,1989.628505232211,0.1945181449492003,1.44337594521547,3.08040394333212
2023M9,1978.717886897733,-0.5498837424236118,0.4851792710173424,2.681915864294949
2023M10,1987.477425622006,0.4417106206934189,0.516155285250836,1.659365478737491
2023M11,2040.330245482301,2.624547049026134,1.624040491260714,1.648413491808285
2023M12,2057.932067088525,0.8589947883293684,1.158740389004904,1.855055669824848
2024M1,2074.330844085369,0.7936989217334961,1.038704577880298,1.957816680381527
2024M2,2166.231714118897,4.335050385617127,2.026013995360545,1.870890457839156
2024M3,2221.731042443189,2.529752013497757,1.770788559773669,1.877812023329924
2024M4,2284.976527692,2.806911106227233,0.9722078852002916,1.932212566866978
2024M5,2347.217241083916,2.687472181445345,0.139019465551348,1.920814239147129
2024M6,2390.429455359728,1.824256447341574,0.5361929439712065,1.915029613478724
2024M7,2461.68435116478,2.937277300620452,0.5840033420286854,1.867693536601565
2024M8,2596.052879926275,5.314635716305189,1.782946806912257,1.840187415794289
2024M9,2466.591323245028,-5.115500196055144,5.466363715150756,1.923061925330635
2024M10,2533.304998794012,2.668760742992893,5.421917063977435,1.736146049154095
2024M11,2674.536054353444,5.425115380599255,5.466516044524344,1.493178140731595
2024M12,2686.969001877094,0.4637865554203587,2.485765669019852,1.656227579642565
2025M1,2741.773379286858,2.019113652685514,2.537540602683027,1.529161631568793
2025M2,2808.744613897727,2.413269713805303,1.030767187166211,1.606089545999736
2025M3,2805.392553087489,-0.1194150092479191,1.362788547110632,1.558054722190597
2025M4,2642.084568133182,-5.997526208538862,4.31486135785261,1.550172356828992
2025M5,2780.623199336041,5.110686028041007,5.557255426083141,1.432602654843975
2025M6,2786.496073974481,0.2109844078663367,5.566941996189965,1.65872462190787
2025M7,2845.524959400419,2.096265147535787,2.471439954052992,2.604859185639263
2025M8,2789.679512144537,-1.982085152062316,2.041109940215788,2.575616672851972
2025M9,2746.516278488265,-1.559341825939871,2.242584648366585,2.755745732159177
,,,,2.77623850149631
,,,,2.741217556919302
,,,,2.668258719914769
,,,,2.743820236190291
,,,,3.550595662834831
,,,,3.707690028655105
,,,,3.72061014550754
,,,,3.694333238254615
,,,,3.554732285183694
,,,,3.161460772625662
