"Scenario 1: Baseline",,,,,,,,,,,,
Year,Unit,"Nominal GDP
(bil. GEL)","Real GDP Growth
Rate (%)","Bell-Shape
Allocation (%)","Annual Investment
Nominal (bil. GEL)","Annual Investment
Real (bil. 2025 GEL)","Direct Demand
Effect (bil. 2025 GEL)","GDP Impact
(%)","GDP Deflator
(Index)","Investment Deflator
(Index, 2025=100)","Baseline Real GDP
(bil. 2025 GEL)","Cumulative GDP
Impact (bil. 2025 GEL)"
2025,,101.487,5.977,0,0,0,0,0,141.86,100,101.487,0
2026,,110.29,5,5,0.8924500000000001,0.8622711186786993,0.5304701781186422,0.4978114610695204,146.825,103.49992950796559,106.56045904988935,0.5304701781186422
2027,,119.858,5,10,1.7849000000000002,1.6662230133452662,1.0250623029437185,0.9161445383930551,151.964,107.1225151557874,111.88870969440131,1.5555324810623605
2028,,130.256,5,15,2.67735,2.4148119695071943,1.4855950846996107,1.2645166297450576,157.283,110.87198646552937,117.483238239352,3.041127565761971
2029,,141.556,5,20,3.5698000000000003,3.1108670663685287,1.9138089761473722,1.5514319715549294,162.788,114.7525729592556,123.35758262279776,4.954936541909343
2030,,153.836,5,20,3.5698000000000003,3.0056611706610648,1.849086188817341,1.4275884979161548,168.486,118.76920907937401,129.525153187802,6.804022730726684
2031,,167.18150504820193,5,15,2.67735,2.178012317969894,1.3399156683207918,0.9852218884892957,174.38325204423847,122.92630201905996,136.0014108471921,8.143938399047476
2032,,181.68475278986688,5,10,1.7849000000000002,1.4029045377682712,0.8630684756944649,0.6043834190627752,180.4869163819214,127.22889918364682,142.80148138955167,9.007006874741942
2033,,197.4461791500068,5,5,0.8924500000000001,0.6777307200649676,0.41694071389082704,0.2780688199574893,186.8042177398478,131.68209343003508,149.94155545902927,9.42394758863277
2034,,214.57493302162717,5,0,0,0,0,0,193.34263372063367,136.29115587243314,157.43863323198073,9.42394758863277
2035,,233.18963212884339,5,0,0,0,0,0,200.10990365372876,141.06154212161903,165.31056489357977,9.42394758863277
2036,,253.41918446226225,5,0,0,0,0,0,207.11403775623177,145.99889874258548,173.57609313825876,9.42394758863277
2037,,275.40368097512226,5,0,0,0,0,0,214.36332661434713,151.1090699382117,182.2548977951717,9.42394758863277
2038,,299.2953657221703,5,0,0,0,0,0,221.86635099670664,156.3981044668734,191.36764268493027,9.42394758863277
2039,,325.2596901595495,5,0,0,0,0,0,229.63199201117112,161.87226280217897,200.93602481917685,9.42394758863277
2040,,353.4764589067924,5,0,0,0,0,0,237.66944161713505,167.5380245433068,210.9828260601357,9.42394758863277
2041,,384.14107490539567,5,0,0,0,0,0,245.98821350577666,173.40209608471494,221.53196736314246,9.42394758863277
2042,,417.4658925967791,5,0,0,0,0,0,254.59815436113269,179.4714185543019,232.6085657312996,9.42394758863277
2043,,453.6816884904739,5,0,0,0,0,0,263.50945551532675,185.75317602941402,244.23899401786454,9.42394758863277
,,,,,,,,,,,,
,,,,,,,,,,,,
,,,,,,,,,,,,
,,,,,,,,,,,,
,,,,,,,,,,,,
,,,,,,,,,,,,
Assumptions,,,,,,,,,,,,
Parameter,,Note,Value,,,,,,,,,
"Total Investment (bil. USD)",,"6.5 billion USD over 8 years",6.5,,,,,,,,,
"Lari/USD Exchange Rate",,"Fixed exchange rate assumption",2.746,,,,,,,,,
"Demand Multiplier",,"Small open economy (0.8)",0.8,,,,,,,,,
"Import Content Share",,"From SUT Calc",0.2309985707692672,,,,,,,,,
,,,,,,,,,,,,
,,,,,,,,,,,,
"Scenario 2: Demand Multiplier = 1",,,,,,,,,,,,
Year,Unit,"Nominal GDP
(bil. GEL)","Real GDP Growth
Rate (%)","Bell-Shape
Allocation (%)","Annual Investment
Nominal (bil. GEL)","Annual Investment
Real (bil. 2025 GEL)","Direct Demand
Effect (bil. 2025 GEL)","GDP Impact
(%)","GDP Deflator
(Index)","Investment Deflator
(Index, 2025=100)","Baseline Real GDP
(bil. 2025 GEL)","Cumulative GDP
Impact (bil. 2025 GEL)"
2025,,101.487,5.977,0,0,0,0,0,141.86,100,101.487,0
2026,,110.29,5,5,0.8924500000000001,0.8622711186786993,0.6630877226483026,0.6222643263369004,146.825,103.49992950796559,106.56045904988935,0.6630877226483026
2027,,119.858,5,10,1.7849000000000002,1.6662230133452662,1.281327878679648,1.145180672991319,151.964,107.1225151557874,111.88870969440131,1.9444156013279508
2028,,130.256,5,15,2.67735,2.4148119695071943,1.8569938558745132,1.5806457871813218,157.283,110.87198646552937,117.483238239352,3.801409457202464
2029,,141.556,5,20,3.5698000000000003,3.1108670663685287,2.3922612201842153,1.9392899644436616,162.788,114.7525729592556,123.35758262279776,6.193670677386679
2030,,153.836,5,20,3.5698000000000003,3.0056611706610648,2.311357736021676,1.7844856223951933,168.486,118.76920907937401,129.525153187802,8.505028413408356
2031,,167.18150504820193,5,15,2.67735,2.178012317969894,1.6748945854009896,1.2315273606116195,174.38325204423847,122.92630201905996,136.0014108471921,10.179922998809346
2032,,181.68475278986688,5,10,1.7849000000000002,1.4029045377682712,1.078835594618081,0.7554792738284688,180.4869163819214,127.22889918364682,142.80148138955167,11.258758593427427
2033,,197.4461791500068,5,5,0.8924500000000001,0.6777307200649676,0.5211758923635338,0.3475860249468616,186.8042177398478,131.68209343003508,149.94155545902927,11.77993448579096
2034,,214.57493302162717,5,0,0,0,0,0,193.34263372063367,136.29115587243314,157.43863323198073,11.77993448579096
2035,,233.18963212884339,5,0,0,0,0,0,200.10990365372876,141.06154212161903,165.31056489357977,11.77993448579096
2036,,253.41918446226225,5,0,0,0,0,0,207.11403775623177,145.99889874258548,173.57609313825876,11.77993448579096
2037,,275.40368097512226,5,0,0,0,0,0,214.36332661434713,151.1090699382117,182.2548977951717,11.77993448579096
2038,,299.2953657221703,5,0,0,0,0,0,221.86635099670664,156.3981044668734,191.36764268493027,11.77993448579096
2039,,325.2596901595495,5,0,0,0,0,0,229.63199201117112,161.87226280217897,200.93602481917685,11.77993448579096
2040,,353.4764589067924,5,0,0,0,0,0,237.66944161713505,167.5380245433068,210.9828260601357,11.77993448579096
2041,,384.14107490539567,5,0,0,0,0,0,245.98821350577666,173.40209608471494,221.53196736314246,11.77993448579096
2042,,417.4658925967791,5,0,0,0,0,0,254.59815436113269,179.4714185543019,232.6085657312996,11.77993448579096
2043,,453.6816884904739,5,0,0,0,0,0,263.50945551532675,185.75317602941402,244.23899401786454,11.77993448579096
,,,,,,,,,,,,
,,,,,,,,,,,,
"Scenario 3: Import Content Share = 0.5",,,,,,,,,,,,
Year,Unit,"Nominal GDP
(bil. GEL)","Real GDP Growth
Rate (%)","Bell-Shape
Allocation (%)","Annual Investment
Nominal (bil. GEL)","Annual Investment
Real (bil. 2025 GEL)","Direct Demand
Effect (bil. 2025 GEL)","GDP Impact
(%)","GDP Deflator
(Index)","Investment Deflator
(Index, 2025=100)","Baseline Real GDP
(bil. 2025 GEL)","Cumulative GDP
Impact (bil. 2025 GEL)"
2025,,101.487,5.977,0,0,0,0,0,141.86,100,101.487,0
2026,,110.29,5,5,0.8924500000000001,0.8622711186786993,0.34490844747147975,0.3236739504941518,146.825,103.49992950796559,106.56045904988935,0.34490844747147975
2027,,119.858,5,10,1.7849000000000002,1.6662230133452662,0.6664892053381065,0.5956715446611824,151.964,107.1225151557874,111.88870969440131,1.0113976528095863
2028,,130.256,5,15,2.67735,2.4148119695071943,0.9659247878028778,0.8221809360029482,157.283,110.87198646552937,117.483238239352,1.977322440612464
2029,,141.556,5,20,3.5698000000000003,3.1108670663685287,1.2443468265474116,1.008731526745599,162.788,114.7525729592556,123.35758262279776,3.221669267159876
2030,,153.836,5,20,3.5698000000000003,3.0056611706610648,1.202264468264426,0.9282092618112794,168.486,118.76920907937401,129.525153187802,4.423933735424302
2031,,167.18150504820193,5,15,2.67735,2.178012317969894,0.8712049271879576,0.6405852128746095,174.38325204423847,122.92630201905996,136.0014108471921,5.29513866261226
2032,,181.68475278986688,5,10,1.7849000000000002,1.4029045377682712,0.5611618151073084,0.3929663821739365,180.4869163819214,127.22889918364682,142.80148138955167,5.856300477719568
2033,,197.4461791500068,5,5,0.8924500000000001,0.6777307200649676,0.27109228802598706,0.18079863663950155,186.8042177398478,131.68209343003508,149.94155545902927,6.127392765745555
2034,,214.57493302162717,5,0,0,0,0,0,193.34263372063367,136.29115587243314,157.43863323198073,6.127392765745555
2035,,233.18963212884339,5,0,0,0,0,0,200.10990365372876,141.06154212161903,165.31056489357977,6.127392765745555
2036,,253.41918446226225,5,0,0,0,0,0,207.11403775623177,145.99889874258548,173.57609313825876,6.127392765745555
2037,,275.40368097512226,5,0,0,0,0,0,214.36332661434713,151.1090699382117,182.2548977951717,6.127392765745555
2038,,299.2953657221703,5,0,0,0,0,0,221.86635099670664,156.3981044668734,191.36764268493027,6.127392765745555
2039,,325.2596901595495,5,0,0,0,0,0,229.63199201117112,161.87226280217897,200.93602481917685,6.127392765745555
2040,,353.4764589067924,5,0,0,0,0,0,237.66944161713505,167.5380245433068,210.9828260601357,6.127392765745555
2041,,384.14107490539567,5,0,0,0,0,0,245.98821350577666,173.40209608471494,221.53196736314246,6.127392765745555
2042,,417.4658925967791,5,0,0,0,0,0,254.59815436113269,179.4714185543019,232.6085657312996,6.127392765745555
2043,,453.6816884904739,5,0,0,0,0,0,263.50945551532675,185.75317602941402,244.23899401786454,6.127392765745555
