"Scenario 1: Base Case (Demand Multiplier = 0.8)",,,,,,,,,,,,,,,,,,,,,
,Units,2024,2025,2026,2027,2028,2029,2030,2031,2032,2033,2034,2035,2036,2037,2038,2039,2040,2041,2042,2043
"Nominal GDP","Bln USD",33.191,35.908,38.602,41.502,44.235,47.409,51.521698422824244,55.99117062946804,60.84836650240137,66.12692080529445,71.86338609463104,78.09748583624548,84.87238947954665,92.23501139424337,100.23633573962675,108.93176951604146,118.38152624333117,128.65104292312773,139.81143317233446,151.93997966563018
"Real GDP Growth Rate",%,7.554,5.976,5,5,5,5,5,5,5,5,5,5,5,5,5,5,5,5,5,5
"GDP Deflator",Index,135.797,140.652,145.575,150.67,155.943,161.401,167.04993018489068,172.89656925779175,178.94783690138988,185.21089498277198,191.69315602972208,198.4022920036829,205.34624337976544,212.5332285445529,219.9717535228219,227.67062204469227,235.63894596512085,243.88615604807072,252.42201312811918,261.25661966271497
"GDP Deflator Growth Rate",%,4.0470444010267,3.5751894371746085,3.500127975428713,3.4999141336081063,3.499701334041294,3.499996793700255,3.499935059194592,3.499935059194592,3.499935059194592,3.499935059194592,3.499935059194592,3.499935059194592,3.499935059194592,3.499935059194592,3.499935059194592,3.499935059194592,3.499935059194592,3.499935059194592,3.499935059194592,3.499935059194592
"Nominal GDP","Bln GEL",91.142486,98.603368,106.00109199999999,113.964492,121.46931,130.185114,141.47858386907538,153.75175454851922,167.08961441559416,181.58452453133856,197.33685821585684,214.4556961063301,233.0595815108351,253.2773412885923,275.2489779410151,299.1266390910498,325.07567106418736,353.27576386690873,383.9221954912304,417.22718416182045
"Real GDP (2024 prices)","Bln GEL",91.142486,95.19979498546768,98.8811972545011,102.71478144371143,105.77690495931203,109.53307554388138,115.00972932107544,120.76021578712921,126.79822657648569,133.13813790531,139.7950448005755,146.7847970406043,154.1240368926345,161.83023873726626,169.92175067412956,178.41783820783604,187.33873011822786,196.70566662413924,206.54094995534624,216.86799745311356
,,,,,,,,,,,,,,,,,,,,,
"Investment Spending Shock",,,,,,,,,,,,,,,,,,,,,
"Total Project Value","Bln USD",6.5,,,,,,,,,,,,,,,,,,,
"Project Duration",Years,8,,,,,,,,,,,,,,,,,,,
"Start Year",,2026,,,,,,,,,,,,,,,,,,,
"End Year",,2033,,,,,,,,,,,,,,,,,,,
,,,,,,,,,,,,,,,,,,,,,
"Annual Allocation Weights (Bell Shape)",,,,,,,,,,,,,,,,,,,,,
"Year of Project",,1,2,3,4,5,6,7,8,,,,,,,,,,,,
"Allocation Weight",%,0.05,0.1,0.15,0.2,0.2,0.15,0.1,0.05,,,,,,,,,,,,
"Calendar Year",,2026,2027,2028,2029,2030,2031,2032,2033,,,,,,,,,,,,
"Sum of Weights",,1,,,,,,,,,,,,,,,,,,,
,,,,,,,,,,,,,,,,,,,,,
,,,,,,,,,,,,,,,,,,,,,
,,,,,,,,,,,,,,,,,,,,,
,,,,,,,,,,,,,,,,,,,,,
,,,,,,,,,,,,,,,,,,,,,
,,,,,,,,,,,,,,,,,,,,,
,,,,,,,,,,,,,,,,,,,,,
,,,,,,,,,,,,,,,,,,,,,
Assumptions,,,,,,,,,,,,,,,,,,,,,
"Lari/USD Exchange Rate",GEL/USD,,2.746,,,,,,,,,,,,,,,,,,
"Demand Multiplier",,,0.8,,,,,,,,,,,,,,,,,,
"Import Content Share",,,0.23099857076926716,,,,,,,,,,,,,,,,,,
"Project Allocation",,,"Bell shape",,,,,,,,,,,,,,,,,,
,,,,,,,,,,,,,,,,,,,,,
"Shock Calculations",,,,,,,,,,,,,,,,,,,,,
,,2024,2025,2026,2027,2028,2029,2030,2031,2032,2033,2034,2035,2036,2037,2038,2039,2040,2041,2042,2043
"Annual Investment Spending","Bln USD",0,0,0.325,0.65,0.975,1.3,1.3,0.975,0.65,0.325,0,0,0,0,0,0,0,0,0,0
"Annual Investment Spending","Bln GEL",0,0,0.8924500000000001,1.7849000000000002,2.67735,3.5698000000000003,3.5698000000000003,2.67735,1.7849000000000002,0.8924500000000001,0,0,0,0,0,0,0,0,0,0
"Investment Deflator (2024=1)",Index,1,1.035751894371746,1.0720045361826844,1.1095237744574622,1.1483537927936553,1.1885461387217686,1.2301444817255955,1.273198739720257,1.31775986878495,1.3638806084285513,1.4116155440084985,1.4610211713342924,1.512155963532077,1.5650804402494378,1.6198572392823252,1.6765511907088688,1.735229393617833,1.7959612955225133,1.858818774554071,1.9238762245315801
"Real Annual Investment Spending","Bln GEL (2024 prices)",0,0,0.8325058055984889,1.6087082053494395,2.331467895000096,3.0035014070544794,2.901935547434585,2.1028531653968323,1.3544956424009027,0.6543461315343955,0,0,0,0,0,0,0,0,0,0
"Domestic Content of Investment","Bln GEL (2024 prices)",0,0,0.6401981543481206,1.2370989091289262,1.792902143460642,2.3096968747214115,2.231592583512665,1.6170970896525345,1.0416090848930937,0.5031931103615512,0,0,0,0,0,0,0,0,0,0
"Demand Impact on GDP","Bln GEL (2024 prices)",0,0,0.5121585234784964,0.989679127303141,1.4343217147685137,1.8477574997771293,1.785274066810132,1.2936776717220277,0.8332872679144749,0.402554488289241,0,0,0,0,0,0,0,0,0,0
,,,,,,,,,,,,,,,,,,,,,
"GDP Impact Summary",,,,,,,,,,,,,,,,,,,,,
"Demand Impact as % of GDP",%,0,0,0.5179534003419268,0.9635216211266472,1.355987599864297,1.686940214727082,1.5522809047103652,1.071278039120488,0.657175806328671,0.3023585087058558,0,0,0,0,0,0,0,0,0,0
"Adjusted Real GDP Growth Rate","% pts",7.554,5.976,5.517953400341927,5.44556822078472,5.39246597873765,5.330952614862785,4.865340689983283,4.518997134410123,4.585897767208183,4.645182702377185,4.697641491294144,5,5,5,5,5,5,5,5,5
,,,,,,,,,,,,,,,,,,,,,
,,,,,,,,,,,,,,,,,,,,,
"Scenario 2: Demand Multiplier = 1.0",,,,,,,,,,,,,,,,,,,,,
,Units,2024,2025,2026,2027,2028,2029,2030,2031,2032,2033,2034,2035,2036,2037,2038,2039,2040,2041,2042,2043
"Nominal GDP","Bln USD",33.191,35.908,38.602,41.502,44.235,47.409,51.521698422824244,55.99117062946804,60.84836650240137,66.12692080529445,71.86338609463104,78.09748583624548,84.87238947954665,92.23501139424337,100.23633573962675,108.93176951604146,118.38152624333117,128.65104292312773,139.81143317233446,151.93997966563018
"Real GDP Growth Rate",%,7.554,5.976,5,5,5,5,5,5,5,5,5,5,5,5,5,5,5,5,5,5
"GDP Deflator",Index,135.797,140.652,145.575,150.67,155.943,161.401,167.04993018489068,172.89656925779175,178.94783690138988,185.21089498277198,191.69315602972208,198.4022920036829,205.34624337976544,212.5332285445529,219.9717535228219,227.67062204469227,235.63894596512085,243.88615604807072,252.42201312811918,261.25661966271497
"GDP Deflator Growth Rate",%,4.0470444010267,3.5751894371746085,3.500127975428713,3.4999141336081063,3.499701334041294,3.499996793700255,3.499935059194592,3.499935059194592,3.499935059194592,3.499935059194592,3.499935059194592,3.499935059194592,3.499935059194592,3.499935059194592,3.499935059194592,3.499935059194592,3.499935059194592,3.499935059194592,3.499935059194592,3.499935059194592
"Nominal GDP","Bln GEL",91.142486,98.603368,106.00109199999999,113.964492,121.46931,130.185114,141.47858386907538,153.75175454851922,167.08961441559416,181.58452453133856,197.33685821585684,214.4556961063301,233.0595815108351,253.2773412885923,275.2489779410151,299.1266390910498,325.07567106418736,353.27576386690873,383.9221954912304,417.22718416182045
"Real GDP (2024 prices)","Bln GEL",91.142486,95.19979498546768,98.8811972545011,102.71478144371143,105.77690495931203,109.53307554388138,115.00972932107544,120.76021578712921,126.79822657648569,133.13813790531,139.7950448005755,146.7847970406043,154.1240368926345,161.83023873726626,169.92175067412956,178.41783820783604,187.33873011822786,196.70566662413924,206.54094995534624,216.86799745311356
,,,,,,,,,,,,,,,,,,,,,
"Investment Spending Shock",,,,,,,,,,,,,,,,,,,,,
"Total Project Value","Bln USD",6.5,,,,,,,,,,,,,,,,,,,
"Project Duration",Years,8,,,,,,,,,,,,,,,,,,,
"Start Year",,2026,,,,,,,,,,,,,,,,,,,
"End Year",,2033,,,,,,,,,,,,,,,,,,,
,,,,,,,,,,,,,,,,,,,,,
"Annual Allocation Weights (Bell Shape)",,,,,,,,,,,,,,,,,,,,,
"Year of Project",,1,2,3,4,5,6,7,8,,,,,,,,,,,,
"Allocation Weight",%,0.05,0.1,0.15,0.2,0.2,0.15,0.1,0.05,,,,,,,,,,,,
"Calendar Year",,2026,2027,2028,2029,2030,2031,2032,2033,,,,,,,,,,,,
"Sum of Weights",,1,,,,,,,,,,,,,,,,,,,
,,,,,,,,,,,,,,,,,,,,,
,,,,,,,,,,,,,,,,,,,,,
,,,,,,,,,,,,,,,,,,,,,
,,,,,,,,,,,,,,,,,,,,,
,,,,,,,,,,,,,,,,,,,,,
,,,,,,,,,,,,,,,,,,,,,
,,,,,,,,,,,,,,,,,,,,,
,,,,,,,,,,,,,,,,,,,,,
Assumptions,,,,,,,,,,,,,,,,,,,,,
"Lari/USD Exchange Rate",GEL/USD,,2.746,,,,,,,,,,,,,,,,,,
"Demand Multiplier",,,1,,,,,,,,,,,,,,,,,,
"Import Content Share",,,0.23099857076926716,,,,,,,,,,,,,,,,,,
"Project Allocation",,,"Bell shape",,,,,,,,,,,,,,,,,,
,,,,,,,,,,,,,,,,,,,,,
"Shock Calculations",,,,,,,,,,,,,,,,,,,,,
,,2024,2025,2026,2027,2028,2029,2030,2031,2032,2033,2034,2035,2036,2037,2038,2039,2040,2041,2042,2043
"Annual Investment Spending","Bln USD",0,0,0.325,0.65,0.975,1.3,1.3,0.975,0.65,0.325,0,0,0,0,0,0,0,0,0,0
"Annual Investment Spending","Bln GEL",0,0,0.8924500000000001,1.7849000000000002,2.67735,3.5698000000000003,3.5698000000000003,2.67735,1.7849000000000002,0.8924500000000001,0,0,0,0,0,0,0,0,0,0
"Investment Deflator (2024=1)",Index,1,1.035751894371746,1.0720045361826844,1.1095237744574622,1.1483537927936553,1.1885461387217686,1.2301444817255955,1.273198739720257,1.31775986878495,1.3638806084285513,1.4116155440084985,1.4610211713342924,1.512155963532077,1.5650804402494378,1.6198572392823252,1.6765511907088688,1.735229393617833,1.7959612955225133,1.858818774554071,1.9238762245315801
"Real Annual Investment Spending","Bln GEL (2024 prices)",0,0,0.8325058055984889,1.6087082053494395,2.331467895000096,3.0035014070544794,2.901935547434585,2.1028531653968323,1.3544956424009027,0.6543461315343955,0,0,0,0,0,0,0,0,0,0
"Domestic Content of Investment","Bln GEL (2024 prices)",0,0,0.6401981543481206,1.2370989091289262,1.792902143460642,2.3096968747214115,2.231592583512665,1.6170970896525345,1.0416090848930937,0.5031931103615512,0,0,0,0,0,0,0,0,0,0
"Demand Impact on GDP","Bln GEL (2024 prices)",0,0,0.6401981543481206,1.2370989091289262,1.792902143460642,2.3096968747214115,2.231592583512665,1.6170970896525345,1.0416090848930937,0.5031931103615512,0,0,0,0,0,0,0,0,0,0
,,,,,,,,,,,,,,,,,,,,,
"GDP Impact Summary",,,,,,,,,,,,,,,,,,,,,
"Demand Impact as % of GDP",%,0,0,0.6474417504274085,1.2044020264083088,1.694984499830371,2.1086752684088523,1.9403511308879562,1.3390975489006096,0.8214697579108386,0.3779481358823197,0,0,0,0,0,0,0,0,0,0
"Adjusted Real GDP Growth Rate","% pts",7.554,5.976,5.647441750427409,5.5569602759809005,5.490582473422062,5.413690768578482,4.831675862479104,4.398746418012653,4.482372209010229,4.556478377971481,4.62205186411768,5,5,5,5,5,5,5,5,5
,,,,,,,,,,,,,,,,,,,,,
,,,,,,,,,,,,,,,,,,,,,
"Scenario 3: Import Content Share = 0.5",,,,,,,,,,,,,,,,,,,,,
,Units,2024,2025,2026,2027,2028,2029,2030,2031,2032,2033,2034,2035,2036,2037,2038,2039,2040,2041,2042,2043
"Nominal GDP","Bln USD",33.191,35.908,38.602,41.502,44.235,47.409,51.521698422824244,55.99117062946804,60.84836650240137,66.12692080529445,71.86338609463104,78.09748583624548,84.87238947954665,92.23501139424337,100.23633573962675,108.93176951604146,118.38152624333117,128.65104292312773,139.81143317233446,151.93997966563018
"Real GDP Growth Rate",%,7.554,5.976,5,5,5,5,5,5,5,5,5,5,5,5,5,5,5,5,5,5
"GDP Deflator",Index,135.797,140.652,145.575,150.67,155.943,161.401,167.04993018489068,172.89656925779175,178.94783690138988,185.21089498277198,191.69315602972208,198.4022920036829,205.34624337976544,212.5332285445529,219.9717535228219,227.67062204469227,235.63894596512085,243.88615604807072,252.42201312811918,261.25661966271497
"GDP Deflator Growth Rate",%,4.0470444010267,3.5751894371746085,3.500127975428713,3.4999141336081063,3.499701334041294,3.499996793700255,3.499935059194592,3.499935059194592,3.499935059194592,3.499935059194592,3.499935059194592,3.499935059194592,3.499935059194592,3.499935059194592,3.499935059194592,3.499935059194592,3.499935059194592,3.499935059194592,3.499935059194592,3.499935059194592
"Nominal GDP","Bln GEL",91.142486,98.603368,106.00109199999999,113.964492,121.46931,130.185114,141.47858386907538,153.75175454851922,167.08961441559416,181.58452453133856,197.33685821585684,214.4556961063301,233.0595815108351,253.2773412885923,275.2489779410151,299.1266390910498,325.07567106418736,353.27576386690873,383.9221954912304,417.22718416182045
"Real GDP (2024 prices)","Bln GEL",91.142486,95.19979498546768,98.8811972545011,102.71478144371143,105.77690495931203,109.53307554388138,115.00972932107544,120.76021578712921,126.79822657648569,133.13813790531,139.7950448005755,146.7847970406043,154.1240368926345,161.83023873726626,169.92175067412956,178.41783820783604,187.33873011822786,196.70566662413924,206.54094995534624,216.86799745311356
,,,,,,,,,,,,,,,,,,,,,
"Investment Spending Shock",,,,,,,,,,,,,,,,,,,,,
"Total Project Value","Bln USD",6.5,,,,,,,,,,,,,,,,,,,
"Project Duration",Years,8,,,,,,,,,,,,,,,,,,,
"Start Year",,2026,,,,,,,,,,,,,,,,,,,
"End Year",,2033,,,,,,,,,,,,,,,,,,,
,,,,,,,,,,,,,,,,,,,,,
"Annual Allocation Weights (Bell Shape)",,,,,,,,,,,,,,,,,,,,,
"Year of Project",,1,2,3,4,5,6,7,8,,,,,,,,,,,,
"Allocation Weight",%,0.05,0.1,0.15,0.2,0.2,0.15,0.1,0.05,,,,,,,,,,,,
"Calendar Year",,2026,2027,2028,2029,2030,2031,2032,2033,,,,,,,,,,,,
"Sum of Weights",,1,,,,,,,,,,,,,,,,,,,
,,,,,,,,,,,,,,,,,,,,,
,,,,,,,,,,,,,,,,,,,,,
,,,,,,,,,,,,,,,,,,,,,
,,,,,,,,,,,,,,,,,,,,,
,,,,,,,,,,,,,,,,,,,,,
,,,,,,,,,,,,,,,,,,,,,
,,,,,,,,,,,,,,,,,,,,,
,,,,,,,,,,,,,,,,,,,,,
Assumptions,,,,,,,,,,,,,,,,,,,,,
"Lari/USD Exchange Rate",GEL/USD,,2.746,,,,,,,,,,,,,,,,,,
"Demand Multiplier",,,0.8,,,,,,,,,,,,,,,,,,
"Import Content Share",,,0.5,,,,,,,,,,,,,,,,,,
"Project Allocation",,,"Bell shape",,,,,,,,,,,,,,,,,,
,,,,,,,,,,,,,,,,,,,,,
"Shock Calculations",,,,,,,,,,,,,,,,,,,,,
,,2024,2025,2026,2027,2028,2029,2030,2031,2032,2033,2034,2035,2036,2037,2038,2039,2040,2041,2042,2043
"Annual Investment Spending","Bln USD",0,0,0.325,0.65,0.975,1.3,1.3,0.975,0.65,0.325,0,0,0,0,0,0,0,0,0,0
"Annual Investment Spending","Bln GEL",0,0,0.8924500000000001,1.7849000000000002,2.67735,3.5698000000000003,3.5698000000000003,2.67735,1.7849000000000002,0.8924500000000001,0,0,0,0,0,0,0,0,0,0
"Investment Deflator (2024=1)",Index,1,1.035751894371746,1.0720045361826844,1.1095237744574622,1.1483537927936553,1.1885461387217686,1.2301444817255955,1.273198739720257,1.31775986878495,1.3638806084285513,1.4116155440084985,1.4610211713342924,1.512155963532077,1.5650804402494378,1.6198572392823252,1.6765511907088688,1.735229393617833,1.7959612955225133,1.858818774554071,1.9238762245315801
"Real Annual Investment Spending","Bln GEL (2024 prices)",0,0,0.8325058055984889,1.6087082053494395,2.331467895000096,3.0035014070544794,2.901935547434585,2.1028531653968323,1.3544956424009027,0.6543461315343955,0,0,0,0,0,0,0,0,0,0
"Domestic Content of Investment","Bln GEL (2024 prices)",0,0,0.41625290279924443,0.8043541026747197,1.165733947500048,1.5017507035272397,1.4509677737172926,1.0514265826984162,0.6772478212004513,0.32717306576719773,0,0,0,0,0,0,0,0,0,0
"Demand Impact on GDP","Bln GEL (2024 prices)",0,0,0.3330023222393956,0.6434832821397758,0.9325871580000386,1.2014005628217919,1.1607742189738341,0.841141266158733,0.5417982569603611,0.2617384526137582,0,0,0,0,0,0,0,0,0,0
,,,,,,,,,,,,,,,,,,,,,
"GDP Impact Summary",,,,,,,,,,,,,,,,,,,,,
"Demand Impact as % of GDP",%,0,0,0.33677011553805514,0.6264758324900006,0.8816547982366906,1.0968381530932947,1.009283497862405,0.6965383927778498,0.4272916677060496,0.19659164288440842,0,0,0,0,0,0,0,0,0,0
"Adjusted Real GDP Growth Rate","% pts",7.554,5.976,5.336770115538055,5.2897057169519455,5.25517896574669,5.215183354856604,4.91244534476911,4.687254894915445,4.7307532749282,4.769299975178359,4.803408357115591,5,5,5,5,5,5,5,5,5
