Date,"Gold Price ($/oz)","Log Return (%)","3-Month Volatility (%)","12-Month Volatility (%)"
1990M1,409.819061279297,,,
1990M2,417.181060791016,0.773242987541056,,
1990M3,392.703338623047,-2.62599905748349,,
1990M4,374.292114257813,-2.08539161884119,6.32754212884976,
1990M5,369.197631835938,-0.59517706691937,5.31379765419725,
1990M6,352.527618408203,-2.00657596365073,3.00319454801129,
1990M7,362.498565673828,1.21131454957317,5.35775149109892,
1990M8,394.631805419922,3.68857918632971,8.51660014685278,
1990M9,389.755004882813,-0.540038365171411,8.48679135919877,
1990M10,380.995208740234,-0.987218653779902,7.34723671918306,
1990M11,381.794097900391,0.0909696236548789,7.37886967346401,
1990M12,376.682342529297,-0.585394784774953,1.54324971847473,
1991M1,383.702270507813,0.801910652014518,2.72258303636338,5.98861225942681
1991M2,364.391662597656,-2.2425937473946,4.5109151821082,6.04838633275112
1991M3,362.760803222656,-0.194807677397854,4.39082740719596,5.93220325693679
1991M4,358.323333740234,-0.53452648285686,4.39031310012303,5.49523897077038
1991M5,356.964294433594,-0.165031228989549,3.4176029366842,5.17376981358106
1991M6,366.910003662109,1.19347750716104,2.64796181537305,5.30645135115317
1991M7,367.792266845703,0.104304078476124,2.57585233855507,4.88752134985067
1991M8,356.669525146484,-1.33365900024238,3.59502904888826,4.94184167568189
1991M9,348.742858886719,-0.976068013210643,3.95505479557854,3.09675466847103
1991M10,358.814361572266,1.23644939478357,4.01811603196782,3.4715390388443
1991M11,359.589996337891,0.0937783925894901,4.01452458188762,3.40489282032474
1991M12,361.532012939453,0.233915792867453,3.13596469317417,3.41955988968507
1992M1,354.700958251953,-0.828439749084589,2.92801330393091,3.45599753699165
1992M2,353.779998779297,-0.112908565387603,1.63515002315547,3.298744227739
1992M3,344.183319091797,-1.19434577604326,2.25924679444737,2.78622962482117
1992M4,338.691589355469,-0.698540628820346,1.5559691433884,2.82869895112987
1992M5,337.098937988281,-0.204702774882494,1.72915857310692,2.81080892763646
1992M6,341.021911621094,0.502490023403374,2.50817460547571,2.89205067628233
1992M7,352.254486083984,1.40742481724042,3.16850515573087,2.9970324729435
1992M8,342.892852783203,-1.16980998805337,3.77996594047865,3.14132059699065
1992M9,345.006500244141,0.266884483524264,3.69838705099258,2.95179072597717
1992M10,344.892395019531,-0.014365951357955,3.66642935535935,2.8112362322191
1992M11,335.050537109375,-1.25732996729136,2.71184304808822,2.7003244774746
1992M12,334.80712890625,-0.0315621808879581,2.35354282563437,2.68800294889569
1993M1,329.030548095703,-0.755847575897618,2.09132274965676,2.68222949239573
1993M2,329.299987792969,0.0355493703794422,2.14031087862321,2.64493358745787
1993M3,330.096954345703,0.104980269858752,1.38560149069004,2.66429537132893
1993M4,342.05712890625,1.54571287937034,3.320487789717,2.95841417068166
1993M5,366.667999267578,3.01743627157862,4.88887963877927,4.05719573553648
1993M6,371.809997558594,0.604805446913544,4.43621456395332,4.03795055833644
1993M7,392.399993896484,2.34079286627728,3.60218195535101,4.47974787014185
1993M8,378.700012207031,-1.54336728328627,7.05652615148211,4.75039807800527
1993M9,354.399993896484,-2.88016133843464,7.99408363197309,5.48592603616093
1993M10,362.380004882813,0.967052077301596,8.19283231908035,5.54682068259145
1993M11,374.167510986328,1.3901848446129,7.06476473260491,5.66452269052164
1993M12,383.302001953125,1.04750125880122,6.98329338611634,5.47174000545552
1994M1,387.077514648438,0.42568563215022,1.38308946994963,5.4491313084574
1994M2,382.304992675781,-0.538797418055912,2.93289772416253,5.40351947127693
1994M3,383.877502441406,0.17826908790436,2.27248533705714,5.39294638680846
1994M4,377.321044921875,-0.748163209491285,1.94567695514332,5.51822124044417
1994M5,381.589996337891,0.488595236459603,2.02427879722918,5.39988018240613
1994M6,385.743194580078,0.470129199123736,2.01343246365768,4.65156938621474
1994M7,385.399993896484,-0.0386569382025496,2.01355560620365,4.63238495017476
1994M8,380.761352539063,-0.525884259156079,1.67206492162804,4.03877229964425
1994M9,391.928100585938,1.25535419286662,2.63669302839506,3.93269745316602
1994M10,389.594451904297,-0.259363918326504,2.73839027753651,2.47153454836753
1994M11,384.441253662109,-0.578277878076106,3.00081193146671,2.51029479728208
1994M12,379.399993896484,-0.573266524863905,3.03326512706269,2.2751561207877
1995M1,378.549987792969,-0.0974083050372643,0.827147076463547,2.02335538645504
1995M2,376.505249023438,-0.235220124845746,0.841818147587577,1.96961925837367
1995M3,381.661895751953,0.59077678814937,1.69427712283245,2.01220523463275
1995M4,391.04443359375,1.05473050609396,2.09320597247665,2.25397746664596
1995M5,385.219055175781,-0.651834649386134,2.68169947227214,2.22102126663318
1995M6,387.490478515625,0.255327369707186,2.49924298191895,2.18803643644808
1995M7,386.240478515625,-0.140324894523422,2.49413177023681,2.14944027510669
1995M8,383.697631835938,-0.286866770649953,1.2999140095412,2.16755372741354
1995M9,383.217498779297,-0.0543786805077513,0.793312689163888,2.10274508669258
1995M10,383.069030761719,-0.016828911665376,0.415323576777726,1.6661525133585
1995M11,385.676300048828,0.294590929020056,0.827790012343183,1.6901464721532
1995M12,387.557678222656,0.211339334437104,0.591413333196815,1.60381425626411
1996M1,400.070587158203,1.38002781259007,2.15666144514663,1.93628633161033
1996M2,404.484222412109,0.476496229159457,1.86298251588052,1.93339292934429
1996M3,396.326324462891,-0.884866624642048,3.23067073473592,2.17274733451472
1996M4,393.144989013672,-0.350017508106963,3.42952916604982,2.17916141823323
1996M5,391.94287109375,-0.132997493339256,1.95099585602845,1.94440307764874
1996M6,385.272491455078,-0.745476823696236,1.20391734429019,1.9779565021927
1996M7,383.586364746094,-0.190484038396371,0.956759797319084,1.96685761981264
1996M8,387.471435546875,0.437653075754193,1.67524544167883,2.01340184435567
1996M9,382.964996337891,-0.508061125029713,1.77594097716508,2.05683240653488
1996M10,381.072723388672,-0.215121677681848,1.37924696900076,2.0663590255542
1996M11,378.516662597656,-0.292286150254919,1.41125058630054,2.08298377900926
1996M12,368.977661132813,-1.10849285999298,1.40112470756013,2.28413768707087
1997M1,355.200012207031,-1.65271016057726,2.38408188250807,2.66186415353245
1997M2,346.713195800781,-1.05026009424567,1.93751928721667,2.1009722023012
1997M3,351.805267333984,0.633196646801816,3.42861320022602,2.17622461441342
1997M4,344.583343505859,-0.900805689551734,3.37093499403235,2.17934303132854
1997M5,343.702789306641,-0.111122401031846,2.69612991785436,2.20415260507436
1997M6,340.476318359375,-0.409614646297586,2.22454385516363,2.18038935275136
1997M7,324.088623046875,-2.14231245580325,3.10214115506383,2.7062853032699
1997M8,324.049987792969,-0.00517762013173465,3.45820925750978,2.73846554922179
1997M9,324.476196289063,0.0570832848960523,3.57661590285032,2.62123848604648
1997M10,323.883331298828,-0.0794244719417655,3.69975906607207,2.66703670277488
1997M11,305.346160888672,-2.55961335685923,4.42171952252599,3.25128334514982
1997M12,287.619995117188,-2.59733894169737,5.13851597655467,3.66208200079798
1998M1,289.5,0.282949349027224,5.38518259322091,3.82966305177141
1998M2,297.455261230469,1.17730868352943,6.73721576351219,4.15833133987104
1998M3,295.954559326172,-0.219662001832927,5.58582105403182,4.14348295348709
1998M4,308.285003662109,1.77273643670141,3.08993126116241,4.5842578069326
1998M5,298.978942871094,-1.33117972672276,4.84128021803768,4.64564726040861
1998M6,292.538635253906,-0.945737098240933,4.78594485612204,4.64961058123583
1998M7,292.752258300781,0.0317022921786429,4.79760304541564,4.68106623087744
1998M8,284.109985351563,-1.30137561808935,2.2058705618815,4.4509083946198
1998M9,288.981811523438,0.738401144143622,3.21798032314752,4.57901222776448
1998M10,295.714996337891,1.00028399034899,3.56953488654227,4.75584036980309
1998M11,293.716674804688,-0.294474621047613,3.6447209281298,4.74989523570867
1998M12,291.678955078125,-0.302350739266015,2.36471955802368,4.14534344503953
1999M1,286.9368286,-0.71188015695783,2.57813244937287,3.35378771685339
1999M2,287.655,0.108563339390569,1.16035394035373,3.3428292865284
1999M3,286.2136364,-0.21816058049094,1.16931081305935,3.10268270279235
1999M4,282.6175,-0.549127114191123,1.26183168560692,3.12838190565487
1999M5,276.91,-0.886041073231083,1.48244979846537,2.4629905874788
1999M6,261.3136364,-2.51765660684696,3.53469571576224,3.11026163214095
1999M7,256.6931818,-0.774774031997473,3.1227752375864,3.08725533620668
1999M8,256.9052632,0.0358668480662485,3.70671339063174,3.08788969373934
1999M9,264.3108696,1.23420218384598,5.45561158249369,3.3291224102921
1999M10,310.7815789,7.03402451980852,12.2359558841643,7.74628890247557
1999M11,293.1840909,-2.53148683440022,14.0113840745582,8.13446448576307
1999M12,282.9526316,-1.54266629659365,14.8850848285178,8.26263202880091
2000M1,284.065625,0.170494514835367,14.9459046628246,8.26495598989125
2000M2,299.715,2.32897962694089,7.38147841503622,8.54710117008949
2000M3,286.924,-1.89416021686162,6.69364455133638,8.76946283280685
2000M4,279.6526316,-1.11479661923296,6.39341403562656,8.8329819169411
2000M5,276.7409091,-0.454554722897625,6.36854452822549,8.82839818184509
2000M6,285.7318182,1.38852414760471,4.85338667102891,8.88847063040077
2000M7,281.5857143,-0.634798679982097,3.80213033924849,8.50893944195483
2000M8,274.425,-1.11869450702598,3.80586981884722,8.55662564605877
2000M9,273.53,-0.141870740100414,3.7621014016176,8.56221800236291
2000M10,269.9285714,-0.57561092844962,1.38487952949602,8.52208434196296
2000M11,266.2973684,-0.588198151130384,1.38493609078874,4.48289837785075
2000M12,271.45,0.832297131019514,2.31008920577785,4.1209394982187
2001M1,265.4863636,-0.964762703509297,2.74277859181528,3.97552549121936
2001M2,262.0894737,-0.55926402297934,2.73692173190926,3.96697314849267
2001M3,263.0272727,0.155120310529097,2.74833532550349,2.96711529711588
2001M4,260.3305556,-0.44756365823836,1.60378050590699,2.55290416234005
2001M5,272.0931818,1.91925139731239,3.96775258815562,3.19714059808384
2001M6,270.202381,-0.302848755457627,3.77433532190428,3.18320778414572
2001M7,267.5261905,-0.432286630974731,4.01337808446575,2.80103021387042
2001M8,272.0921053,0.734963563334284,3.78500719284635,2.90537065256124
2001M9,284.4723529,1.93241238818816,3.80504390361472,3.30257175190763
2001M10,282.2671429,-0.33797375157502,3.83443617498876,3.32343724468004
2001M11,277.184375,-0.789158209115707,4.20394963119074,3.37313393180042
2001M12,275.8357143,-0.211824876694091,4.20858027343336,3.31652291903432
2002M1,281,0.805582340518381,2.33212995609856,3.31086020338749
2002M2,295.2875,2.15387430575448,4.47073739688985,3.63339799139266
2002M3,294.0475,-0.182757159260161,3.85837372390361,3.55579449790797
2002M4,302.6833333,1.25710166195249,3.36687051888886,3.64134182557549
2002M5,314.4931818,1.66227264062561,3.48528505069168,3.67426039895455
2002M6,321.1777778,0.913425453741989,2.74262532546665,3.44142527217234
2002M7,313.2913043,-1.0797148143239,4.21839584942374,3.70565933474828
2002M8,310.2809524,-0.41932249592136,4.31245276665411,3.70243722748401
2002M9,319.1357143,1.22202927359626,3.7778619661027,3.76304278003652
2002M10,316.5565217,-0.352414327867549,3.38238005648706,3.54731580702061
2002M11,320.4357143,0.528964929959995,2.70809926167313,3.47450756134302
2002M12,332.0361111,1.54444040520048,2.91019543874612,3.38206342046585
2003M1,356.859090909091,3.13114461533384,5.17979053548421,4.03793416273751
2003M2,358.97,0.256139025086706,4.50776789226857,4.07967744461695
2003M3,340.55,-2.28772704252412,7.93498202909675,4.7945836384463
2003M4,328.18,-1.60687739414714,8.39549407376281,5.17084745724708
2003M5,355.6825,3.49503872317095,8.96471082719721,5.94518962083366
2003M6,356.352380952381,0.081716695281807,8.94705901982855,5.8395699595631
2003M7,351.019565217391,-0.654834090543263,7.69428380131111,5.90043978164074
2003M8,359.7675,1.06906043468598,6.26472260728546,5.75860661712863
2003M9,378.945454545455,2.25547737633157,4.36942794265798,5.9203439475017
2003M10,378.919565217391,-0.00296717542822623,4.41860337584225,5.92266341441959
2003M11,389.91,1.24173433450049,3.20377484055938,5.87122377942097
2003M12,406.952631578947,1.85794875555576,3.41735071602194,5.97134445063245
2004M1,413.788095238095,0.723413056220837,2.7341299539778,5.92066607827269
2004M2,404.8775,-0.945434910715392,4.1669258737804,5.55526501562158
2004M3,406.667391304348,0.191570715420787,4.03529907343997,5.55753574764945
2004M4,403.26,-0.365420403754645,2.48855497121675,4.88870512493279
2004M5,383.778947368421,-2.15039984503577,3.47309025707275,5.15098785485754
2004M6,392.372727272727,0.961766583208494,4.58491261300517,4.17105615474549
2004M7,398.090909090909,0.628344686775022,4.84286249758304,4.17184696705764
2004M8,400.509523809524,0.26305876990789,4.89536312306399,4.03740166319921
2004M9,405.275,0.513696672443765,1.00475207925162,3.98588730426058
2004M10,420.464285714286,1.59792982189049,2.02655740319793,3.72068881978346
2004M11,439.375,1.91062296875773,2.78996585583601,3.98535286741722
2004M12,442.078947368421,0.266449111373399,2.78604047279123,3.91197743354438
2005M1,424.03,-1.81032495887848,5.86076532797281,4.14384883203789
2005M2,423.35,-0.0697019781175057,5.28452500265562,4.101519576338
2005M3,434.321428571429,1.11116930250953,4.25427953442596,4.06497702807099
2005M4,429.233333333333,-0.511781615803219,4.18030775960809,4.12808740986954
2005M5,421.8725,-0.751222440419161,2.86603665780391,4.1951959496447
2005M6,430.656818181818,0.895011080957674,3.30086041376834,3.48495979275573
2005M7,424.478571428571,-0.627555634602474,2.66334168154947,3.55573549507741
2005M8,437.929545454545,1.35484753569793,3.69059484746353,3.69617072540289
2005M9,456.047727272727,1.76060493578428,3.6161836232754,3.94529700766657
2005M10,469.897619047619,1.29929487268943,3.70493161305616,4.03243729116082
2005M11,476.665909090909,0.621084803623096,1.63628081843254,3.87106450312925
2005M12,510.097222222222,2.94388660380691,3.38696437456489,4.36496161167076
2006M1,549.864285714286,3.26025541470189,4.41256569911418,5.09276959323145
2006M2,554.995,0.403355784501978,5.20809919341676,4.38380089199212
2006M3,557.09347826087,0.16390037817761,5.66474521791559,4.33767445537908
2006M4,610.652777777778,3.98662626631336,6.76663166402445,5.250093816691
2006M5,675.392857142857,4.37621263010106,7.82236172849601,5.7867610515563
2006M6,596.145454545455,-5.42042263677334,15.7530911382788,8.64682863329879
2006M7,633.709523809524,2.65379971211742,15.9547675813537,8.75830656825043
2006M8,632.593181818182,-0.0765727326016573,14.8314799775015,8.65301008665169
2006M9,598.185714285714,-2.42884696032254,11.8962493371533,9.37673204018541
2006M10,585.779545454546,-0.910183441557213,7.38408061596951,9.52196781052278
2006M11,627.827272727273,3.01059747675125,7.93883734778681,9.74452017681084
2006M12,629.791176470588,0.135639430633873,7.9499771932344,9.77292162338814
2007M1,631.165909090909,0.0946961692005598,5.85197334874777,9.56719148366952
2007M2,664.745,2.25115459286741,5.14509585736682,9.3448989675767
2007M3,654.895454545455,-0.648310327404443,4.32445677355124,9.42511814719636
2007M4,679.368421052632,1.59333796618531,4.61659023880732,9.4660834762359
2007M5,666.859523809524,-0.80709978140409,5.38561434739666,8.88554008220592
2007M6,655.490476190476,-0.746797188240404,4.03755757214508,7.8329008375561
2007M7,665.295454545455,0.644817017185733,4.02322194282587,5.54720520508441
2007M8,665.411363636364,0.00756570538659761,2.38476861656479,5.01304563139068
2007M9,712.6525,2.97875996834439,5.57376029991347,5.68182938435783
2007M10,754.604347826087,2.48414901677269,4.9439479546453,5.17555797483437
2007M11,806.247727272727,2.87492002552414,4.8570881968625,5.21980682382043
2007M12,803.202941176471,-0.164321330704585,5.15155005447186,4.9204428945669
2008M1,889.595454545455,4.43672650758138,6.62008494955788,5.94765579625438
2008M2,922.297619047619,1.56785323051775,6.7664728563711,5.85297922829455
2008M3,968.434210526316,2.119903526819,6.57956041496354,5.83223459014167
2008M4,909.704545454546,-2.71697580330169,10.3360282695835,6.77113094168949
2008M5,888.6625,-1.01635106348934,7.84004146844351,7.03910405724247
2008M6,889.488095238095,0.0403285844197048,7.01195766679668,6.87920012469578
2008M7,939.771739130435,2.3882240821616,7.40123198742952,6.75864527671675
2008M8,839.025,-4.92474792820977,10.5653881860489,8.97421357136342
2008M9,829.931818181818,-0.473248645044233,10.5788369529096,9.02706883590867
2008M10,806.619565217391,-1.23736630549448,10.4311550822838,8.8883331892921
2008M11,760.8625,-2.53625720517793,6.75607243308183,9.02662267258988
2008M12,816.092105263158,3.04329966694684,8.267325188653,9.08102153043478
2009M1,858.690476190476,2.20974695432127,9.28679864425191,9.311008083807
2009M2,943.1625,4.07498788184408,10.1293082876927,9.15244471123526
2009M3,924.272727272727,-0.878638654780968,7.39570525031198,9.08715927465447
2009M4,890.2,-1.63125484523118,9.24319194148667,8.92830787852213
2009M5,928.644736842105,1.83620117352214,9.05935017070603,8.75626629750066
2009M6,945.670454545455,0.789021896255914,5.44935347752934,8.70416566244089
2009M7,934.228260869565,-0.528681986971609,5.24616602677977,8.73223091292947
2009M8,949.375,0.698479043229342,3.3517359939935,8.44810821968221
2009M9,996.590909090909,2.10791300090103,3.73203385343383,6.87593463045165
2009M10,1043.15909090909,1.98336259787125,4.29195386197004,6.9064616535546
2009M11,1127.03571428571,3.35871312929174,3.76641448476282,6.98585727964427
2009M12,1134.72368421053,0.29524411629634,4.35797633483564,5.95918672884791
2010M1,1117.9625,-0.646288346697567,6.16179842071419,5.95599616422056
2010M2,1095.4125,-0.884954372980499,6.76534599345557,6.09468403873611
2010M3,1113.33695652174,0.704893298687453,2.61867012730345,5.06411745013827
2010M4,1148.6875,1.35752696665219,3.72561377536803,4.88396837988011
2010M5,1205.43421052632,2.09416175864285,4.39660090053286,4.37029997062901
2010M6,1232.92045454546,0.979154503250105,2.08812223878935,4.28556363020242
2010M7,1192.96590909091,-1.43070245378516,5.28538922765674,4.85949748291891
2010M8,1215.80952380952,0.823750783568806,5.1182001924603,4.66625459340008
2010M9,1270.97727272727,1.92722436628251,4.93014028306953,4.76668482986749
2010M10,1342.02380952381,2.36224362529183,5.87524704285872,4.83295533215668
2010M11,1369.88636363636,0.892432162371225,2.64758639162004,4.72205226241721
2010M12,1390.55263157895,0.650288873233271,2.83555446015356,3.97569792286009
2011M1,1356.4,-1.07996501895867,4.8869927056442,4.32092920763421
2011M2,1372.725,0.51957619977012,3.10763608344052,4.1265137539877
2011M3,1424.01086956522,1.5929761207045,3.84120520380939,3.86152930917978
2011M4,1473.80555555556,1.49268849655256,4.29312067118521,3.90051556779588
2011M5,1510.4375,1.06625701464899,1.69331901269909,3.87909475217681
2011M6,1528.65909090909,0.52078839719893,1.69146290623915,3.69062917415375
2011M7,1572.80952380952,1.23654868779747,1.42509272458864,3.71179524221021
2011M8,1755.80681818182,4.78006008799526,6.732685178078,4.63774850254481
2011M9,1771.85227272727,0.39507788284215,7.15277053745399,4.69883535308569
2011M10,1665.21428571429,-2.69573819795523,10.6487651541309,5.96831779904695
2011M11,1738.97727272727,1.88237780990837,10.7813052473387,5.86791849502854
2011M12,1652.30555555556,-2.22035430067858,7.52484135563342,6.57341556552447
2012M1,1656.11904761905,0.100118908065688,7.37532416002668,6.59262376484814
2012M2,1742.61904761905,2.2110904585732,7.04240079970481,6.51989098604725
2012M3,1673.77272727273,-1.7505969645596,6.98708006884746,6.97908336051225
2012M4,1650.06578947368,-0.619522687909329,5.77805340905093,7.00774146724557
2012M5,1585.50454545455,-1.73337687996392,6.46424452818776,7.22912000244701
2012M6,1596.69736842105,0.305511807793663,3.42937835399149,7.17937466866894
2012M7,1593.90909090909,-0.0759061865610811,3.07272432003082,7.17439837260533
2012M8,1626.03409090909,0.866609898399784,3.87464253219966,7.1264815725736
2012M9,1744.45,3.05288794388737,4.84416012949576,6.11657387757526
2012M10,1747.01086956522,0.0637081016822083,5.0056808275218,6.10226469258618
2012M11,1721.13636363636,-0.648032674954959,5.55492480610837,5.50101850849782
2012M12,1688.52941176471,-0.830665051305928,6.24930606366007,5.23836012191354
2013M1,1670.95454545455,-0.454399377204801,1.33691358209446,4.77748757555558
2013M2,1627.5875,-1.14202902750371,1.01303442901579,4.90846760221095
2013M3,1592.8625,-0.936605777914804,0.998650630131704,4.35358801775385
2013M4,1485.08333333333,-3.04274638466444,3.93645160246695,4.92374245104797
2013M5,1413.5,-2.14550113269493,3.3710809431948,5.20230482611411
2013M6,1342.3625,-2.24260015448401,3.00958282785592,5.34248889125046
2013M7,1286.72391304348,-1.83844391271808,1.7783931229963,5.39355946613202
2013M8,1347.09523809524,1.99129287788921,7.06914799711005,5.97514721213585
2013M9,1348.79761904762,0.0548489714662507,6.73563076459979,5.83019778277824
2013M10,1316.1847826087,-1.06299253556183,5.76027869927704,4.39969570786361
2013M11,1275.82142857143,-1.35269730482829,5.25123125940332,4.28518390723972
2013M12,1225.40277777778,-1.75110317750679,2.68484108792385,4.31266446636395
2014M1,1244.79545454546,0.68191333248205,3.71753394334833,4.65094842835045
2014M2,1300.975,1.91709572910559,5.99089661727548,5.43124526622128
2014M3,1336.08333333333,1.15645954373984,5.49168558826606,5.74184923279162
2014M4,1299,-1.22243954483501,4.63377163413572,5.7621842789521
2014M5,1287.525,-0.385348053910978,4.94707491581946,5.21255398328602
2014M6,1279.09523809524,-0.285278841698332,3.42110322977191,4.91497389876815
2014M7,1310.96739130435,1.06890071683366,3.28449206934891,4.65160443656925
2014M8,1295.9875,-0.499107656798383,2.54479269890249,4.31050441970325
2014M9,1238.81818181818,-1.95932419565289,4.29452926485993,4.17647429124193
2014M10,1222.48913043478,-0.57625644073763,4.28793646680851,4.16989610792498
2014M11,1176.3,-1.67269093335131,2.59088510369512,4.31588217111274
2014M12,1202.28947368421,0.949094775846152,4.56689842135757,4.36100257013923
2015M1,1251.84523809524,1.75415968790676,5.3127111027396,4.41295824776707
2015M2,1227.1875,-0.863971870688604,5.48279536762078,4.4488564482893
2015M3,1178.62954545455,-1.75335993196287,5.58452500133966,4.21967265118991
2015M4,1197.91,0.704686673323073,5.43621138433916,4.08056492536142
2015M5,1199.05263157895,0.0414056206498569,3.71140504532969,3.99466058772741
2015M6,1181.50454545455,-0.640284979221103,3.63534110200945,4.009664612175
2015M7,1130.03695652174,-1.93427499755035,3.90582070094645,4.31062562607419
2015M8,1117.475,-0.485483086782483,2.90568399576568,4.02516925774468
2015M9,1124.53181818182,0.273393220055512,3.17519634890272,4.09950801252671
2015M10,1159.24545454546,1.32036535469905,4.74327031441652,4.12220448227048
2015M11,1085.70238095238,-2.84646114430907,6.13215167858758,4.8331554992387
2015M12,1068.25263157895,-0.703681888948553,6.15101869032742,4.66397894639817
2016M1,1097.375,1.16810906830439,6.75975373892874,4.72796990701917
2016M2,1199.91190476191,3.87943001143617,9.88967472184528,5.93933509863106
2016M3,1246.3380952381,1.64865076064556,6.52690911641562,6.12151794488927
2016M4,1242.26190476191,-0.142270241431113,5.80147589286347,5.83546098553826
2016M5,1259.3975,0.594965951966815,6.06624431293301,5.82645923342907
2016M6,1276.40454545455,0.582551524816733,2.55406640634861,5.83795956169635
2016M7,1337.32619047619,2.02490078963693,3.14495679386769,6.009359160332
2016M8,1341.08863636364,0.122013255436225,2.86041952836423,5.50986149875115
2016M9,1326.02954545455,-0.490428180394117,3.71035007171851,5.51081258816774
2016M10,1266.56904761905,-1.99243302103214,5.76097368951913,6.03818931465387
2016M11,1235.97954545455,-1.0617586983434,3.11382006607647,6.10739955726908
2016M12,1151.40277777778,-3.07840106976391,3.92331091428404,6.22653436898291
2017M1,1192.61666666667,1.52736013996124,6.81306423924182,6.27285278009916
2017M2,1234.3575,1.49400859141462,7.70865799013731,6.32204859644747
2017M3,1231.09347826087,-0.114992954295627,7.49593730467208,5.18107801529507
2017M4,1265.62777777778,1.20149674441387,2.68555715748245,5.06264563024596
2017M5,1245.00476190476,-0.713498554962019,3.64775246329939,5.11397476990343
2017M6,1260.25681818182,0.528804318786013,2.85812307921057,5.106762743045
2017M7,1236.22142857143,-0.836278836630683,3.41966297516612,5.12743947614045
2017M8,1282.31590909091,1.5898763038795,3.9673015656248,4.96090579988642
2017M9,1314.97857142857,1.09236453375468,3.6277179978626,5.09792704605096
2017M10,1279.51363636364,-1.18737570026998,4.7840385882859,5.19896929555711
2017M11,1282.28409090909,0.0939335356341284,4.24668397370026,4.81988168952197
2017M12,1261.25588235294,-0.718104933028255,3.46312785908642,4.75207369436187
2018M1,1331.66590909091,2.35920771138164,5.44985770310973,3.9574726274007
2018M2,1331.525,-0.00459569311988546,4.62245569549646,3.82583720002629
2018M3,1324.65714285714,-0.224583928814413,4.74704667423904,3.67332507930254
2018M4,1334.74,0.329319012238188,4.10495995454224,3.65564814305061
2018M5,1303.02619047619,-1.04435307635884,2.02652268693475,3.71965165263197
2018M6,1281.56666666667,-0.72119420419921,2.07856594087026,3.72133606484232
2018M7,1238.525,-1.48364255854735,2.67509197615904,3.98089832441805
2018M8,1201.24545454546,-1.32730200447458,1.16215469245251,4.10296317269351
2018M9,1198.4725,-0.100368411328393,2.18572061364193,3.71117045347836
2018M10,1215.39347826087,0.608882839844193,3.47473271040753,3.56564809578532
2018M11,1220.94545454546,0.197936075756044,2.88815324073448,3.4531821122371
2018M12,1247.92352941177,0.949171097641807,1.59454805026727,3.60943797341157
2019M1,1291.74545454546,1.49889686549884,1.90679043462394,3.84490825114424
2019M2,1320.065,0.941837438786964,1.85008369533974,3.19001395476189
2019M3,1300.89761904762,-0.635219756511951,3.18816952805206,3.24225443896267
2019M4,1286.445,-0.485189548431154,3.65340831854346,3.26365463316609
2019M5,1283.94761904762,-0.0843917073273416,2.46236089807448,3.23357942026569
2019M6,1359.0425,2.46857319394797,5.03611301672968,3.92690206040472
2019M7,1412.97826086957,1.69024419287791,4.88780355680076,4.07822106246867
2019M8,1498.79761904762,2.56075143749622,4.24686005743906,4.13425522560125
2019M9,1511.31428571429,0.361179302811356,3.5238779484416,3.61795835506873
2019M10,1494.8,-0.477169836347912,4.68954074936037,3.72483655070249
2019M11,1470.01666666667,-0.726083048361861,5.17854136468037,3.9830260396999
2019M12,1476.04444444444,0.177717581632901,1.79619536762268,3.98529353285728
2020M1,1560.67272727273,2.42124066423754,4.96462654185568,4.33718233092554
2020M2,1597.1025,1.0020948345785,4.62991031111254,4.27691424800538
2020M3,1591.92727272727,-0.140956640756292,3.9623154251259,4.34393655810622
2020M4,1682.93,2.41428291618215,4.29056748836861,4.44569069251741
2020M5,1716.38157894737,0.854779257059491,3.64353325315238,4.22090851025884
2020M6,1732.21818181818,0.398874793420792,3.80971489654315,4.12541741638876
2020M7,1843.31304347826,2.6996503454668,3.9345040967707,4.21270328297646
2020M8,1968.03095238095,2.84328283417298,4.34221991513539,4.53032921437716
2020M9,1922.21363636364,-1.02302707022624,6.48982383662359,4.68602159337164
2020M10,1900.275,-0.498519903550938,7.10621952640314,4.84243911630383
2020M11,1863.49285714286,-0.848872239460472,6.33846916334865,4.94977303713841
2020M12,1855.9552631579,-0.176022885650258,1.30473411100382,4.81357774009717
2021M1,1866.985,0.257332512671721,1.63164826747654,4.80423457192373
2021M2,1808.175,-1.39003683398137,2.5188741249247,4.90064229713629
2021M3,1718.22826086957,-2.21596024567944,3.91613629942008,5.50372484962233
2021M4,1761.6775,1.08455497054936,5.21674751173766,5.54375954834447
2021M5,1855.56,2.25485943326629,7.23479541588419,5.48587907032887
2021M6,1834.56590909091,-0.49416829848181,6.72795139468149,5.5089531396621
2021M7,1807.09318181818,-0.655277164154188,4.78967640918957,5.5679780927048
2021M8,1783.96904761905,-0.559323233684275,4.89745658045921,4.91238765226698
2021M9,1777.25227272727,-0.163823669930499,0.73924448221066,3.8368033195489
2021M10,1776.85476190476,-0.00971477537117814,1.07225155879091,3.77967311218403
2021M11,1820.23409090909,1.0475313430909,2.37684052204593,3.97028038663888
2021M12,1786.65263157895,-0.808712057103073,2.66623650917284,3.96332947226926
2022M1,1816.765,0.725863122677591,2.86378627737866,4.04907993122779
2022M2,1856.295,0.934824028099841,3.00005277727551,4.15499995375627
2022M3,1947.82826086957,2.09036677991948,4.12799117101526,4.34778123520383
2022M4,1933.9,-0.311664928185164,3.41185718386804,3.5866865517119
2022M5,1849.83318181818,-1.93014479625612,5.97082966414284,4.13475153025359
2022M6,1837.06409090909,-0.30082573413365,5.73814834923603,3.52613652726
2022M7,1737.38047619048,-2.42293712771511,3.80498968814573,4.20057088626612
2022M8,1764.13260869565,0.663629083426455,4.95838770818781,4.24283462468843
2022M9,1683.20818181818,-2.03933941373127,5.04341516777993,4.63047371806761
2022M10,1666.62666666667,-0.429950709428323,4.97374310825512,4.63578259908565
2022M11,1727.89863636364,1.5679935469664,5.37722929448017,4.94317484047752
2022M12,1797.40818181818,1.7128452378125,6.18758519017457,5.13435880390779
2023M1,1896.05954545455,2.32052578952401,4.13582387630561,5.53200403707922
2023M2,1853.409,-0.988070457863302,5.07265023055183,5.61312034889354
2023M3,1913.64826086957,1.38908474611428,5.02337541036227,5.69967527792324
2023M4,1999.6685,1.90958903379951,5.12849711608566,5.63892145946048
2023M5,1989.82695652174,-0.214269535713701,4.69025693863251,5.63279586839631
2023M6,1944.72863636364,-0.995630074467013,4.70001404507554,5.36181159335308
2023M7,1950.27,0.123573099651279,4.25654835402003,5.34023278742177
2023M8,1919.30217391304,-0.695138507129503,1.72310665007616,4.71282382528475
2023M9,1915.43476190476,-0.0875990344058029,1.80316884204149,4.71533718189412
2023M10,1913.98454545455,-0.0328938139936834,1.24500167308709,4.08213002913221
2023M11,1985.77772727273,1.59922085599683,3.40351427666551,4.12040257885148
2023M12,2034.70428571429,1.05706645573877,2.88172798290172,4.02672818835981
2024M1,2034.00608695652,-0.0149051587836934,2.81079928222598,3.86498159330013
2024M2,2024.44619047619,-0.20460104907646,2.98831394207088,3.34529230936222
2024M3,2162.34619047619,2.8618987734154,4.8696770207511,3.94710442494029
2024M4,2333.55045454545,3.30919698625034,6.42743447662786,4.72646027093918
2024M5,2350.59652173913,0.316089381377173,6.13687466100784,4.55078093735596
2024M6,2328.2625,-0.414614589788252,6.38562096062028,4.5879132485191
2024M7,2393.96217391304,1.20853407244995,5.58598674053489,4.33950043494133
2024M8,2468.32863636364,1.32856977191827,2.83605610471687,4.33545301039897
2024M9,2569.04904761905,1.73694140616194,3.28068388807202,4.12878574744378
2024M10,2689.12869565217,1.98391912946786,1.24583025891131,4.07546763224579
2024M11,2652.19952380952,-0.600539433238707,4.06472055992029,4.26977449669798
2024M12,2640.60545454546,-0.190267670113113,4.56221291869298,4.40040201119736
2025M1,2707.46739130435,1.08597186483655,4.10539330888047,4.40117908764981
2025M2,2894.38,2.89923138833234,5.4518566529143,4.64331774974868
2025M3,2986.25619047619,1.35715144704302,4.39405925284638,4.41494819398084
2025M4,3222.01181818182,3.30000660105022,3.81794653503986,4.58679728601315
2025M5,3288.00954545455,0.880594061760227,4.05818655299134,4.1086534842437
2025M6,3351.85857142857,0.835261601630084,4.02551140615037,4.0334375573983
2025M7,3341.64913043478,-0.132483819332275,5.06709270275883,3.92928013841189
2025M8,3367.25619047619,0.331531251310712,1.65391573132652,4.01830517695859
2025M9,3666.52363636364,3.69783290233942,5.96684279138402,4.71417283007688
