Year,"Real GDP Growth (%)","Real GDP","GDP Deflator Growth (%)","GDP Deflator","Baseline Growth"
2020,-6.3,49266.7,7.28,1,-6.3
2021,10.6,54488.9702,10.4,1.104,10.6
2022,11,60482.75692200001,10,1.2144000000000001,11
2023,7.8,65200.41196191601,3,1.2508320000000002,7.8
2024,9.4,71329.25068633612,3.8,1.2983636160000003,9.4
2025,7.2,76464.95673575232,4.1,1.3515965242560002,7.2
2026,5.3,80517.59944274719,3.5,1.3989024026049601,5.3
2027,5,84543.47941488455,3.5,1.4478639866961336,5
2028,5,88770.65338562879,3.5,1.4985392262304982,5
2029,5,93209.18605491023,3.5,1.5509880991485654,5
2030,5,97869.64535765574,5.225,1.6320272273290777,5
2031,5,102763.12762553853,5.225,1.7173006499570218,5
2032,5,107901.28400681546,5.225,1.807029608917276,5
2033,5,113296.34820715625,5.225,1.9014469059832035,5
2034,5,118961.16561751407,5.225,2.0007975068208257,5
2035,5,124909.22389838977,5.225,2.1053391765522136,5
2036,5,131154.68509330926,5.225,2.2153431485270665,5
2037,5,137712.41934797473,5.225,2.3310948280376054,5
2038,5,144598.04031537348,5.225,2.45289453280257,5
2039,5,151827.94233114217,5.225,2.581058272141504,5
2040,5,159419.33944769928,5.225,2.7159185668608976,5
2041,5,167390.30642008426,5.225,2.8578253119793793,5
2042,5,175759.8217410885,5.225,3.0071466845303014,5
2043,5,184547.81282814292,5.225,3.1642700987970094,5
