"Supply, 2023 (Current prices, mil. GEL) ",,,,,,,,,,,,,,,,,,,,,,,,,,,,,,,,,,,,,,,,,,,,
"        NACE rev.2

CPA 2008",,1-3,5-9,10-12,13-15,16-18,19,20,21,22-23,24-25,26,27,28,29-30,31-33,35,36-39,41-43,45-47,49-53,55-56,58-60,61,62-63,64-66,68,69-71,72,73-75,77-82,84,85,86,87-88,90-93,94-96,97-98,99,TotBP,TTM,"D21 - D31",P7,TotPP
,"                            
                                             Industry, NACE rev.2





Product, CPA 2008","Agriculture, forestry and fishing ","Mining and quarrying ","Manufacture of food products, beverages and tobacco products ","Manufacture of textiles, wearing apparel and leather products ","Manufacture of wood and paper products, and printing","Manufacture of coke and refined petroleum products ","Manufacture of chemicals and chemical products ","Manufacture of basic pharmaceutical products and pharmaceutical preparations ","Manufacture of rubber and plastics products, and other non-metallic mineral products ","Manufacture of basic metals and fabricated metal products, except machinery and equipment ","Manufacture of computer, electronic and optical products ","Manufacture of electrical equipment ","Manufacture of machinery and equipment n.e.c. ","Manufacture of transport equipment ","Manufacture of furniture; other manufacturing; repair and installation of machinery and equipment ","Electricity, gas, steam and air conditioning supply ","Water supply; sewerage, waste management and remediation activities ",Construction,"Wholesale and retail trade, repair of motor vehicles and motorcycles ","Transportation and storage ","Accommodation and food service activities","Publishing, audiovisual and broadcasting activities ",Telecommunications,"Computer programming, consultancy and related activities; information service activities ","Financial and insurance activities ","Real estate activities ","Legal and accounting activities; activities of head offices; management consultancy activities; architecture and engineering activities; technical testing and analysis","Scientific research and development ","Advertising and market research; other professional, scientific and technical activities; veterinary activities ","Administrative and support service activities ","Public administration and defence; compulsory social security ",Education,"Human health activities ","Social work activities ","Arts, entertainment and recreation ","Other service activities ","Activities of households as employers of domestic personnel and undifferentiated goods and services production of households for own use ","Activities of extra-territorial organisations and bodies","Output, total","Trade and transport margins","Taxes on products minus Subsidies on products","Import, total","Resources, total"
1-3,"Products of agriculture, forestry and fishing ",7823.913745954769,0,0,0,0,0,0,0,0,0,0,0,0,0,0,0,0,0,0,0,0,0,0,0,0,0,0,0,0,0,0,0,0,0,0,0,0,,7823.913745954769,2171.97762347074,-135.2249609294165,992.3748642623405,10853.04127275843
5-9,"Mining and quarrying ",0,1798.638457797309,0.164778261252233,0,0,0,0,0,18.21448908093933,0.03995901930917437,0,0,0,0,0,0,0,13.00605971827794,4.147630978779768,1.546784089694946,0,0,0,0,0,0,0,0,0,0,0,0,0,0,0,0,0,,1835.758158945563,729.4756277791305,34.00845221841193,736.0931757944692,3335.335414737574
10-12,"Food products, beverages and tobacco products ",0,0,12304.93964944596,0,0.08059080691164436,0,0,0,0,0,0,0,0,0,0,0,0,0.0437473893285844,10.7253197690625,0.016390353590334,5.427043668672541,0,0,0,0,0.5873813673691644,0,0,0,0,0,0,0,0,0,0,0,,12321.82012280089,6178.06786303544,2905.022358145186,3733.604159268944,25138.51450325046
13-15,"Textiles, wearing apparel and leather products ",0,0,0,737.1174365791858,0.02094667632257889,0,0,0,0,0,0,0,0,0,0,0,0,0,0.236781167463113,0,0,0,0,0,0,0,0,0,0,0,0,0,0,0,0,0,0,,737.3751644229715,1320.706786599219,258.1576243226255,1966.38180412762,4282.621379472435
16-18,"Wood and paper products, and printing services ",0,0,0,0,637.4342118577883,0,0,0,0,0,0,0,0,0,2.084860031367932,0,0,0,3.580628831589047,0,0,0.03139746954148339,0,0,0,0,0,0,0,0,0,0,0,0,0,0,0,,643.1310981902868,588.7694188996153,167.0766260820975,1104.443162754562,2503.420305926562
19,"Coke and refined petroleum products",0,0,0,0,0,271.0429635898901,0,0,0,0,0,0,0,0,0,0,0,0,0,0,0,0,0,0,0,0,0,0,0,0,0,0,0,0,0,0,0,,271.0429635898901,1177.686837321951,1071.302237217106,2629.492399714411,5149.524437843358
20,"Chemicals and chemical products ",0,0,0.01221065328776658,0,1.680896355286349,0,827.6507804077261,1.073438243690031,1.388227470694724,0,0,0,0,0,0,0,0,0,1.490379521011852,0,0,0,0,0,0,0,0,0,0,0,0,0,0,0,0,0,0,,833.2959326516967,1107.880015598652,191.8235586749359,2127.830867509259,4260.830374434543
21,"Basic pharmaceutical products and pharmaceutical preparations ",0,0,0,0,0,0,0,333.3508429167492,0,0,0,0,0,0,0,0,0,0,0,0,0,0,0,0,0,0,0,0,0,0,0,0,0,0,0,0,0,,333.3508429167492,839.2528333424227,216.8895067938066,1457.492485118878,2846.985668171857
22-23,"Rubber and plastics products, and other non-metallic mineral products ",0,20.25237106709941,2.431905994668278,1.878945485977757,0,0,5.276061563915833,0,2899.664686632928,13.19218534148612,0,1.496780140769805,0.1883022688673007,0,0.2621850108239384,0.001186886393195928,0,82.74903480709324,2.693708908078925,3.684919714715707,0,0,0,0,0,0,0,0,0,0,0,0.0152538127902794,0,0,0,0,0,,3033.787527635608,1786.668737243768,531.4125761189429,2391.535891677056,7743.404732675374
24-25,"Basic metals and fabricated metal products, except machinery and equipment ",0,0,1.605625725996562,8.379335033627726,0,0,0,0,29.72766761724251,1907.551566034067,0,0.09964633708758909,0,0,2.325126066936002,0,0,0,6.309695438222458,0.1410656842062409,0,0,0,0,0,0,0,0,0,0,0,0,0,0,0,0,0,,1956.139727937386,1205.131262566828,321.8035066842911,2941.200250826337,6424.274748014842
26,"Computer, electronic and optical products ",0,0,0,0,0,0,0,0,0,0,5.632497910200534,0,0,0,0.06573551441653878,0,0,0,0,0,0,0,0,0,0,0,0,0,0,0,0,0,0,0,0,0,0,,5.698233424617073,805.2816283911524,299.5988006237954,2125.119262317392,3235.697924756957
27,"Electrical equipment ",0,0,0,0,0,0,0,0,0,0,0,198.7254805315055,0,0,0.9354197909026505,0,0,0,0,0,0,0,0,0,0,0,0,0,0,0,0,0,0,0,0,0,0,,199.6609003224081,892.2238692286099,259.3461502447523,1501.8532804807,2853.084200276471
28,"Machinery and equipment n.e.c. ",0,0,0,0,0,0,0,0,0,5.353752910866023,0,0,48.66703606783844,0,0,0,0,0,0,0,0,0,0,0,0,0,0,0,0,0,0,0,0,0,0,0,0,,54.02078897870446,873.1269957647071,258.9402847022027,2342.073822116839,3528.161891562454
29-30,"Transport equipment ",0,0,0,0,0,0,0,0,0,0,0,0,0,93.79112390833504,0,0,0,0,0,0,0,0,0,0,0,0,0,0,0,0,0,0,0,0,0,0,0,,93.79112390833504,2303.363756242055,603.699998321941,9436.70069028074,12437.55556875307
31-33,"Furniture; other manufactured goods; repair and installation services of machinery and equipment ",0,0,0.2240572479551329,0.0901026575481565,0.2709330975683882,0,0,0,2.809473154950473,2.268439938919858,0,0,0.6373740715479034,0,565.0159414589584,0.09780914968801603,0,0.03787548403686997,4.674197013985161,1.320424065971362,0,0,0,0,0,0,29.50937711148711,0,0,0,0,0,5.947302245763217,0,0,0,0,,612.90330669838,560.6575907967364,193.1040102193224,1078.088875358336,2444.753783072775
35,"Electricity, gas, steam and air conditioning ",0,0,0.6613660795481877,0,0,0,0,0,0,1.699560498946598,0,0,0,0,0,2816.051042891725,97.93221056429675,1.755798865570496,91.76817902430446,0,0,0,0,0,0,0,0,0,0,0,0,0,0,0,0,0,0,,3009.868157924392,0,372.1390872039198,1106.261676386039,4488.268921514351
36-39,"Water supply; sewerage, waste management and remediation services ",0,0,0.7204778629403794,0,0,0,0,0,0,0,0,0,0,0,0,0,687.5663331423164,0,0.4673757240606577,0,0,0,0,0,0,0,0,0,0,0,0,0,0,0,0,0,0,,688.7541867293173,0,48.61994984235253,58.60379886944452,795.9779354411144
41-43,"Constructions and construction works ",0,5.91233166189304,0,0,2.470122884223449,1.531122836155027,0.3938378145394497,0,116.7900171895291,48.83488709359356,0,0,0,0,30.75857476518575,87.36184170843396,24.14656503468356,14915.56647927997,11.09417655471291,5.575551773036054,77.85321581942839,0,7.294739563801694,0,0,1.765034038930955,0.8733341685237359,0,0,0.545781626589236,0,0,3.033911191799126,0,0,0,0,,15341.80152500503,0,1482.263162479832,0,16824.06468748486
45-47,"Wholesale and retail trade services; repair services of motor vehicles and motorcycles ",0,33.41859618217487,381.5312208308173,23.19416433083047,41.95696481824379,6.336810522571007,35.47676702910475,2.001525256832334,104.1848936661056,748.1348791569579,0,0.9915363615874841,3.833838331205271,0.07140854943990269,12.7062429919806,0,0,54.70409082064591,17369.79722090267,99.65599686914202,4.676163235541256,0.1996558892581335,4.700095815370101,3.434350986346589,0,169.6313400832946,0,0,204.3097986776075,35.35781934510666,0,0.7975620663182059,7.205755866654969,0,0.2786794220621002,14.87446052672793,0,,19363.46183853459,-19144.65152859777,6.192536206469475,0,225.0028461432931
49-53,"Transportation and storage services",0,5.264918839363051,0.1322686448838772,0,2.5707964858357,0,2.317534756889837,0,11.49987163552035,0.1924606676657651,0,0,0.1619834119769105,0,1.331399142858527,0,0,3.665632651482965,19.00688084317987,8230.194157197066,0,0,0,28.87652389999077,0,14.131767154723,0,0,0,0.5269234401367838,0,0.1570784991181808,0.893518853865493,0,0,0,0,,8320.923716124556,-3395.619317683253,469.0283319755392,5909.978868511694,11304.31159892854
55-56,"Accommodation and food services ",0,0,21.41780548411099,0,0.4241888834125723,0,0,0,0.009356312259359451,0.1174063779098806,0,0,0,0,0,0,0,25.92995837807146,2.506976171577437,0.1390509477003598,5348.875928881003,6.306682931592169,0,0,0,9.587457074528398,0.2469429356602028,0,0,1.101127054097125,0,1.809833242555149,0.589738953439747,0.5113527652606144,0.8294315676000683,0.8570943923032204,0,,5421.260332353082,0,252.9174322851291,527.1752763235687,6201.35304096178
58-60,"Publishing, audiovisual and broadcasting services ",0,0,0,0,0,0,0,0,0,0,0,0,0,0,0,0,0,0,0,0,0,1073.380579974336,0,2.208896862542521,0,0,0,0,0,0,0,0.1786968575187158,0.010176318384086,0,0,0,0,,1075.778350012781,0,52.59774221920573,44.9288225551615,1173.304914787148
61,"Telecommunications services ",0,0,0,0,0,0,0,0,0,0,0,0,0,0,0,0,0,0,0,1.802761425204996,0,1.076469127085526,1862.469011480937,0,0,0,0,0,0,0,0,0,0,0,0,0,0,,1865.348242033227,0,176.9645790385716,121.1412001927399,2163.454021264539
62-63,"Computer programming, consultancy and related services; information services ",0,0,0,0,0,0,0,0,0,0,0,0,0,0,0,0,0,0,2.091323148695404,0,0,0,0,2643.413942446295,0,0,0,0,0,8.742527945362852,0,0,0,0,0,0,0,,2654.247793540353,0,69.1567932501317,346.4408714377437,3069.845458228228
64-66,"Financial and insurance services ",0,0,0,0,0,0,0,0,0,0,0,0,0,0,0,0,0,0,0.008745914802974566,7.539900526619842,0,0,0,0,4876.601563772838,0,0,0,0,0,0,0,0,0,0,0,0,,4884.15021021426,0,0,648.2372459803428,5532.387456194603
68,"Real estate services ",0,1.369156220623969,14.24904689213372,1.017197047011081,2.085930083242327,0,1.58125909144003,0.0365759432434373,2.248660791295702,10.82222466912931,0,0.02436982887421141,1.590911280844899,0.3534076339125396,3.258292876622179,0.5761713021078877,1.346848286966714,80.41073965141399,21.57868813304137,81.1010610100054,60.53145212693358,0.9402077014799068,2.952417260575212,0,0,8655.99689809571,3.154264431622222,0.0479026018362625,0.003966398899421989,1.109527579371167,0,2.302297841737594,10.35114437942977,0,8.187683147903806,7.679653846796969,0,,8976.907956154204,0,22.60445931261654,0,8999.512415466821
69-71,"Legal and accounting services; services of head offices; management consultancy services; architectural and engineering services; technical testing and analysis services ",0,0,0,0,0,0,0.7611127528842361,0,0.002778590027834859,0,0,0,0,0,0,0.270976953442932,0,3.73110931228573,0.6798323667094812,0.001773307368427048,0,0,0,2.235730730073427,0,1.877028769509537,1208.167794022163,0,0,0,0,0.01742080814307765,0.4363977307681131,0,0,0.02415542172962229,0,,1218.206110765106,0,133.0972220285042,247.6036844277926,1598.907017221402
72,"Scientific research and development services ",0,0,0,0,0,0,0,0,0,0,0,0,0,0,0,0,0,0,0.01560087221677517,0,0,0,0,0,0,0,0,263.6693119372668,0,0,0,0,0.475128372476305,0,0,0,0,,264.1600411819599,0,-7.966375648829742,11.09261318340813,267.2862787165383
73-75,"Advertising and market research services; other professional, scientific and technical services; veterinary services ",0,0,0,0,0.1573294745469443,0,0,0,0,0,0,0,0,0,0,0,0,0,14.77928701248515,1.016739628469257,0,4.40712221597544,0,0.4791335203459035,0,0,0,0,680.2388912394763,0.2397038468457928,0,0,0,0,2.430431711065054,0,0,,703.7486386492099,0,66.73122382408086,0.1022158671010934,770.5820783403918
77-82,"Administrative and support services",0,7.361719880535565,11.32391855683376,0,0.2212276692592989,0,0.08431693523109299,0,3.818146848863651,0.2455994288139257,0,0,0,0,0.166420587722077,0.3747205350969277,1.582795606975346,3.908570349598785,2.836781312835273,20.29590381140041,0.06077238974555761,0.5453739400049562,0.8460596352402421,0,0,3.756445323699452,0.001169793025343369,0,0,1245.211809619276,0,0.001025023198625209,0.001229023959430676,0,0.451502782971228,4.265350425124919,0,,1307.360859479412,0,87.76679637431732,531.2599061877969,1926.387562041527
84,"Public administration and defence services; compulsory social security services ",0,0,0,0,0,0,0,0,0,0,0,0,0,0,0,0,0,0,0,0,0,0,0,0,0,0,0,0,0,0,6838.409546439488,0,0,0,0,0,0,,6838.409546439488,0,0,0,6838.409546439488
85,"Education services ",0,0,0,0,0.002907880892555983,0,0,0,0,0,0,0,0,0,0.115032059819265,0,0,0,0,0.0896379986327884,0,0,0,0,0,0,0,0,0.1046339148723012,0,0,4219.069955639759,2.028094370387187,0,0,0,0,,4221.410261864363,0,0,364.6587891794814,4586.069051043844
86,"Human health services ",0,0,0,0,0,0,0,0,0,0.05931155687584661,0,0,0,0,0,0,0,0.07609622656320358,0.1730856646890703,0,0,0,0,0,0,0.08079411635490753,0,0,0,0,0,1.335448149309529,3847.926656875924,0,0,5.199460695692855,0,,3854.850853285409,0,0,117.709975743405,3972.560829028815
87-88,"Social work services ",0,0,0,0,0,0,0,0,0,0,0,0,0,0,0,0,0,0,0,0,0,0,0,0,0,0,0,0,0,0,0,0,0,270.4256109560578,0,0,0,,270.4256109560578,0,0,0,270.4256109560578
90-93,"Arts, entertainment and recreation services ",0,0,0,0,0,0,0,0,0,0,0,0,0,0,0,0,0,0,0.1698469729222752,0,0.4221617387898665,0.593437229230354,0,0.1230694654195785,0,6.138745045181513,0,0,5.891141640093666,0,0,0,0,0,4797.305794426902,0,0,,4810.64419651854,0,109.4016273284377,152.1752739144447,5072.221097761422
94-96,"Other services",0,0,0,0,0,0,0,0,0,0,0,0,0,0,0,0,0.1103673963198568,0,0.9829564097798273,0,0,0,0,0,0,0,0,0,0,0,0,0,0.3500321687656537,0,0,1119.952385042494,0,,1121.395741017359,0,35.37821901522877,66.6190832102432,1223.393043242831
97-98,"Services of households as employers; undifferentiated goods and services produced by hServices provided by extraterritorial organisations and bodiesouseholds for own use ",0,0,0,0,0,0,0,0,0,0,0,0,0,0,0,0,0,0,0,0,0,0,0,0,0,0,0,0,0,0,0,0,0,0,0,0,83.1998834327881,,83.1998834327881,0,0,0,83.1998834327881
99,"Services provided by extraterritorial organisations and bodies",0,0,0,0,0,0,0,0,0,0,0,0,0,0,0,0,0,0,0,0,0,0,0,0,0,0,0,0,0,0,0,0,0,0,0,0,0,,0,0,0,0,0
,Total,7823.913745954769,1872.217551648999,12739.41433168038,771.6771811341811,689.3770469735339,278.9108969486161,873.5416703517313,336.4623823605151,3190.358268990357,2738.51223269454,5.632497910200534,201.3378131998246,55.07944543228073,94.21594009168749,619.0252302975938,2904.733749426888,812.6851200315585,15185.58519293434,17571.81529865687,8454.122118402824,5497.846737860115,1087.480926478504,1878.262323755924,2680.771647911014,4876.601563772838,8863.552891069301,1241.952882462482,263.7172145391031,890.5484318709492,1292.835220456786,6838.409546439488,4225.684571940448,3879.249086351617,270.9369637213184,4809.483523058504,1152.852560350869,83.1998834327881,0,127052.0036905937,4.092726157978177E-12,10553.85351617551,46818.2742935783,184424.1315003476
