Year,"Real GDP Growth (%)","Real GDP","Nominal GDP","GDP Deflator growth (%)","GDP Deflator Index"
2020,-6.8,49266.7,49266.7,7.2,100
2021,10.5,54439.703499999996,60046.99296049999,10.3,110.3
2022,10.4,60101.432664,72457.02508963244,9.3,120.55789999999999
2023,7.8,64789.344411792,80530.04191106911,3.1,124.29519489999998
2024,7.6,69713.3345870882,90861.53089599106,4.86,130.33594137213998
2025,6,73896.1346623135,102949.20379720835,6.890000000000001,139.31608773268042
2026,5,77590.94139542918,115544.52413577778,6.890000000000001,148.91496617746208
2027,5,81470.48846520064,129680.81894116953,6.890000000000001,159.1752073470892
2028,5,85544.01288846068,145546.6187345269,6.890000000000001,170.14237913330365
2029,5,89821.21353288372,163353.51980360263,6.890000000000001,181.86518905558827
2030,5,94312.27420952791,183339.00618397436,6.890000000000001,194.3957005815183
2031,5,99027.88792000432,205769.61689555275,6.890000000000001,207.78956435158491
2032,5,103979.28231600454,230944.50067463916,6.890000000000001,222.10626533540912
2033,5,109178.24643180477,259199.4056096779,6.890000000000001,237.4093870170188
2034,5,114637.15875339501,290911.1568889939,6.890000000000001,253.76689378249137
2035,5,120369.01669106477,326502.6823785779,6.890000000000001,271.251432764105
2036,5,126387.467525618,366448.653054185,6.890000000000001,289.94065648155185
2037,5,132706.84090189892,411281.8135120993,6.890000000000001,309.9175677131308
2038,5,139342.18294699388,461600.08698623715,6.890000000000001,331.2708881285655
2039,5,146309.29209434357,518074.54962856835,6.890000000000001,354.0954523206237
2040,5,153624.75669906076,581458.3804028756,6.890000000000001,378.4926289855146
2041,5,161305.9945340138,652596.9059532654,6.890000000000001,404.5707711226166
2042,5,169371.2942607145,732438.8744121176,6.890000000000001,432.44569725296486
2043,5,177839.85897375023,822049.1085020682,6.890000000000001,462.2412057936941
