"Product 1",1315.789473684211,1447.368421052632,394.7368421052632,657.8947368421053,2631.578947368421,1184.210526315789
"Product 2",1315.789473684211,1447.368421052632,394.7368421052632,657.8947368421053,2631.578947368421,1184.210526315789
"Product 3",1315.789473684211,1447.368421052632,394.7368421052632,657.8947368421053,2631.578947368421,1184.210526315789
"Product 4",1315.789473684211,1447.368421052632,394.7368421052632,657.8947368421053,2631.578947368421,1184.210526315789
"Product 5",1315.789473684211,1447.368421052632,394.7368421052632,657.8947368421053,2631.578947368421,1184.210526315789
"Product 6",1315.789473684211,1447.368421052632,394.7368421052632,657.8947368421053,2631.578947368421,1184.210526315789
"Product 7",1315.789473684211,1447.368421052632,394.7368421052632,657.8947368421053,2631.578947368421,1184.210526315789
"Product 8",1315.789473684211,1447.368421052632,394.7368421052632,657.8947368421053,2631.578947368421,1184.210526315789
"Product 9",1315.789473684211,1447.368421052632,394.7368421052632,657.8947368421053,2631.578947368421,1184.210526315789
"Product 10",1315.789473684211,1447.368421052632,394.7368421052632,657.8947368421053,2631.578947368421,1184.210526315789
"Product 11",1315.789473684211,1447.368421052632,394.7368421052632,657.8947368421053,2631.578947368421,1184.210526315789
"Product 12",1315.789473684211,1447.368421052632,394.7368421052632,657.8947368421053,2631.578947368421,1184.210526315789
"Product 13",1315.789473684211,1447.368421052632,394.7368421052632,657.8947368421053,2631.578947368421,1184.210526315789
"Product 14",1315.789473684211,1447.368421052632,394.7368421052632,657.8947368421053,2631.578947368421,1184.210526315789
"Product 15",1315.789473684211,1447.368421052632,394.7368421052632,657.8947368421053,2631.578947368421,1184.210526315789
"Product 16",1315.789473684211,1447.368421052632,394.7368421052632,657.8947368421053,2631.578947368421,1184.210526315789
"Product 17",1315.789473684211,1447.368421052632,394.7368421052632,657.8947368421053,2631.578947368421,1184.210526315789
"Product 18",1315.789473684211,1447.368421052632,394.7368421052632,657.8947368421053,2631.578947368421,1184.210526315789
"Product 19",1315.789473684211,1447.368421052632,394.7368421052632,657.8947368421053,2631.578947368421,1184.210526315789
"Product 20",1315.789473684211,1447.368421052632,394.7368421052632,657.8947368421053,2631.578947368421,1184.210526315789
"Product 21",1315.789473684211,1447.368421052632,394.7368421052632,657.8947368421053,2631.578947368421,1184.210526315789
"Product 22",1315.789473684211,1447.368421052632,394.7368421052632,657.8947368421053,2631.578947368421,1184.210526315789
"Product 23",1315.789473684211,1447.368421052632,394.7368421052632,657.8947368421053,2631.578947368421,1184.210526315789
"Product 24",1315.789473684211,1447.368421052632,394.7368421052632,657.8947368421053,2631.578947368421,1184.210526315789
"Product 25",1315.789473684211,1447.368421052632,394.7368421052632,657.8947368421053,2631.578947368421,1184.210526315789
"Product 26",1315.789473684211,1447.368421052632,394.7368421052632,657.8947368421053,2631.578947368421,1184.210526315789
"Product 27",1315.789473684211,1447.368421052632,394.7368421052632,657.8947368421053,2631.578947368421,1184.210526315789
"Product 28",1315.789473684211,1447.368421052632,394.7368421052632,657.8947368421053,2631.578947368421,1184.210526315789
"Product 29",1315.789473684211,1447.368421052632,394.7368421052632,657.8947368421053,2631.578947368421,1184.210526315789
"Product 30",1315.789473684211,1447.368421052632,394.7368421052632,657.8947368421053,2631.578947368421,1184.210526315789
"Product 31",1315.789473684211,1447.368421052632,394.7368421052632,657.8947368421053,2631.578947368421,1184.210526315789
"Product 32",1315.789473684211,1447.368421052632,394.7368421052632,657.8947368421053,2631.578947368421,1184.210526315789
"Product 33",1315.789473684211,1447.368421052632,394.7368421052632,657.8947368421053,2631.578947368421,1184.210526315789
"Product 34",1315.789473684211,1447.368421052632,394.7368421052632,657.8947368421053,2631.578947368421,1184.210526315789
"Product 35",1315.789473684211,1447.368421052632,394.7368421052632,657.8947368421053,2631.578947368421,1184.210526315789
"Product 36",1315.789473684211,1447.368421052632,394.7368421052632,657.8947368421053,2631.578947368421,1184.210526315789
"Product 37",1315.789473684211,1447.368421052632,394.7368421052632,657.8947368421053,2631.578947368421,1184.210526315789
"Product 38",1315.789473684211,1447.368421052632,394.7368421052632,657.8947368421053,2631.578947368421,1184.210526315789
Total,50000.00000000002,55000.000000000015,15000,25000.000000000004,99999.99999999999,44999.99999999998
,,,,,,
,,,,,,
,0.3749999999999997,,,,,
