"Scenario 1: Baseline",Year,"Real GDP","Project Allocation (%)","Project Investment",Imports,"GDP impact",,,"Baseline GDP Growth","Projected Growth"
,,,,,,I-M,Multiplier,"% of GDP",,
,2020,46.598,0,0,0,0,0,0,-0.06291,-0.06291
,2021,51.558,0,0,0,0,0,0,0.10644,0.10644
,2022,57.208,0,0,0,0,0,0,0.1096,0.1096
,2023,61.484,0,0,0,0,0,0,0.07474,0.07474
,2024,66.128,0,0,0,0,0,0,0.07554,0.07554
,2025,70.08,0,0,0,0,0,0,0.05976,0.05976
,2026,73.584,0.05,0.89245,0.206154674483033,0.686295325516968,0.549036260413574,0.00746135383253933,0.05,0.0574613538325393
,2027,77.263,0.1,1.7849,0.412309348966065,1.37259065103394,1.09807252082715,0.0142121393270666,0.05,0.0642121393270666
,2028,81.126,0.15,2.67735,0.618464023449098,2.0588859765509,1.64710878124072,0.0203030937213806,0.05,0.0703030937213806
,2029,85.183,0.2,3.5698,0.82461869793213,2.74518130206787,2.1961450416543,0.0257814944490602,0.05,0.0757814944490602
,2030,89.44215,0.2,3.5698,0.82461869793213,2.74518130206787,2.1961450416543,0.0245538042372002,0.05,0.0745538042372002
,2031,93.9142575,0.15,2.67735,0.618464023449098,2.0588859765509,1.64710878124072,0.0175384315980001,0.05,0.0675384315980002
,2032,98.609970375,0.1,1.7849,0.412309348966065,1.37259065103394,1.09807252082715,0.0111355121257144,0.05,0.0611355121257144
,2033,103.54046889375,0.05,0.89245,0.206154674483033,0.686295325516968,0.549036260413574,0.00530262482176875,0.05,0.0553026248217688
,2034,108.717492338438,0,0,0,0,0,0,0.05,0.05
,2035,114.153366955359,0,0,0,0,0,0,0.05,0.05
,2036,119.861035303127,0,0,0,0,0,0,0.05,0.05
,2037,125.854087068284,0,0,0,0,0,0,0.05,0.05
,2038,132.146791421698,0,0,0,0,0,0,0.05,0.05
,2039,138.754130992783,0,0,0,0,0,0,0.05,0.05
,2040,145.691837542422,0,0,0,0,0,0,0.05,0.05
,2041,152.976429419543,0,0,0,0,0,0,0.05,0.05
,2042,160.62525089052,0,0,0,0,0,0,0.05,0.05
,,,,,,,,,,
,,,,,,,,,,
,,Assumptions,,,,,,,,
,,"Exchange rate (GEL/USD)",2.746,,,,,,,
,,"total investment",6.5,,,,,,,
,,"import content share",0.230998570769267,,,,,,,
,,"demand multiplier",0.8,,,,,,,
,,"Project allocation","Bell-shaped (8 years)",,,,,,,
,,,,,,,,,,
,,,,,,,,,,
"Scenario 2: Demand Multiplier = 1",,,,,,,,,,
,Year,"Real GDP","Project Allocation (%)","Project Investment",Imports,"GDP impact",,,"Baseline GDP Growth","Projected Growth"
,,,,,,I-M,Multiplier,"% of GDP",,
,2020,46.598,0,0,0,0,0,0,-0.06291,-0.06291
,2021,51.558,0,0,0,0,0,0,0.10644,0.10644
,2022,57.208,0,0,0,0,0,0,0.1096,0.1096
,2023,61.484,0,0,0,0,0,0,0.07474,0.07474
,2024,66.128,0,0,0,0,0,0,0.07554,0.07554
,2025,70.08,0,0,0,0,0,0,0.05976,0.05976
,2026,73.584,0.05,0.89245,0.206154674483033,0.686295325516968,0.686295325516968,0.00932669229067416,0.05,0.0593266922906742
,2027,77.263,0.1,1.7849,0.412309348966065,1.37259065103394,1.37259065103394,0.0177651741588333,0.05,0.0677651741588333
,2028,81.126,0.15,2.67735,0.618464023449098,2.0588859765509,2.0588859765509,0.0253788671517257,0.05,0.0753788671517258
,2029,85.183,0.2,3.5698,0.82461869793213,2.74518130206787,2.74518130206787,0.0322268680613253,0.05,0.0822268680613253
,2030,89.44215,0.2,3.5698,0.82461869793213,2.74518130206787,2.74518130206787,0.0306922552965002,0.05,0.0806922552965003
,2031,93.9142575,0.15,2.67735,0.618464023449098,2.0588859765509,2.0588859765509,0.0219230394975002,0.05,0.0719230394975002
,2032,98.609970375,0.1,1.7849,0.412309348966065,1.37259065103394,1.37259065103394,0.013919390157143,0.05,0.063919390157143
,2033,103.54046889375,0.05,0.89245,0.206154674483033,0.686295325516968,0.686295325516968,0.00662828102721094,0.05,0.0566282810272109
,2034,108.717492338438,0,0,0,0,0,0,0.05,0.05
,2035,114.153366955359,0,0,0,0,0,0,0.05,0.05
,2036,119.861035303127,0,0,0,0,0,0,0.05,0.05
,2037,125.854087068284,0,0,0,0,0,0,0.05,0.05
,2038,132.146791421698,0,0,0,0,0,0,0.05,0.05
,2039,138.754130992783,0,0,0,0,0,0,0.05,0.05
,2040,145.691837542422,0,0,0,0,0,0,0.05,0.05
,2041,152.976429419543,0,0,0,0,0,0,0.05,0.05
,2042,160.62525089052,0,0,0,0,0,0,0.05,0.05
,,Assumptions,,,,,,,,
,,"Exchange rate (GEL/USD)",2.746,,,,,,,
,,"total investment",6.5,,,,,,,
,,"import content share",0.230998570769267,,,,,,,
,,"demand multiplier",1,,,,,,,
,,"Project allocation","Bell-shaped (8 years)",,,,,,,
,,,,,,,,,,
,,,,,,,,,,
,,,,,,,,,,
"Scenario 3: Import Content Share = 0.5",,,,,,,,,,
,Year,"Real GDP","Project Allocation (%)","Project Investment",Imports,"GDP impact",,,"Baseline GDP Growth","Projected Growth"
,,,,,,I-M,Multiplier,"% of GDP",,
,2020,46.598,0,0,0,0,0,0,-0.06291,-0.06291
,2021,51.558,0,0,0,0,0,0,0.10644,0.10644
,2022,57.208,0,0,0,0,0,0,0.1096,0.1096
,2023,61.484,0,0,0,0,0,0,0.07474,0.07474
,2024,66.128,0,0,0,0,0,0,0.07554,0.07554
,2025,70.08,0,0,0,0,0,0,0.05976,0.05976
,2026,73.584,0.05,0.89245,0.446225,0.446225,0.35698,0.00485132637529898,0.05,0.054851326375299
,2027,77.263,0.1,1.7849,0.89245,0.89245,0.71396,0.00924064558715038,0.05,0.0592406455871504
,2028,81.126,0.15,2.67735,1.338675,1.338675,1.07094,0.0132009466755418,0.05,0.0632009466755418
,2029,85.183,0.2,3.5698,1.7849,1.7849,1.42792,0.0167629691370344,0.05,0.0667629691370344
,2030,89.44215,0.2,3.5698,1.7849,1.7849,1.42792,0.0159647325114613,0.05,0.0659647325114613
,2031,93.9142575,0.15,2.67735,1.338675,1.338675,1.07094,0.0114033803653295,0.05,0.0614033803653295
,2032,98.609970375,0.1,1.7849,0.89245,0.89245,0.71396,0.00724024150179652,0.05,0.0572402415017965
,2033,103.54046889375,0.05,0.89245,0.446225,0.446225,0.35698,0.00344773404847453,0.05,0.0534477340484745
,2034,108.717492338438,0,0,0,0,0,0,0.05,0.05
,2035,114.153366955359,0,0,0,0,0,0,0.05,0.05
,2036,119.861035303127,0,0,0,0,0,0,0.05,0.05
,2037,125.854087068284,0,0,0,0,0,0,0.05,0.05
,2038,132.146791421698,0,0,0,0,0,0,0.05,0.05
,2039,138.754130992783,0,0,0,0,0,0,0.05,0.05
,2040,145.691837542422,0,0,0,0,0,0,0.05,0.05
,2041,152.976429419543,0,0,0,0,0,0,0.05,0.05
,2042,160.62525089052,0,0,0,0,0,0,0.05,0.05
,,Assumptions,,,,,,,,
,,"Exchange rate (GEL/USD)",2.746,,,,,,,
,,"total investment",6.5,,,,,,,
,,"import content share",0.5,,,,,,,
,,"demand multiplier",0.8,,,,,,,
,,"Project allocation","Bell-shaped (8 years)",,,,,,,
