"Scenario 1: Baseline (Small Open Economy)",,,,,,,,,,,,,,,,,,,,
,,,,,,,,,,,,,,,,,,,,
Year,,2025,2026,2027,2028,2029,2030,2031,2032,2033,2034,2035,2036,2037,2038,2039,2040,2041,2042,2043
,,,,,,,,,,,,,,,,,,,,
"Real GDP (GEL, billions)",,70.08005574040897,73.58406319766445,77.26289241388466,81.12643722385742,85.1828675163103,89.4420108921258,93.91411143673211,98.60981700856871,103.54030785899717,108.71732325194704,114.1531894145444,119.86084888527164,125.8538913295352,132.146585896012,138.75391519081256,145.6916109503532,152.9761914978709,160.62500107276446,168.6562511264027
"Nominal GDP (GEL, billions)",,98.569,107.12,116.412,126.511,137.486,149.41281675125848,162.37427672304926,176.46013450925255,191.76793085356604,208.40366809269216,226.48254419376164,246.12975046900277,267.48133849161434,290.6851622159996,315.90190182628777,343.30617640301693,373.0877531128929,405.4528612949351,440.6256205426994
"GDP Deflator (Index)",,140.652,145.575,150.67,155.943,161.401,167.04993018489068,172.89656925779175,178.94783690138988,185.21089498277198,191.69315602972208,198.4022920036829,205.34624337976544,212.5332285445529,219.9717535228219,227.67062204469227,235.63894596512085,243.88615604807072,252.42201312811918,261.25661966271497
"Nominal GDP (USD, billions)",,35.908,38.602,41.502,44.235,47.409,54.41107674845538,59.13120055464285,64.26079188246634,69.8353717602207,75.89354264118433,82.47725571513534,89.6321014089595,97.40762508798774,105.8576701442096,115.04075084715505,125.0204575393361,135.86589698211688,147.65217090128735,160.46089604613962
,,,,,,,,,,,,,,,,,,,,
"Investment Spending Shock",,,,,,,,,,,,,,,,,,,,
"Total Project Value (USD, billions)",,6.5,,,,,,,,,,,,,,,,,,
"Project Duration (years)",,8,,,,,,,,,,,,,,,,,,
"Annual Allocation (%)",,,0.05,0.1,0.15,0.2,0.2,0.15,0.1,0.05,0,0,0,0,0,0,0,0,0,0
,,,,,,,,,,,,,,,,,,,,
"Annual Investment (USD, billions)",,,0.325,0.65,0.975,1.3,1.3,0.975,0.65,0.325,0,0,0,0,0,0,0,0,0,0
"Annual Investment (GEL, billions)",,,0.8924500000000001,1.7849000000000002,2.67735,3.5698000000000003,3.5698000000000003,2.67735,1.7849000000000002,0.8924500000000001,0,0,0,0,0,0,0,0,0,0
"Investment Deflator (Index)",,,145.575,150.67,155.943,161.401,167.04993018489068,172.89656925779175,178.94783690138988,185.21089498277198,191.69315602972208,198.4022920036829,205.34624337976544,212.5332285445529,219.9717535228219,227.67062204469227,235.63894596512085,243.88615604807072,252.42201312811918,261.25661966271497
"Real Investment (GEL, billions, base year)",,,0.8622694652241114,1.6662225711820537,2.414822288913257,3.1108822721048814,3.0056852406000814,2.1780341496453914,1.40292142753501,0.6777402453115737,0,0,0,0,0,0,0,0,0,0
,,,,,,,,,,,,,,,,,,,,
"Demand-side Impact",,,,,,,,,,,,,,,,,,,,
"Direct Demand Impact (GEL, billions)",,,0.8622694652241114,1.6662225711820537,2.414822288913257,3.1108822721048814,3.0056852406000814,2.1780341496453914,1.40292142753501,0.6777402453115737,0,0,0,0,0,0,0,0,0,0
"Import Leakage (GEL, billions)",,,0.1991830140847501,0.38489503252654805,0.5578204974007328,0.7186093586876783,0.6943089947608999,0.5031227756547417,0.3240728446621674,0.15655702801978608,0,0,0,0,0,0,0,0,0,0
"Net Domestic Demand (GEL, billions)",,,0.6630864511393613,1.2813275386555056,1.857001791512524,2.3922729134172034,2.3113762458391816,1.6749113739906498,1.0788485828728425,0.5211832172917876,0,0,0,0,0,0,0,0,0,0
"Multiplied Impact on GDP (GEL, billions)",,,0.530469160911489,1.0250620309244045,1.4856014332100194,1.9138183307337628,1.8491009966713454,1.33992909919252,0.863078866298274,0.41694657383343015,0,0,0,0,0,0,0,0,0,0
,,,,,,,,,,,,,,,,,,,,
"Impact as % of Baseline GDP",,,0.720902241408607,1.3267197213292443,1.8312173984797377,2.2467174286746294,2.067374132387865,1.4267601308193187,0.8752463927838713,0.4026901044192708,0,0,0,0,0,0,0,0,0,0
"Cumulative Impact (GEL, billions)",,,0.530469160911489,1.5555311918358936,3.041132625045913,4.954950955779676,6.8040519524510215,8.143981051643541,9.007059917941815,9.424006491775245,9.424006491775245,9.424006491775245,9.424006491775245,9.424006491775245,9.424006491775245,9.424006491775245,9.424006491775245,9.424006491775245,9.424006491775245,9.424006491775245
,,,,,,,,,,,,,,,,,,,,
Assumptions,,,,,,,,,,,,,,,,,,,,
"Lari/USD Exchange Rate",,"Exchange Rate:",2.746,,,,,,,,,,,,,,,,,
"Demand Multiplier",,"Demand Multiplier:",0.8,,,,,,,,,,,,,,,,,
"Import Content Share",,"Import Content Share:",0.23099857076926722,,,,,,,,,,,,,,,,,
"Bell-shape Allocation",,"Bell-shape Allocation:",Yes,,,,,,,,,,,,,,,,,
,,,,,,,,,,,,,,,,,,,,
,,,,,,,,,,,,,,,,,,,,
,,,,,,,,,,,,,,,,,,,,
"Scenario 2: Higher Multiplier",,,,,,,,,,,,,,,,,,,,
,,,,,,,,,,,,,,,,,,,,
Year,,2025,2026,2027,2028,2029,2030,2031,2032,2033,2034,2035,2036,2037,2038,2039,2040,2041,2042,2043
,,,,,,,,,,,,,,,,,,,,
"Real GDP (GEL, billions)",,70.08005574040897,73.58406319766445,77.26289241388466,81.12643722385742,85.1828675163103,89.4420108921258,93.91411143673211,98.60981700856871,103.54030785899717,108.71732325194704,114.1531894145444,119.86084888527164,125.8538913295352,132.146585896012,138.75391519081256,145.6916109503532,152.9761914978709,160.62500107276446,168.6562511264027
"Nominal GDP (GEL, billions)",,98.569,107.12,116.412,126.511,137.486,149.41281675125848,162.37427672304926,176.46013450925255,191.76793085356604,208.40366809269216,226.48254419376164,246.12975046900277,267.48133849161434,290.6851622159996,315.90190182628777,343.30617640301693,373.0877531128929,405.4528612949351,440.6256205426994
"GDP Deflator (Index)",,140.652,145.575,150.67,155.943,161.401,167.04993018489068,172.89656925779175,178.94783690138988,185.21089498277198,191.69315602972208,198.4022920036829,205.34624337976544,212.5332285445529,219.9717535228219,227.67062204469227,235.63894596512085,243.88615604807072,252.42201312811918,261.25661966271497
"Nominal GDP (USD, billions)",,35.908,38.602,41.502,44.235,47.409,54.41107674845538,59.13120055464285,64.26079188246634,69.8353717602207,75.89354264118433,82.47725571513534,89.6321014089595,97.40762508798774,105.8576701442096,115.04075084715505,125.0204575393361,135.86589698211688,147.65217090128735,160.46089604613962
,,,,,,,,,,,,,,,,,,,,
"Investment Spending Shock",,,,,,,,,,,,,,,,,,,,
"Total Project Value (USD, billions)",,6.5,,,,,,,,,,,,,,,,,,
"Project Duration (years)",,8,,,,,,,,,,,,,,,,,,
"Annual Allocation (%)",,,0.05,0.1,0.15,0.2,0.2,0.15,0.1,0.05,0,0,0,0,0,0,0,0,0,0
,,,,,,,,,,,,,,,,,,,,
"Annual Investment (USD, billions)",,,0.325,0.65,0.975,1.3,1.3,0.975,0.65,0.325,0,0,0,0,0,0,0,0,0,0
"Annual Investment (GEL, billions)",,,0.8924500000000001,1.7849000000000002,2.67735,3.5698000000000003,3.5698000000000003,2.67735,1.7849000000000002,0.8924500000000001,0,0,0,0,0,0,0,0,0,0
"Investment Deflator (Index)",,,145.575,150.67,155.943,161.401,167.04993018489068,172.89656925779175,178.94783690138988,185.21089498277198,191.69315602972208,198.4022920036829,205.34624337976544,212.5332285445529,219.9717535228219,227.67062204469227,235.63894596512085,243.88615604807072,252.42201312811918,261.25661966271497
"Real Investment (GEL, billions, base year)",,,0.8622694652241114,1.6662225711820537,2.414822288913257,3.1108822721048814,3.0056852406000814,2.1780341496453914,1.40292142753501,0.6777402453115737,0,0,0,0,0,0,0,0,0,0
,,,,,,,,,,,,,,,,,,,,
"Demand-side Impact",,,,,,,,,,,,,,,,,,,,
"Direct Demand Impact (GEL, billions)",,,0.8622694652241114,1.6662225711820537,2.414822288913257,3.1108822721048814,3.0056852406000814,2.1780341496453914,1.40292142753501,0.6777402453115737,0,0,0,0,0,0,0,0,0,0
"Import Leakage (GEL, billions)",,,0.1991830140847501,0.38489503252654805,0.5578204974007328,0.7186093586876783,0.6943089947608999,0.5031227756547417,0.3240728446621674,0.15655702801978608,0,0,0,0,0,0,0,0,0,0
"Net Domestic Demand (GEL, billions)",,,0.6630864511393613,1.2813275386555056,1.857001791512524,2.3922729134172034,2.3113762458391816,1.6749113739906498,1.0788485828728425,0.5211832172917876,0,0,0,0,0,0,0,0,0,0
"Multiplied Impact on GDP (GEL, billions)",,,0.6630864511393613,1.2813275386555056,1.857001791512524,2.3922729134172034,2.3113762458391816,1.6749113739906498,1.0788485828728425,0.5211832172917876,0,0,0,0,0,0,0,0,0,0
,,,,,,,,,,,,,,,,,,,,
"Impact as % of Baseline GDP",,,0.901127801760759,1.6583996516615556,2.289021748099672,2.8083967858432866,2.5842176654848314,1.7834501635241484,1.094057990979839,0.5033626305240885,0,0,0,0,0,0,0,0,0,0
"Cumulative Impact (GEL, billions)",,,0.6630864511393613,1.944413989794867,3.8014157813073908,6.193688694724594,8.505064940563775,10.179976314554425,11.258824897427267,11.780008114719054,11.780008114719054,11.780008114719054,11.780008114719054,11.780008114719054,11.780008114719054,11.780008114719054,11.780008114719054,11.780008114719054,11.780008114719054,11.780008114719054
,,,,,,,,,,,,,,,,,,,,
Assumptions,,,,,,,,,,,,,,,,,,,,
"Lari/USD Exchange Rate",,"Exchange Rate:",2.746,,,,,,,,,,,,,,,,,
"Demand Multiplier",,"Demand Multiplier:",1,,,,,,,,,,,,,,,,,
"Import Content Share",,"Import Content Share:",0.23099857076926722,,,,,,,,,,,,,,,,,
"Bell-shape Allocation",,"Bell-shape Allocation:",Yes,,,,,,,,,,,,,,,,,
,,,,,,,,,,,,,,,,,,,,
,,,,,,,,,,,,,,,,,,,,
,,,,,,,,,,,,,,,,,,,,
"Scenario 3: Higher Import Content",,,,,,,,,,,,,,,,,,,,
,,,,,,,,,,,,,,,,,,,,
Year,,2025,2026,2027,2028,2029,2030,2031,2032,2033,2034,2035,2036,2037,2038,2039,2040,2041,2042,2043
,,,,,,,,,,,,,,,,,,,,
"Real GDP (GEL, billions)",,70.08005574040897,73.58406319766445,77.26289241388466,81.12643722385742,85.1828675163103,89.4420108921258,93.91411143673211,98.60981700856871,103.54030785899717,108.71732325194704,114.1531894145444,119.86084888527164,125.8538913295352,132.146585896012,138.75391519081256,145.6916109503532,152.9761914978709,160.62500107276446,168.6562511264027
"Nominal GDP (GEL, billions)",,98.569,107.12,116.412,126.511,137.486,149.41281675125848,162.37427672304926,176.46013450925255,191.76793085356604,208.40366809269216,226.48254419376164,246.12975046900277,267.48133849161434,290.6851622159996,315.90190182628777,343.30617640301693,373.0877531128929,405.4528612949351,440.6256205426994
"GDP Deflator (Index)",,140.652,145.575,150.67,155.943,161.401,167.04993018489068,172.89656925779175,178.94783690138988,185.21089498277198,191.69315602972208,198.4022920036829,205.34624337976544,212.5332285445529,219.9717535228219,227.67062204469227,235.63894596512085,243.88615604807072,252.42201312811918,261.25661966271497
"Nominal GDP (USD, billions)",,35.908,38.602,41.502,44.235,47.409,54.41107674845538,59.13120055464285,64.26079188246634,69.8353717602207,75.89354264118433,82.47725571513534,89.6321014089595,97.40762508798774,105.8576701442096,115.04075084715505,125.0204575393361,135.86589698211688,147.65217090128735,160.46089604613962
,,,,,,,,,,,,,,,,,,,,
"Investment Spending Shock",,,,,,,,,,,,,,,,,,,,
"Total Project Value (USD, billions)",,6.5,,,,,,,,,,,,,,,,,,
"Project Duration (years)",,8,,,,,,,,,,,,,,,,,,
"Annual Allocation (%)",,,0.05,0.1,0.15,0.2,0.2,0.15,0.1,0.05,0,0,0,0,0,0,0,0,0,0
,,,,,,,,,,,,,,,,,,,,
"Annual Investment (USD, billions)",,,0.325,0.65,0.975,1.3,1.3,0.975,0.65,0.325,0,0,0,0,0,0,0,0,0,0
"Annual Investment (GEL, billions)",,,0.8924500000000001,1.7849000000000002,2.67735,3.5698000000000003,3.5698000000000003,2.67735,1.7849000000000002,0.8924500000000001,0,0,0,0,0,0,0,0,0,0
"Investment Deflator (Index)",,,145.575,150.67,155.943,161.401,167.04993018489068,172.89656925779175,178.94783690138988,185.21089498277198,191.69315602972208,198.4022920036829,205.34624337976544,212.5332285445529,219.9717535228219,227.67062204469227,235.63894596512085,243.88615604807072,252.42201312811918,261.25661966271497
"Real Investment (GEL, billions, base year)",,,0.8622694652241114,1.6662225711820537,2.414822288913257,3.1108822721048814,3.0056852406000814,2.1780341496453914,1.40292142753501,0.6777402453115737,0,0,0,0,0,0,0,0,0,0
,,,,,,,,,,,,,,,,,,,,
"Demand-side Impact",,,,,,,,,,,,,,,,,,,,
"Direct Demand Impact (GEL, billions)",,,0.8622694652241114,1.6662225711820537,2.414822288913257,3.1108822721048814,3.0056852406000814,2.1780341496453914,1.40292142753501,0.6777402453115737,0,0,0,0,0,0,0,0,0,0
"Import Leakage (GEL, billions)",,,0.4311347326120557,0.8331112855910269,1.2074111444566284,1.5554411360524407,1.5028426203000407,1.0890170748226957,0.701460713767505,0.33887012265578687,0,0,0,0,0,0,0,0,0,0
"Net Domestic Demand (GEL, billions)",,,0.4311347326120557,0.8331112855910269,1.2074111444566284,1.5554411360524407,1.5028426203000407,1.0890170748226957,0.701460713767505,0.33887012265578687,0,0,0,0,0,0,0,0,0,0
"Multiplied Impact on GDP (GEL, billions)",,,0.34490778608964456,0.6664890284728215,0.9659289155653028,1.2443529088419527,1.2022740962400327,0.8712136598581566,0.561168571014004,0.2710960981246295,0,0,0,0,0,0,0,0,0,0
,,,,,,,,,,,,,,,,,,,,
"Impact as % of Baseline GDP",,,0.4687262038834951,0.8626250036078756,1.190646290678281,1.4608018550252393,1.34419394672384,0.9276706626192958,0.569079821905806,0.26182662938747725,0,0,0,0,0,0,0,0,0,0
"Cumulative Impact (GEL, billions)",,,0.34490778608964456,1.011396814562466,1.977325730127769,3.2216786389697214,4.423952735209754,5.295166395067911,5.856334966081915,6.127431064206545,6.127431064206545,6.127431064206545,6.127431064206545,6.127431064206545,6.127431064206545,6.127431064206545,6.127431064206545,6.127431064206545,6.127431064206545,6.127431064206545
,,,,,,,,,,,,,,,,,,,,
Assumptions,,,,,,,,,,,,,,,,,,,,
"Lari/USD Exchange Rate",,"Exchange Rate:",2.746,,,,,,,,,,,,,,,,,
"Demand Multiplier",,"Demand Multiplier:",0.8,,,,,,,,,,,,,,,,,
"Import Content Share",,"Import Content Share:",0.5,,,,,,,,,,,,,,,,,
"Bell-shape Allocation",,"Bell-shape Allocation:",Yes,,,,,,,,,,,,,,,,,
