Year,"Real GDP Growth (%)","Nominal GDP (billion Lari)","GDP Deflator (2020=100)","Inflation (%)","Deflator Growth (%)","Avg Deflator Growth (4yr)"
2020,-6.8,56.2,100,0,,5.012346757257073
2021,10.5,65.3,109.5,9.499999999999996,9.499999999999996,
2022,10.1,79,118.8,8.493150684931505,8.493150684931505,
2023,7,91.5,128.5,8.164983164983175,8.164983164983175,
2024,6,103.5,136,5.836575875486383,5.836575875486383,
2025,5.5,115,142.5,4.779411764705888,4.779411764705888,
2026,5,127,148.8,4.421052631578948,4.421052631578948,
2027,4.5,139.5,155,0,,
2028,4.5,153.08437379406044,162.7691374737485,5.01234675725708,5.01234675725708,
2029,4.5,167.99158064458507,170.92769105772925,5.01234675725708,5.01234675725708,
2030,4.5,184.35043674301582,179.49517963771575,5.01234675725708,5.01234675725708,
2031,4.5,202.30230227574285,188.49210045371956,5.01234675725708,5.01234675725708,
2032,4.5,222.00230294608474,197.93997813849734,5.01234675725708,5.01234675725708,
2033,4.5,243.6206704468866,207.8614162140377,5.01234675725708,5.01234675725708,
2034,4.5,267.34421346703084,218.28015116923066,5.01234675725708,5.01234675725708,
2035,4.5,293.3779319431257,229.22110924809746,5.01234675725708,5.01234675725708,
2036,4.5,321.9467885054471,240.7104660844432,5.01234675725708,5.01234675725708,
2037,4.5,353.29765242555686,252.7757093256052,5.01234675725708,5.01234675725708,
2038,4.5,387.70143286364146,265.44570439512074,5.01234675725708,5.01234675725708,
2039,4.5,425.45541984939433,278.75076355164776,5.01234675725708,5.01234675725708,
2040,4.5,466.88585322533044,292.72271840935815,5.01234675725708,5.01234675725708,
2041,4.5,512.3507417512926,307.39499609330437,5.01234675725708,5.01234675725708,
2042,4.5,562.2429567306021,322.80269921195764,5.01234675725708,5.01234675725708,
2043,4.5,616.9936268905036,338.98268983824653,5.01234675725708,5.01234675725708,
