"SCENARIO 1: Base Case (Multiplier=0.8, Import Share from SUT)",,,,,,,,,
Year,"Real GDP","Project Allocation (%)","Project Investment",Imports,"GDP impact",,,"Baseline GDP Growth","Projected Growth"
,,,,,I-M,Multiplier,"% of GDP",,
2020,56.2,0,0,0,0,,0,-6.8,-6.8
2021,65.3,0,0,0,0,,0,10.5,10.5
2022,79,0,0,0,0,,0,10.1,10.1
2023,91.5,0,0,0,0,,0,7,7
2024,103.5,0,0,0,0,,0,6,6
2025,115,0,0,0,0,,0,5.5,5.5
2026,127,0.045,0.803205,0,0.642564,,0.505955905511811,5,5.5059559055118115
2027,139.5,0.091,1.6242590000000001,0,1.2994072,,0.9314746953405019,4.5,5.431474695340502
2028,153.08437379406044,0.164,2.927236,0,2.3417888000000002,,1.529737321949224,4.5,6.029737321949224
2029,167.99158064458507,0.2,3.5698000000000003,0,2.8558400000000006,,1.6999899572598336,4.5,6.199989957259834
2030,184.35043674301582,0.2,3.5698000000000003,0,2.8558400000000006,,1.5491365523484149,4.5,6.049136552348415
2031,202.30230227574285,0.164,2.927236,0,2.3417888000000002,,1.1575690309288158,4.5,5.657569030928816
2032,222.00230294608474,0.091,1.6242590000000001,0,1.2994072,,0.5853124867427942,4.5,5.085312486742795
2033,243.6206704468866,0.045,0.803205,0,0.642564,,0.26375594436273003,4.5,4.76375594436273
2034,267.34421346703084,0,0,0,0,,0,4.5,4.5
2035,293.3779319431257,0,0,0,0,,0,4.5,4.5
2036,321.9467885054471,0,0,0,0,,0,4.5,4.5
2037,353.29765242555686,0,0,0,0,,0,4.5,4.5
2038,387.70143286364146,0,0,0,0,,0,4.5,4.5
2039,425.45541984939433,0,0,0,0,,0,4.5,4.5
2040,466.88585322533044,0,0,0,0,,0,4.5,4.5
2041,512.3507417512926,0,0,0,0,,0,4.5,4.5
2042,562.2429567306021,0,0,0,0,,0,4.5,4.5
,,,,,,,,,
,,,,,,,,,
,Assumptions,,,,,,,,
,"Exchange Rate (Lari/USD):",2.746,(fixed),,,,,,
,"total investment",6.5,"billion USD",,,,,,
,"import content share",0,"(from SUT analysis)",,,,,,
,"demand multiplier",0.8,"(small open economy)",,,,,,
,"Project allocation",Bell-shaped,"(8 years: 2026-2033)",,,,,,
,,,,,,,,,
"SCENARIO 2: Demand Multiplier = 1.0",,,,,,,,,
Year,"Real GDP","Project Allocation (%)","Project Investment",Imports,"GDP impact",,,"Baseline GDP Growth","Projected Growth"
,,,,,I-M,Multiplier,"% of GDP",,
2020,56.2,0,0,0,0,,0,-6.8,-6.8
2021,65.3,0,0,0,0,,0,10.5,10.5
2022,79,0,0,0,0,,0,10.1,10.1
2023,91.5,0,0,0,0,,0,7,7
2024,103.5,0,0,0,0,,0,6,6
2025,115,0,0,0,0,,0,5.5,5.5
2026,127,0.045,0.803205,0,0.803205,,0.6324448818897637,5,5.632444881889763
2027,139.5,0.091,1.6242590000000001,0,1.6242590000000001,,1.1643433691756273,4.5,5.6643433691756275
2028,153.08437379406044,0.164,2.927236,0,2.927236,,1.9121716524365302,4.5,6.41217165243653
2029,167.99158064458507,0.2,3.5698000000000003,0,3.5698000000000003,,2.1249874465747918,4.5,6.624987446574792
2030,184.35043674301582,0.2,3.5698000000000003,0,3.5698000000000003,,1.9364206904355183,4.5,6.436420690435519
2031,202.30230227574285,0.164,2.927236,0,2.927236,,1.44696128866102,4.5,5.94696128866102
2032,222.00230294608474,0.091,1.6242590000000001,0,1.6242590000000001,,0.7316406084284928,4.5,5.231640608428493
2033,243.6206704468866,0.045,0.803205,0,0.803205,,0.32969493045341247,4.5,4.829694930453412
2034,267.34421346703084,0,0,0,0,,0,4.5,4.5
2035,293.3779319431257,0,0,0,0,,0,4.5,4.5
2036,321.9467885054471,0,0,0,0,,0,4.5,4.5
2037,353.29765242555686,0,0,0,0,,0,4.5,4.5
2038,387.70143286364146,0,0,0,0,,0,4.5,4.5
2039,425.45541984939433,0,0,0,0,,0,4.5,4.5
2040,466.88585322533044,0,0,0,0,,0,4.5,4.5
2041,512.3507417512926,0,0,0,0,,0,4.5,4.5
2042,562.2429567306021,0,0,0,0,,0,4.5,4.5
,,,,,,,,,
,Assumptions,,,,,,,,
,"total investment",6.5,,,,,,,
,"import content share",0,,,,,,,
,"demand multiplier",1,,,,,,,
,"Project allocation",Bell-shaped,,,,,,,
,"demand multiplier",1,,,,,,,
,"Project allocation",Bell-shaped,,,,,,,
,,,,,,,,,
,,,,,,,,,
"SCENARIO 3: Import Content Share = 0.5",,,,,,,,,
Year,"Real GDP","Project Allocation (%)","Project Investment",Imports,"GDP impact",,,"Baseline GDP Growth","Projected Growth"
,,,,,I-M,Multiplier,"% of GDP",,
2020,56.2,0,0,0,0,,0,-6.8,-6.8
2021,65.3,0,0,0,0,,0,10.5,10.5
2022,79,0,0,0,0,,0,10.1,10.1
2023,91.5,0,0,0,0,,0,7,7
2024,103.5,0,0,0,0,,0,6,6
2025,115,0,0,0,0,,0,5.5,5.5
2026,127,0.045,0.803205,0.4016025,0.321282,,0.2529779527559055,5,5.252977952755906
2027,139.5,0.091,1.6242590000000001,0.8121295000000001,0.6497036,,0.46573734767025093,4.5,4.965737347670251
2028,153.08437379406044,0.164,2.927236,1.463618,1.1708944000000001,,0.764868660974612,4.5,5.264868660974612
2029,167.99158064458507,0.2,3.5698000000000003,1.7849000000000002,1.4279200000000003,,0.8499949786299168,4.5,5.349994978629917
2030,184.35043674301582,0.2,3.5698000000000003,1.7849000000000002,1.4279200000000003,,0.7745682761742074,4.5,5.274568276174207
2031,202.30230227574285,0.164,2.927236,1.463618,1.1708944000000001,,0.5787845154644079,4.5,5.078784515464408
2032,222.00230294608474,0.091,1.6242590000000001,0.8121295000000001,0.6497036,,0.2926562433713971,4.5,4.792656243371397
2033,243.6206704468866,0.045,0.803205,0.4016025,0.321282,,0.13187797218136502,4.5,4.631877972181365
2034,267.34421346703084,0,0,0,0,,0,4.5,4.5
2035,293.3779319431257,0,0,0,0,,0,4.5,4.5
2036,321.9467885054471,0,0,0,0,,0,4.5,4.5
2037,353.29765242555686,0,0,0,0,,0,4.5,4.5
2038,387.70143286364146,0,0,0,0,,0,4.5,4.5
2039,425.45541984939433,0,0,0,0,,0,4.5,4.5
2040,466.88585322533044,0,0,0,0,,0,4.5,4.5
2041,512.3507417512926,0,0,0,0,,0,4.5,4.5
2042,562.2429567306021,0,0,0,0,,0,4.5,4.5
,,,,,,,,,
,Assumptions,,,,,,,,
,"total investment",6.5,,,,,,,
,"import content share",0.5,,,,,,,
,"demand multiplier",0.8,,,,,,,
,"Project allocation",Bell-shaped,,,,,,,
,"demand multiplier",0,,,,,,,
,"Project allocation",Bell-shaped,,,,,,,
