Year,"Real GDP Growth (%)","Real GDP (Bn GEL, 2015 prices)","Nominal GDP (Bn GEL)","GDP Deflator (Index)","Deflator Growth (%)",,"Avg Deflator Growth (2022-2025)"
2020,-0.063,37.52260397830018,49.8,1.3272,0,,0.049424353585914335
2021,0.10599999999999996,41.5,60.7,1.4626506024096386,0.10205741592046315,,
2022,0.10800000000000033,45.98200000000001,72.9,1.58540298377626,0.08392460999530126,,
2023,0.07799999999999982,49.56859600000001,80.2,1.6179598873448018,0.02053541206980369,,
2024,0.07600000000000001,53.33580929600001,90.5,1.696796227422899,0.04872576922007239,,
2025,0.060000000000000164,56.53595785376002,100.2,1.772323381504998,0.04451162305848,,
2026,0.05,59.36275574644802,110.40993624077404,1.859919318981084,0.049424353585914335,,
2027,0.05,62.33089353377043,121.66021976738313,1.951844629043678,0.049424353585914335,,
2028,0.05,65.44743821045896,134.05685736083163,2.0483132881343002,0.049424353585914335,,
2029,0.05,68.7198101209819,147.7166574236323,2.1495498483417763,0.049424353585914335,,
2030,0.05,72.155800627031,162.76833061720066,2.255789960096769,0.049424353585914335,,
2031,0.05,75.76359065838255,179.3537026493249,2.367280920700147,0.049424353585914335,,
2032,0.05,79.55177019130169,197.62905063930845,2.4842822499620194,0.049424353585914335,,
2033,0.05,83.52935870086677,217.7665756528019,2.6070662942913527,0.049424353585914335,,
2034,0.05,87.70582663591011,239.9560252814127,2.7359188606423275,0.049424353585914335,,
2035,0.05,92.09111796770563,264.40648155599143,2.8711398817930855,0.049424353585914335,,
2036,0.05,96.69567386609091,291.3483310403634,3.013044114505447,0.049424353585914335,,
2037,0.05,101.53045755939546,321.0354356688867,3.161961872190722,0.049424353585914335,,
2038,0.05,106.60698043736524,353.74752478274354,3.318239793787056,0.049424353585914335,,
2039,0.05,111.93732945923351,389.7928309041352,3.4822416506380383,0.049424353585914335,,
2040,0.05,117.53419593219519,429.5109940841955,3.6543491932507703,0.049424353585914335,,
2041,0.05,123.41090572880495,473.27626219109277,3.834963039904397,0.049424353585914335,,
2042,0.05,129.5814510152452,521.5010172933174,4.024503609177544,0.049424353585914335,,
2043,0.05,136.06052356600745,574.639661365808,4.223412098565323,0.049424353585914335,,
