Year,"Real GDP (Base)","Project Alloc (%)","Proj Inv (Nom GEL)",Deflator,"Proj Inv (Real GEL)","Import Leakage","Net Demand (Real)","GDP Impact (Real)","Proj GDP (Real)","Proj Growth (%)"
2020,37.52260397830018,0,0,1.3272,0,0,0,0,37.52260397830018,0
2021,41.5,0,0,1.4626506024096386,0,0,0,0,41.5,0.10599999999999987
2022,45.98200000000001,0,0,1.58540298377626,0,0,0,0,45.98200000000001,0.10800000000000032
2023,49.56859600000001,0,0,1.6179598873448018,0,0,0,0,49.56859600000001,0.07799999999999985
2024,53.33580929600001,0,0,1.696796227422899,0,0,0,0,53.33580929600001,0.07600000000000007
2025,56.53595785376002,0,0,1.772323381504998,0,0,0,0,56.53595785376002,0.060000000000000275
2026,59.36275574644802,0.05,0.8924500000000001,1.859919318981084,0.4798326416056096,0.28789958496336576,0.19193305664224386,0.1535464453137951,59.51630219176182,0.052715907736293754
2027,62.33089353377043,0.1,1.7849000000000002,1.951844629043678,0.9144682796163578,0.5486809677698147,0.3657873118465431,0.2926298494772345,62.623523383247665,0.05220790064332914
2028,65.44743821045896,0.15,2.67735,2.0483132881343002,1.3070998540651249,0.7842599124390749,0.52283994162605,0.41827195330084,65.8657101637598,0.05177266632971733
2029,68.7198101209819,0.2,3.5698000000000003,2.1495498483417763,1.6607198026851273,0.9964318816110763,0.664287921074051,0.5314303368592408,69.25124045784115,0.05140049785638112
2030,72.155800627031,0.2,3.5698000000000003,2.255789960096769,1.5825054917111445,0.9495032950266866,0.6330021966844579,0.5064017573475663,72.66220238437856,0.04925488560185354
2031,75.76359065838255,0.15,2.67735,2.367280920700147,1.1309811085741979,0.6785886651445187,0.4523924434296792,0.3619139547437434,76.1255046131263,0.04766305059716025
2032,79.55177019130169,0.1,1.7849000000000002,2.4842822499620194,0.718477137622864,0.4310862825737184,0.28739085504914563,0.22991268403931653,79.781682875341,0.04802829591469493
2033,83.52935870086677,0.05,0.8924500000000001,2.6070662942913527,0.34231964179590757,0.20539178507754455,0.13692785671836302,0.10954228537469042,83.63890098624145,0.04834716405929118
2034,87.70582663591011,0,0,2.7359188606423275,0,0,0,0,87.70582663591011,0.04862480976809658
2035,92.09111796770563,0,0,2.8711398817930855,0,0,0,0,92.09111796770563,0.050000000000000044
2036,96.69567386609091,0,0,3.013044114505447,0,0,0,0,96.69567386609091,0.050000000000000044
2037,101.53045755939546,0,0,3.161961872190722,0,0,0,0,101.53045755939546,0.050000000000000044
2038,106.60698043736524,0,0,3.318239793787056,0,0,0,0,106.60698043736524,0.050000000000000044
2039,111.93732945923351,0,0,3.4822416506380383,0,0,0,0,111.93732945923351,0.050000000000000044
2040,117.53419593219519,0,0,3.6543491932507703,0,0,0,0,117.53419593219519,0.050000000000000044
2041,123.41090572880495,0,0,3.834963039904397,0,0,0,0,123.41090572880495,0.050000000000000044
2042,129.5814510152452,0,0,4.024503609177544,0,0,0,0,129.5814510152452,0.050000000000000044
2043,136.06052356600745,0,0,4.223412098565323,0,0,0,0,136.06052356600745,0.050000000000000044
,,,,,,,,,,
,,,,,,,,,,
,,,,,,,,,,
,,,,,,,,,,
,,"Exchange Rate (GEL/USD)",2.746,,,,,,,
,,"Demand Multiplier",0.8,,,,,,,
,,"Project Allocation","Bell Shape",,,,,,,
,,,,,,,,,,
,,,,,,,,,,
"Scenario 2: Multiplier = 1",,,,,,,,,,
Year,"Real GDP (Base)","Project Alloc (%)","Proj Inv (Nom GEL)",Deflator,"Proj Inv (Real GEL)","Import Leakage","Net Demand (Real)","GDP Impact (Real)","Proj GDP (Real)","Proj Growth (%)"
2020,37.52260397830018,0,0,1.3272,0,0,0,0,37.52260397830018,0
2021,41.5,0,0,1.4626506024096386,0,0,0,0,41.5,0.10599999999999987
2022,45.98200000000001,0,0,1.58540298377626,0,0,0,0,45.98200000000001,0.10800000000000032
2023,49.56859600000001,0,0,1.6179598873448018,0,0,0,0,49.56859600000001,0.07799999999999985
2024,53.33580929600001,0,0,1.696796227422899,0,0,0,0,53.33580929600001,0.07600000000000007
2025,56.53595785376002,0,0,1.772323381504998,0,0,0,0,56.53595785376002,0.060000000000000275
2026,59.36275574644802,0.05,0.8924500000000001,1.859919318981084,0.4798326416056096,0.28789958496336576,0.19193305664224386,0.19193305664224386,59.554688803090265,0.053394884670367126
2027,62.33089353377043,0.1,1.7849000000000002,1.951844629043678,0.9144682796163578,0.5486809677698147,0.3657873118465431,0.3657873118465431,62.696680845616974,0.05275809689670763
2028,65.44743821045896,0.15,2.67735,2.0483132881343002,1.3070998540651249,0.7842599124390749,0.52283994162605,0.52283994162605,65.970278152085,0.052213247373156246
2029,68.7198101209819,0.2,3.5698000000000003,2.1495498483417763,1.6607198026851273,0.9964318816110763,0.664287921074051,0.664287921074051,69.38409804205595,0.05174784744882954
2030,72.155800627031,0.2,3.5698000000000003,2.255789960096769,1.5825054917111445,0.9495032950266866,0.6330021966844579,0.6330021966844579,72.78880282371546,0.04907039044588868
2031,75.76359065838255,0.15,2.67735,2.367280920700147,1.1309811085741979,0.6785886651445187,0.4523924434296792,0.4523924434296792,76.21598310181223,0.047083894021405115
2032,79.55177019130169,0.1,1.7849000000000002,2.4842822499620194,0.718477137622864,0.4310862825737184,0.28739085504914563,0.28739085504914563,79.83916104635082,0.04753829573645496
2033,83.52935870086677,0.05,0.8924500000000001,2.6070662942913527,0.34231964179590757,0.20539178507754455,0.13692785671836302,0.13692785671836302,83.66628655758512,0.047935442470549594
2034,87.70582663591011,0,0,2.7359188606423275,0,0,0,0,87.70582663591011,0.04828157486761042
2035,92.09111796770563,0,0,2.8711398817930855,0,0,0,0,92.09111796770563,0.050000000000000044
2036,96.69567386609091,0,0,3.013044114505447,0,0,0,0,96.69567386609091,0.050000000000000044
2037,101.53045755939546,0,0,3.161961872190722,0,0,0,0,101.53045755939546,0.050000000000000044
2038,106.60698043736524,0,0,3.318239793787056,0,0,0,0,106.60698043736524,0.050000000000000044
2039,111.93732945923351,0,0,3.4822416506380383,0,0,0,0,111.93732945923351,0.050000000000000044
2040,117.53419593219519,0,0,3.6543491932507703,0,0,0,0,117.53419593219519,0.050000000000000044
2041,123.41090572880495,0,0,3.834963039904397,0,0,0,0,123.41090572880495,0.050000000000000044
2042,129.5814510152452,0,0,4.024503609177544,0,0,0,0,129.5814510152452,0.050000000000000044
2043,136.06052356600745,0,0,4.223412098565323,0,0,0,0,136.06052356600745,0.050000000000000044
,,,,,,,,,,
,,,,,,,,,,
,,,,,,,,,,
"Scenario 3: Import Share = 0.5",,,,,,,,,,
Year,"Real GDP (Base)","Project Alloc (%)","Proj Inv (Nom GEL)",Deflator,"Proj Inv (Real GEL)","Import Leakage","Net Demand (Real)","GDP Impact (Real)","Proj GDP (Real)","Proj Growth (%)"
2020,37.52260397830018,0,0,1.3272,0,0,0,0,37.52260397830018,0
2021,41.5,0,0,1.4626506024096386,0,0,0,0,41.5,0.10599999999999987
2022,45.98200000000001,0,0,1.58540298377626,0,0,0,0,45.98200000000001,0.10800000000000032
2023,49.56859600000001,0,0,1.6179598873448018,0,0,0,0,49.56859600000001,0.07799999999999985
2024,53.33580929600001,0,0,1.696796227422899,0,0,0,0,53.33580929600001,0.07600000000000007
2025,56.53595785376002,0,0,1.772323381504998,0,0,0,0,56.53595785376002,0.060000000000000275
2026,59.36275574644802,0.05,0.8924500000000001,1.859919318981084,0.4798326416056096,0.2399163208028048,0.2399163208028048,0.19193305664224386,59.554688803090265,0.053394884670367126
2027,62.33089353377043,0.1,1.7849000000000002,1.951844629043678,0.9144682796163578,0.4572341398081789,0.4572341398081789,0.3657873118465431,62.696680845616974,0.05275809689670763
2028,65.44743821045896,0.15,2.67735,2.0483132881343002,1.3070998540651249,0.6535499270325624,0.6535499270325624,0.52283994162605,65.970278152085,0.052213247373156246
2029,68.7198101209819,0.2,3.5698000000000003,2.1495498483417763,1.6607198026851273,0.8303599013425637,0.8303599013425637,0.664287921074051,69.38409804205595,0.05174784744882954
2030,72.155800627031,0.2,3.5698000000000003,2.255789960096769,1.5825054917111445,0.7912527458555723,0.7912527458555723,0.6330021966844579,72.78880282371546,0.04907039044588868
2031,75.76359065838255,0.15,2.67735,2.367280920700147,1.1309811085741979,0.5654905542870989,0.5654905542870989,0.45239244342967916,76.21598310181223,0.047083894021405115
2032,79.55177019130169,0.1,1.7849000000000002,2.4842822499620194,0.718477137622864,0.359238568811432,0.359238568811432,0.28739085504914563,79.83916104635082,0.04753829573645496
2033,83.52935870086677,0.05,0.8924500000000001,2.6070662942913527,0.34231964179590757,0.17115982089795378,0.17115982089795378,0.13692785671836302,83.66628655758512,0.047935442470549594
2034,87.70582663591011,0,0,2.7359188606423275,0,0,0,0,87.70582663591011,0.04828157486761042
2035,92.09111796770563,0,0,2.8711398817930855,0,0,0,0,92.09111796770563,0.050000000000000044
2036,96.69567386609091,0,0,3.013044114505447,0,0,0,0,96.69567386609091,0.050000000000000044
2037,101.53045755939546,0,0,3.161961872190722,0,0,0,0,101.53045755939546,0.050000000000000044
2038,106.60698043736524,0,0,3.318239793787056,0,0,0,0,106.60698043736524,0.050000000000000044
2039,111.93732945923351,0,0,3.4822416506380383,0,0,0,0,111.93732945923351,0.050000000000000044
2040,117.53419593219519,0,0,3.6543491932507703,0,0,0,0,117.53419593219519,0.050000000000000044
2041,123.41090572880495,0,0,3.834963039904397,0,0,0,0,123.41090572880495,0.050000000000000044
2042,129.5814510152452,0,0,4.024503609177544,0,0,0,0,129.5814510152452,0.050000000000000044
2043,136.06052356600745,0,0,4.223412098565323,0,0,0,0,136.06052356600745,0.050000000000000044
