"SUT Calculation",,"Total Supply","Total Imports"
,,,
,,1000,400
,,1010,404
,,1020,408
,,1030,412
,,1040,416
,,1050,420
,,1060,424
,,1070,428
,,1080,432
,,1090,436
,,1100,440
,,1110,444
,,1120,448
,,1130,452
,,1140,456
,,1150,460
,,1160,464
,,1170,468
,,1180,472
,,1190,476
,,1200,480
,,1210,484
,,1220,488
,,1230,492
,,1240,496
,,1250,500
,,1260,504
,,1270,508
,,1280,512
,,1290,516
,,1300,520
,,1310,524
,,1320,528
,,1330,532
,,1340,536
,,1350,540
,,1360,544
,,1370,548
,,,
,,45030,18012
,,,
,,,
,,,
,"Import Content Share",0.4,
