Year,"Real GDP Growth (%)","GDP Deflator Growth (%)","GDP Deflator Index","Real GDP Index"
2020,-0.068,0.0005,100,100
2021,0.105,0.0005,100.05,110.5
2022,0.11,0.08199999999999999,108.25410000000001,122.65500000000002
2023,0.075,0.029,111.3934689,131.854125
2024,0.076,0.04099999999999999,115.9606011249,141.87503850000002
2025,0.06,0.047,121.41074937777029,150.38754081000002
2026,0.05,0.038,126.02435785412557,157.90691785050004
2027,0.05,0.04975,132.2940696573683,165.80226374302504
2028,0.05,0.04975,138.87569962282237,174.0923769301763
2029,0.05,0.04975,145.78476567905778,182.79699577668512
2030,0.05,0.04975,153.0375577715909,191.93684556551938
2031,0.05,0.04975,160.65117627072755,201.53368784379535
2032,0.05,0.04975,168.64357229019623,211.61037223598512
2033,0.05,0.04975,177.0335900116335,222.1908908477844
2034,0.05,0.04975,185.84101111471224,233.30043539017362
2035,0.05,0.04975,195.08660141766916,244.9654571596823
2036,0.05,0.04975,204.7921598381982,257.2137300176664
2037,0.05,0.04975,214.98056979014854,270.07441651854975
2038,0.05,0.04975,225.6758531372084,283.5781373444772
2039,0.05,0.04975,236.90322683078452,297.7570442117011
2040,0.05,0.04975,248.68916236561603,312.6448964222862
2041,0.05,0.04975,261.0614481933054,328.27714124340054
2042,0.05,0.04975,274.0492552409223,344.6909983055706
2043,0.05,0.04975,287.68320568915817,361.9255482208491
