Year,"Real GDP (Index)","Real GDP Growth","Project Allocation (%)","Project Investment (USD)","Project Investment (Nominal GEL)","Project Investment (Real GEL)","Imports (Real GEL)","GDP impact (Real GEL)","Baseline GDP Growth","Projected Growth"
2020,50000000000,,0,0,0,0,0,0,-0.068,
2021,55250000000,,0,0,0,0,0,0,0.105,0.105
2022,61327500000.00001,,0,0,0,0,0,0,0.11,0.11000000000000014
2023,65927062500.00001,,0,0,0,0,0,0,0.075,0.075
2024,70937519250.00002,,0,0,0,0,0,0,0.076,0.07600000000000011
2025,75193770405.00002,,0,0,0,0,0,0,0.06,0.059999999999999984
2026,78953458925.25002,,0.05,325000000,892450000,708156752.5485983,283262701.01943934,339915241.22332716,0.05,0.05452052396618117
2027,82901131871.51251,,0.1,650000000,1784900000,1349191240.8642025,539676496.3456811,647611795.6148171,0.05,0.05366614228977076
2028,87046188465.08813,,0.15,975000000,2677350000,1927875076.2527306,771150030.5010923,925380036.6013107,0.05,0.05293705973824596
2029,91398497888.34254,,0.2,1300000000,3569800000,2448678353.5797167,979471341.4318867,1175365609.718264,0.05,0.05231570920874246
2030,95968422782.75967,,0.2,1300000000,3569800000,2332630010.554624,933052004.2218497,1119662405.0662196,0.05,0.04876345783990805
2031,100766843921.89766,,0.15,975000000,2677350000,1666561093.5136635,666624437.4054655,799949324.8865585,0.05,0.04613035729661201
2032,105805186117.99255,,0.1,650000000,1784900000,1058386024.3001753,423354409.7200701,508025291.6640842,0.05,0.04673198799670385
2033,111095445423.89218,,0.05,325000000,892450000,504113371.89815444,201645348.7592618,241974418.51111412,0.05,0.04725855202874908
2034,116650217695.08679,,0,0,0,0,0,0,0.05,0.04771798969478276
2035,122482728579.84114,,0,0,0,0,0,0,0.05,0.05000000000000008
2036,128606865008.8332,,0,0,0,0,0,0,0.05,0.050000000000000065
2037,135037208259.27487,,0,0,0,0,0,0,0.05,0.050000000000000044
2038,141789068672.23862,,0,0,0,0,0,0,0.05,0.05000000000000001
2039,148878522105.85056,,0,0,0,0,0,0,0.05,0.05000000000000005
2040,156322448211.1431,,0,0,0,0,0,0,0.05,0.05000000000000009
2041,164138570621.70026,,0,0,0,0,0,0,0.05,0.05000000000000003
2042,172345499152.78528,,0,0,0,0,0,0,0.05,0.05000000000000006
2043,180962774110.42456,,0,0,0,0,0,0,0.05,0.05000000000000011
,,,,,,,,,,
,,,,,,,,,,
,,,,,,,,,,
,,,,,,,,,,
,,"Total Investment (USD)",6500000000,,,,,,,
,,"Import Content Share",0.4,,,,,,,
,,"Demand Multiplier",0.8,,,,,,,
,,"Project Allocation","Bell Shape",,,,,,,
,,"Exchange Rate",2.746,,,,,,,
,,,,,,,,,,
,,,,,,,,,,
,,,,,,,,,,
,,,,,,,,,,
,,,,,,,,,,
,,,,,,,,,,
,,,,,,,,,,
,,,,,,,,,,
,,,,,,,,,,
,,,,,,,,,,
,,,,,,,,,,
,,,,,,,,,,
,,,,,,,,,,
,,,,,,,,,,
,,,,,,,,,,
"SCENARIO 2 (Multiplier = 1)",,,,,,,,,,
,,"Demand Multiplier",1,,,,,,,
,,"Import Content Share",0.4,,,,,,,
,,,,,,,,,,
Year,"Real GDP (Index)","Real GDP Growth","Project Allocation (%)","Project Investment (USD)","Project Investment (Nominal GEL)","Project Investment (Real GEL)","Imports (Real GEL)","GDP impact (Real GEL)","Baseline GDP Growth","Projected Growth"
2020,50000000000,,0,0,0,0,0,0,-0.068,
2021,55250000000,,0,0,0,0,0,0,0.105,0.105
2022,61327500000.00001,,0,0,0,0,0,0,0.11,0.11000000000000014
2023,65927062500.00001,,0,0,0,0,0,0,0.075,0.075
2024,70937519250.00002,,0,0,0,0,0,0,0.076,0.07600000000000011
2025,75193770405.00002,,0,0,0,0,0,0,0.06,0.059999999999999984
2026,78953458925.25002,,0.05,325000000,892450000,708156752.5485983,283262701.01943934,424894051.52915895,0.05,0.05565065495772646
2027,82901131871.51251,,0.1,650000000,1784900000,1349191240.8642025,539676496.3456811,809514744.5185214,0.05,0.05457777185826975
2028,87046188465.08813,,0.15,975000000,2677350000,1927875076.2527306,771150030.5010923,1156725045.7516384,0.05,0.05366422404325853
2029,91398497888.34254,,0.2,1300000000,3569800000,2448678353.5797167,979471341.4318867,1469207012.14783,0.05,0.05288704424800345
2030,95968422782.75967,,0.2,1300000000,3569800000,2332630010.554624,933052004.2218497,1399578006.3327744,0.05,0.04845921295701492
2031,100766843921.89766,,0.15,975000000,2677350000,1666561093.5136635,666624437.4054655,999936656.108198,0.05,0.0451768522847824
2032,105805186117.99255,,0.1,650000000,1784900000,1058386024.3001753,423354409.7200701,635031614.5801052,0.05,0.04592301267685813
2033,111095445423.89218,,0.05,325000000,892450000,504113371.89815444,201645348.7592618,302468023.13889265,0.05,0.0465772789653103
2034,116650217695.08679,,0,0,0,0,0,0,0.05,0.04714903614916593
2035,122482728579.84114,,0,0,0,0,0,0,0.05,0.05000000000000008
2036,128606865008.8332,,0,0,0,0,0,0,0.05,0.050000000000000065
2037,135037208259.27487,,0,0,0,0,0,0,0.05,0.050000000000000044
2038,141789068672.23862,,0,0,0,0,0,0,0.05,0.05000000000000001
2039,148878522105.85056,,0,0,0,0,0,0,0.05,0.05000000000000005
2040,156322448211.1431,,0,0,0,0,0,0,0.05,0.05000000000000009
2041,164138570621.70026,,0,0,0,0,0,0,0.05,0.05000000000000003
2042,172345499152.78528,,0,0,0,0,0,0,0.05,0.05000000000000006
2043,180962774110.42456,,0,0,0,0,0,0,0.05,0.05000000000000011
,,,,,,,,,,
,,,,,,,,,,
,,,,,,,,,,
,,,,,,,,,,
,,,,,,,,,,
,,,,,,,,,,
"SCENARIO 3 (Import Share = 0.5)",,,,,,,,,,
,,"Demand Multiplier",0.8,,,,,,,
,,"Import Content Share",0.5,,,,,,,
,,,,,,,,,,
Year,"Real GDP (Index)","Real GDP Growth","Project Allocation (%)","Project Investment (USD)","Project Investment (Nominal GEL)","Project Investment (Real GEL)","Imports (Real GEL)","GDP impact (Real GEL)","Baseline GDP Growth","Projected Growth"
2020,50000000000,,0,0,0,0,0,0,-0.068,
2021,55250000000,,0,0,0,0,0,0,0.105,0.105
2022,61327500000.00001,,0,0,0,0,0,0,0.11,0.11000000000000014
2023,65927062500.00001,,0,0,0,0,0,0,0.075,0.075
2024,70937519250.00002,,0,0,0,0,0,0,0.076,0.07600000000000011
2025,75193770405.00002,,0,0,0,0,0,0,0.06,0.059999999999999984
2026,78953458925.25002,,0.05,325000000,892450000,708156752.5485983,354078376.27429914,283262701.01943934,0.05,0.05376710330515097
2027,82901131871.51251,,0.1,650000000,1784900000,1349191240.8642025,674595620.4321012,539676496.3456811,0.05,0.05305730291843572
2028,87046188465.08813,,0.15,975000000,2677350000,1927875076.2527306,963937538.1263653,771150030.5010923,0.05,0.052450715822845426
2029,91398497888.34254,,0.2,1300000000,3569800000,2448678353.5797167,1224339176.7898583,979471341.4318867,0.05,0.05193314682856462
2030,95968422782.75967,,0.2,1300000000,3569800000,2332630010.554624,1166315005.277312,933052004.2218497,0.05,0.04896736305120157
2031,100766843921.89766,,0.15,975000000,2677350000,1666561093.5136635,833280546.7568318,666624437.4054655,0.05,0.04676908769741936
2032,105805186117.99255,,0.1,650000000,1784900000,1058386024.3001753,529193012.15008765,423354409.7200701,0.05,0.04727307708166042
2033,111095445423.89218,,0.05,325000000,892450000,504113371.89815444,252056685.94907722,201645348.7592618,0.05,0.04771363910075129
2034,116650217695.08679,,0,0,0,0,0,0,0.05,0.04809763566390317
2035,122482728579.84114,,0,0,0,0,0,0,0.05,0.05000000000000008
2036,128606865008.8332,,0,0,0,0,0,0,0.05,0.050000000000000065
2037,135037208259.27487,,0,0,0,0,0,0,0.05,0.050000000000000044
2038,141789068672.23862,,0,0,0,0,0,0,0.05,0.05000000000000001
2039,148878522105.85056,,0,0,0,0,0,0,0.05,0.05000000000000005
2040,156322448211.1431,,0,0,0,0,0,0,0.05,0.05000000000000009
2041,164138570621.70026,,0,0,0,0,0,0,0.05,0.05000000000000003
2042,172345499152.78528,,0,0,0,0,0,0,0.05,0.05000000000000006
2043,180962774110.42456,,0,0,0,0,0,0,0.05,0.05000000000000011
