Year,"Real GDP Growth (%)","GDP Deflator Growth (%)","GDP Deflator Index (2020=100)"
2020,-6.8,5,100
2021,10.5,10.3,110.3
2022,10.4,8.6,119.78580000000001
2023,7.5,2.9,123.2595882
2024,6,3.8,127.9434525516
2025,7.5,3.9,132.93324720111238
2026,5.3,4.8,139.31404306676578
2027,5,4.8,146.00111713397055
2028,5,4.8,153.00917075640115
2029,5,4.8,160.3536109527084
2030,5,4.8,168.0505842784384
2031,5,4.8,176.11701232380346
2032,5,4.8,184.57062891534605
2033,5,4.8,193.43001910328266
2034,5,4.8,202.71466002024025
2035,5,4.8,212.44496370121178
2036,5,4.8,222.64232195886996
2037,5,4.8,233.32915341289572
2038,5,4.8,244.52895277671473
2039,5,4.8,256.26634250999706
2040,5,4.8,268.5671269504769
2041,5,4.8,281.4583490440998
2042,5,4.8,294.9683497982166
2043,5,4.8,309.126830588531
