Year,"Real GDP Growth (Base)","GDP Deflator","Inv (USD bn)","Inv (GEL bn, Nom)","Inv (GEL bn, Real)","GDP Impact (Real)",,,"Baseline GDP Growth","Projected Growth"
2020,-6.8,100,0,0,0,0,Multiplier,"% of GDP",,
2021,10.5,110.3,0,0,0,0,,,,
2022,10.4,119.78580000000001,0,0,0,0,,,,
2023,7.5,123.2595882,0,0,0,0,,,,
2024,6,127.9434525516,0,0,0,0,,,,
2025,7.5,132.93324720111238,0,0,0,0,,,,
2026,5.3,139.31404306676578,0.325,0.8924500000000001,0.6406030435656056,0.3523316739610831,,,,
2027,5,146.00111713397055,0.65,1.7849000000000002,1.2225248923007739,0.6723886907654257,,,,
2028,5,153.00917075640115,0.975,2.67735,1.7497970786747716,0.9623883932711245,,,,
2029,5,160.3536109527084,1.3,3.5698000000000003,2.226204934700727,1.2244127140854,,,,
2030,5,168.0505842784384,1.3,3.5698000000000003,2.124241349905274,1.1683327424479009,,,,
2031,5,176.11701232380346,0.975,2.67735,1.5202108897222857,0.8361159893472572,,,,
2032,5,184.57062891534605,0.65,1.7849000000000002,0.9670552733602324,0.5318804003481279,,,,
2033,5,193.43001910328266,0.325,0.8924500000000001,0.4613813327100346,0.25375973299051907,,,,
2034,5,202.71466002024025,0,0,0,0,,,,
2035,5,212.44496370121178,0,0,0,0,,,,
2036,5,222.64232195886996,0,0,0,0,,,,
2037,5,233.32915341289572,0,0,0,0,,,,
2038,5,244.52895277671473,0,0,0,0,,,,
2039,5,256.26634250999706,0,0,0,0,,,,
2040,5,268.5671269504769,0,0,0,0,,,,
2041,5,281.4583490440998,0,0,0,0,,,,
2042,5,294.9683497982166,0,0,0,0,,,,
2043,5,309.126830588531,0,0,0,0,,,,
,,,,,,,,,,
,,,,,,,,,,
,,Assumptions,,,,,,,,
,,,,,,,,,,
,,"Exchange Rate (GEL/USD)",2.746,,,,,,,
,,"Demand Multiplier",1,,,,,,,
,,"Import Content Share",0.45,,,,,,,
,,"Total Investment (USD Billion)",6.5,,,,,,,
