Date,"Gold Price","Monthly Log Return (%)","3-Month Volatility","12-Month Volatility"
1990M1,409.819061279297,,,
1990M2,417.181060791016,0.773242987541056,,
1990M3,392.703338623047,-2.62599905748349,,
1990M4,374.292114257813,-2.08539161884119,1.82660407570005,
1990M5,369.197631835938,-0.59517706691937,1.53396125303499,
1990M6,352.527618408203,-2.00657596365073,0.866947590361568,
1990M7,362.498565673828,1.21131454957317,1.54664963281854,
1990M8,394.631805419922,3.68857918632971,2.45853069368293,
1990M9,389.755004882813,-0.540038365171411,2.4499256378948,
1990M10,380.995208740234,-0.987218653779902,2.12096454881012,
1990M11,381.794097900391,0.0909696236548789,2.13009619614481,
1990M12,376.682342529297,-0.585394784774953,0.445497820194101,
1991M1,383.702270507813,0.801910652014518,0.785942024467753,1.72876345002618
1991M2,364.391662597656,-2.2425937473946,1.30218904734087,1.74601873868836
1991M3,362.760803222656,-0.194807677397854,1.26752269275489,1.71247957364001
1991M4,358.323333740234,-0.53452648285686,1.26737422509139,1.5863388495178
1991M5,356.964294433594,-0.165031228989549,0.986576987738938,1.49353869729809
1991M6,366.910003662109,1.19347750716104,0.76440073345474,1.53184055801497
1991M7,367.792266845703,0.104304078476124,0.743584520528748,1.41090588350316
1991M8,356.669525146484,-1.33365900024238,1.03779549456008,1.42658681087373
1991M9,348.742858886719,-0.976068013210643,1.1417259754435,0.89395607072799
1991M10,358.814361572266,1.23644939478357,1.15993018634589,1.00214699928952
1991M11,359.589996337891,0.0937783925894901,1.15889342401059,0.982907893188157
1991M12,361.532012939453,0.233915792867453,0.905275029886634,0.987141911409862
1992M1,354.700958251953,-0.828439749084589,0.845244634607658,0.997660554150406
1992M2,353.779998779297,-0.112908565387603,0.472027153017117,0.952265433936417
1992M3,344.183319091797,-1.19434577604326,0.652188372469995,0.804315211957308
1992M4,338.691589355469,-0.698540628820346,0.449169601893023,0.816575050445623
1992M5,337.098937988281,-0.204702774882494,0.499165083827414,0.811410645505757
1992M6,341.021911621094,0.502490023403374,0.724047641822991,0.83486311823082
1992M7,352.254486083984,1.40742481724042,0.914668652294967,0.865168752511991
1992M8,342.892852783203,-1.16980998805337,1.09118217663148,0.906821146141734
1992M9,345.006500244141,0.266884483524264,1.067632379729,0.852108585117181
1992M10,344.892395019531,-0.014365951357955,1.05840698764073,0.811533997713662
1992M11,335.050537109375,-1.25732996729136,0.782841656906876,0.779516531984648
1992M12,334.80712890625,-0.0315621808879581,0.679409291964658,0.775959613063716
1993M1,329.030548095703,-0.755847575897618,0.603712876238358,0.774292959731513
1993M2,329.299987792969,0.0355493703794422,0.617854530961296,0.763526559353741
1993M3,330.096954345703,0.104980269858752,0.39998869681972,0.769115824918715
1993M4,342.05712890625,1.54571287937034,0.958542259616989,0.85402060890873
1993M5,366.667999267578,3.01743627157862,1.41129798774245,1.17121152503349
1993M6,371.809997558594,0.604805446913544,1.28062483634069,1.16565592091497
1993M7,392.399993896484,2.34079286627728,1.03986036079596,1.29319181936403
1993M8,378.700012207031,-1.54336728328627,2.03704363655092,1.37132180454711
1993M9,354.399993896484,-2.88016133843464,2.30769316842202,1.58365043686594
1993M10,362.380004882813,0.967052077301596,2.36506697242325,1.60122920712038
1993M11,374.167510986328,1.3901848446129,2.03942191006541,1.63520685010171
1993M12,383.302001953125,1.04750125880122,2.0159031581522,1.57955528254269
1994M1,387.077514648438,0.42568563215022,0.399263538894379,1.57302871389375
1994M2,382.304992675781,-0.538797418055912,0.846654645275438,1.55986171065656
1994M3,383.877502441406,0.17826908790436,0.656010010539708,1.55680952407454
1994M4,377.321044921875,-0.748163209491285,0.561668556904025,1.59297325930917
1994M5,381.589996337891,0.488595236459603,0.58435895424756,1.55881113845195
1994M6,385.743194580078,0.470129199123736,0.581227887443946,1.34279241864265
1994M7,385.399993896484,-0.0386569382025496,0.581263435634979,1.33725434898668
1994M8,380.761352539063,-0.525884259156079,0.482683566302239,1.1658931371976
1994M9,391.928100585938,1.25535419286662,0.761147714857148,1.13527196661338
1994M10,389.594451904297,-0.259363918326504,0.790505181940979,0.713470568405726
1994M11,384.441253662109,-0.578277878076106,0.866259788209874,0.724659688478063
1994M12,379.399993896484,-0.573266524863905,0.875628218816573,0.656780999392601
1995M1,378.549987792969,-0.0974083050372643,0.23877679362782,0.584092388518047
1995M2,376.505249023438,-0.235220124845746,0.2430119670592,0.568580104511554
1995M3,381.661895751953,0.59077678814937,0.489095676474571,0.580873616939995
1995M4,391.04443359375,1.05473050609396,0.604256515839363,0.650667248557698
1995M5,385.219055175781,-0.651834649386134,0.774139956100999,0.641153613083276
1995M6,387.490478515625,0.255327369707186,0.721469304190596,0.631631712790004
1995M7,386.240478515625,-0.140324894523422,0.719993824470309,0.620489960719934
1995M8,383.697631835938,-0.286866770649953,0.375252851665988,0.625718864002592
1995M9,383.217498779297,-0.0543786805077513,0.229009647320158,0.607010220919561
1995M10,383.069030761719,-0.016828911665376,0.119893589426709,0.480976801049252
1995M11,385.676300048828,0.294590929020056,0.23896239322941,0.487903260333774
1995M12,387.557678222656,0.211339334437104,0.170726323561757,0.462981296292122
1996M1,400.070587158203,1.38002781259007,0.622574532953147,0.558957717391709
1996M2,404.484222412109,0.476496229159457,0.537796728519593,0.558122464103122
1996M3,396.326324462891,-0.884866624642048,0.932614309181415,0.627218129231557
1996M4,393.144989013672,-0.350017508106963,0.990019793606268,0.629069715712301
1996M5,391.94287109375,-0.132997493339256,0.563203991332934,0.561300820146818
1996M6,385.272491455078,-0.745476823696236,0.347541001404,0.570986859493163
1996M7,383.586364746094,-0.190484038396371,0.276192763265992,0.567782888128247
1996M8,387.471435546875,0.437653075754193,0.483601703355983,0.581219048412819
1996M9,382.964996337891,-0.508061125029713,0.512670000615573,0.59375637179543
1996M10,381.072723388672,-0.215121677681848,0.398154304415782,0.596506469823064
1996M11,378.516662597656,-0.292286150254919,0.407392952947317,0.601305622764311
1996M12,368.977661132813,-1.10849285999298,0.404469863539038,0.659373754248268
1997M1,355.200012207031,-1.65271016057726,0.688225158318071,0.768413992794088
1997M2,346.713195800781,-1.05026009424567,0.559313641017319,0.60649843327926
1997M3,351.805267333984,0.633196646801816,0.989755377048798,0.628221933474339
1997M4,344.583343505859,-0.900805689551734,0.973105113112654,0.629122142897033
1997M5,343.702789306641,-0.111122401031846,0.778305666921709,0.636284049937349
1997M6,340.476318359375,-0.409614646297586,0.642170496801425,0.629424189874595
1997M7,324.088623046875,-2.14231245580325,0.895511015470158,0.781237274173402
1997M8,324.049987792969,-0.00517762013173465,0.998299022868663,0.790526911004859
1997M9,324.476196289063,0.0570832848960523,1.03248007714927,0.756686372764572
1997M10,323.883331298828,-0.0794244719417655,1.06802844636673,0.769907179142845
1997M11,305.346160888672,-2.55961335685923,1.2764404783057,0.938564657266998
1997M12,287.619995117188,-2.59733894169737,1.48336179114952,1.0571520144776
1998M1,289.5,0.282949349027224,1.55456830991569,1.10552849692289
1998M2,297.455261230469,1.17730868352943,1.94486666732618,1.2004068592271
1998M3,295.954559326172,-0.219662001832927,1.61248764459518,1.1961204992892
1998M4,308.285003662109,1.77273643670141,0.89198632270478,1.32336123943359
1998M5,298.978942871094,-1.33117972672276,1.39755721855323,1.34108284817848
1998M6,292.538635253906,-0.945737098240933,1.38158327550438,1.34222696035172
1998M7,292.752258300781,0.0317022921786429,1.38494870486785,1.35130742424578
1998M8,284.109985351563,-1.30137561808935,0.636779981349877,1.28486657988605
1998M9,288.981811523438,0.738401144143622,0.928950902908068,1.32184697116121
1998M10,295.714996337891,1.00028399034899,1.03043596381347,1.37289285886435
1998M11,293.716674804688,-0.294474621047613,1.0521403044884,1.37117664647946
1998M12,291.678955078125,-0.302350739266015,0.682635736691471,1.19665757693851
1999M1,286.9368286,-0.71188015695783,0.744242731825967,0.968155120565082
1999M2,287.655,0.108563339390569,0.334965329909234,0.964991694216068
1999M3,286.2136364,-0.21816058049094,0.337550956343079,0.895667346833579
1999M4,282.6175,-0.549127114191123,0.364259431678577,0.903086067678898
1999M5,276.91,-0.886041073231083,0.427946395102043,0.711004139346199
1999M6,261.3136364,-2.51765660684696,1.02037876149937,0.897855195283372
1999M7,256.6931818,-0.774774031997473,0.901467562019604,0.891213849708017
1999M8,256.9052632,0.0358668480662485,1.07003598694501,0.89139697295414
1999M9,264.3108696,1.23420218384598,1.57489940787339,0.961034859873681
1999M10,310.7815789,7.03402451980852,3.53221621175734,2.23616099153244
1999M11,293.1840909,-2.53148683440022,4.04473818358272,2.34821763028438
1999M12,282.9526316,-1.54266629659365,4.29695386632758,2.38521641302152
2000M1,284.065625,0.170494514835367,4.31451104018213,2.38588728280206
2000M2,299.715,2.32897962694089,2.13084927496929,2.46733558067107
2000M3,286.924,-1.89416021686162,1.93228874178686,2.53152586358473
2000M4,279.6526316,-1.11479661923296,1.84561965725486,2.54986224374652
2000M5,276.7409091,-0.454554722897625,1.83844044885855,2.54853903340073
2000M6,285.7318182,1.38852414760471,1.40105205049994,2.56588045557298
2000M7,281.5857143,-0.634798679982097,1.09758048742958,2.45631923866542
2000M8,274.425,-1.11869450702598,1.09865998220606,2.47008506005344
2000M9,273.53,-0.141870740100414,1.0860251284713,2.47169943426224
2000M10,269.9285714,-0.57561092844962,0.399780284574863,2.46011384444451
2000M11,266.2973684,-0.588198151130384,0.399796612413653,1.29410129260093
2000M12,271.45,0.832297131019514,0.666865312403945,1.18961276430536
2001M1,265.4863636,-0.964762703509297,0.791771979156048,1.14763535626286
2001M2,262.0894737,-0.55926402297934,0.790081249334374,1.14516650757513
2001M3,263.0272727,0.155120310529097,0.7933760700014,0.856532407753256
2001M4,260.3305556,-0.44756365823836,0.462971553403237,0.736959952671173
2001M5,272.0931818,1.91925139731239,1.14539151242474,0.922934992470393
2001M6,270.202381,-0.302848755457627,1.08955675705668,0.918912935531523
2001M7,267.5261905,-0.432286630974731,1.15856245871302,0.808587773993182
2001M8,272.0921053,0.734963563334284,1.09263746083726,0.838708264175936
2001M9,284.4723529,1.93241238818816,1.09842156101515,0.953370344990962
2001M10,282.2671429,-0.33797375157502,1.1069063789101,0.959393693925424
2001M11,277.184375,-0.789158209115707,1.2135757256138,0.973739891768816
2001M12,275.8357143,-0.211824876694091,1.21491247688645,0.957397700039014
2002M1,281,0.805582340518381,0.673227928969346,0.955763014837493
2002M2,295.2875,2.15387430575448,1.29059071978524,1.0488716542018
2002M3,294.0475,-0.182757159260161,1.11381655406497,1.02646945527508
2002M4,302.6833333,1.25710166195249,0.97193180020355,1.05116484160373
2002M5,314.4931818,1.66227264062561,1.00611513110971,1.0606676152046
2002M6,321.1777778,0.913425453741989,0.791727734972227,0.993453903642341
2002M7,313.2913043,-1.0797148143239,1.2177459896066,1.06973170722098
2002M8,310.2809524,-0.41932249592136,1.24489788284765,1.06880156497279
2002M9,319.1357143,1.22202927359626,1.09057481154532,1.08629688101308
2002M10,316.5565217,-0.352414327867549,0.976409018057212,1.02402186804198
2002M11,320.4357143,0.528964929959995,0.781760918859605,1.00300393792139
2002M12,332.0361111,1.54444040520048,0.840101059977248,0.976317613111171
2003M1,356.859090909091,3.13114461533384,1.49527673000384,1.16565118791324
2003M2,358.97,0.256139025086706,1.30128050302281,1.17770143542822
2003M3,340.55,-2.28772704252412,2.29063200525693,1.38407707715457
2003M4,328.18,-1.60687739414714,2.42357038173343,1.49269508569005
2003M5,355.6825,3.49503872317095,2.58788910464473,1.71622841398584
2003M6,356.352380952381,0.081716695281807,2.58279346677674,1.68573864405271
2003M7,351.019565217391,-0.654834090543263,2.22114841195417,1.70331024813373
2003M8,359.7675,1.06906043468598,1.8084696418573,1.66236654027819
2003M9,378.945454545455,2.25547737633157,1.26134519944913,1.70905608589264
2003M10,378.919565217391,-0.00296717542822623,1.27554092424236,1.70972565831735
2003M11,389.91,1.24173433450049,0.924850133309955,1.69487631476062
2003M12,406.952631578947,1.85794875555576,0.986504177905314,1.72377866299831
2004M1,413.788095238095,0.723413056220837,0.789275332464252,1.70914907703631
2004M2,404.8775,-0.945434910715392,1.20288788746017,1.60366687609442
2004M3,406.667391304348,0.191570715420787,1.16489050315561,1.60432237996819
2004M4,403.26,-0.365420403754645,0.718383941262585,1.41124760993433
2004M5,383.778947368421,-2.15039984503577,1.00259479742041,1.48696211229725
2004M6,392.372727272727,0.961766583208494,1.32355026566472,1.20408019687368
2004M7,398.090909090909,0.628344686775022,1.39801398331396,1.20430848472433
2004M8,400.509523809524,0.26305876990789,1.41316960844098,1.16549746853735
2004M9,405.275,0.513696672443765,0.290046941712381,1.15062655403718
2004M10,420.464285714286,1.59792982189049,0.585016731132276,1.07407034583641
2004M11,439.375,1.91062296875773,0.805393768948394,1.15047227540949
2004M12,442.078947368421,0.266449111373399,0.804260608469604,1.12929061216029
2005M1,424.03,-1.81032495887848,1.69185721988116,1.1962261193291
2005M2,423.35,-0.0697019781175057,1.52551096641126,1.18400671574263
2005M3,434.321428571429,1.11116930250953,1.22810471720437,1.17345779070321
2005M4,429.233333333333,-0.511781615803219,1.2067509051526,1.19167618866324
2005M5,421.8725,-0.751222440419161,0.827353517945212,1.2110487554153
2005M6,430.656818181818,0.895011080957674,0.952876324223266,1.00602123723127
2005M7,424.478571428571,-0.627555634602474,0.768840518393269,1.02645242262503
2005M8,437.929545454545,1.35484753569793,1.06538296432646,1.06699258164109
2005M9,456.047727272727,1.76060493578428,1.04390229416858,1.13890914470466
2005M10,469.897619047619,1.29929487268943,1.06952163206356,1.16406437777099
2005M11,476.665909090909,0.621084803623096,0.472353585495925,1.11748006646604
2005M12,510.097222222222,2.94388660380691,0.977732396695356,1.26005588075025
2006M1,549.864285714286,3.26025541470189,1.27379799710024,1.47015594778646
2006M2,554.995,0.403355784501978,1.50344873564272,1.26549431253269
2006M3,557.09347826087,0.16390037817761,1.63527108822711,1.25217875723504
2006M4,610.652777777778,3.98662626631336,1.95335830636578,1.51557153916867
2006M5,675.392857142857,4.37621263010106,2.2581213248229,1.67049402542604
2006M6,596.145454545455,-5.42042263677334,4.547525704627,2.49612441953581
2006M7,633.709523809524,2.65379971211742,4.60574467897624,2.52830532741233
2006M8,632.593181818182,-0.0765727326016573,4.28147947874551,2.49790885141445
2006M9,598.185714285714,-2.42884696032254,3.43415137857619,2.70682938376002
2006M10,585.779545454546,-0.910183441557213,2.13160046567395,2.74875533931014
2006M11,627.827272727273,3.01059747675125,2.29174493989868,2.81300067360274
2006M12,629.791176470588,0.135639430633873,2.29496073628263,2.82119946501613
2007M1,631.165909090909,0.0946961692005598,1.68931919409502,2.76181028924265
2007M2,664.745,2.25115459286741,1.48526123912858,2.69763996724013
2007M3,654.895454545455,-0.648310327404443,1.24836314115435,2.72079724971392
2007M4,679.368421052632,1.59333796618531,1.3326948085568,2.73262292158813
2007M5,666.859523809524,-0.80709978140409,1.55469294661049,2.5650344791784
2007M6,655.490476190476,-0.746797188240404,1.16554247557329,2.26116370354933
2007M7,665.295454545455,0.644817017185733,1.16140413585006,1.60134020920279
2007M8,665.411363636364,0.00756570538659761,0.688423401364326,1.44714162237164
2007M9,712.6525,2.97875996834439,1.60900600477674,1.64020286227426
2007M10,754.604347826087,2.48414901677269,1.42719484123698,1.49405489498857
2007M11,806.247727272727,2.87492002552414,1.40212058896816,1.50682843742529
2007M12,803.202941176471,-0.164321330704585,1.48712440534658,1.42040951485519
2008M1,889.595454545455,4.43672650758138,1.91105391384272,1.71694033750735
2008M2,922.297619047619,1.56785323051775,1.95331246254508,1.68960956650857
2008M3,968.434210526316,2.119903526819,1.8993554883643,1.68362110529767
2008M4,909.704545454546,-2.71697580330169,2.98375435189781,1.95465713595132
2008M5,888.6625,-1.01635106348934,2.26322502613185,2.03201431115136
2008M6,889.488095238095,0.0403285844197048,2.02417782323566,1.98585402190121
2008M7,939.771739130435,2.3882240821616,2.13655164013865,1.95105283493481
2008M8,839.025,-4.92474792820977,3.04996485665412,2.59063231059593
2008M9,829.931818181818,-0.473248645044233,3.05384718123777,2.60589031120258
2008M10,806.619565217391,-1.23736630549448,3.01121509735765,2.56584077974244
2008M11,760.8625,-2.53625720517793,1.9503101189522,2.60576151494647
2008M12,816.092105263158,3.04329966694684,2.38657121157349,2.62146511255665
2009M1,858.690476190476,2.20974695432127,2.68086784858435,2.68785651180638
2009M2,943.1625,4.07498788184408,2.92407943330205,2.64208320888742
2009M3,924.272727272727,-0.878638654780968,2.13495620855738,2.62323692669538
2009M4,890.2,-1.63125484523118,2.66827967779435,2.57738047853631
2009M5,928.644736842105,1.83620117352214,2.6152091298701,2.52771635197903
2009M6,945.670454545454,0.789021896255867,1.57309284858049,2.51267619414067
2009M7,934.228260869565,-0.52868198697157,1.51443768388737,2.5207779341029
2009M8,949.375,0.698479043229342,0.967562839192336,2.4387587773883
2009M9,996.590909090909,2.10791300090103,1.07734537495239,1.98491135491076
2009M10,1043.15909090909,1.98336259787125,1.23898035877891,1.99372374741379
2009M11,1127.03571428571,3.35871312929174,1.08727020832876,2.01664329046146
2009M12,1134.72368421053,0.29524411629634,1.25803940501969,1.72026903102579
2010M1,1117.9625,-0.646288346697567,1.77875798844578,1.71934799435256
2010M2,1095.4125,-0.884954372980499,1.95298716524126,1.759383735195
2010M3,1113.33695652174,0.704893298687453,0.75594495145874,1.4618847865226
2010M4,1148.6875,1.35752696665219,1.07549205805265,1.4098802294187
2010M5,1205.43421052632,2.09416175864285,1.269189356721,1.26159693224103
2010M6,1232.92045454546,0.979154503250105,0.602788968332939,1.23713565776331
2010M7,1192.96590909091,-1.43070245378516,1.52576044667979,1.40281608994477
2010M8,1215.80952380952,0.823750783568806,1.47749712944167,1.34703167280343
2010M9,1270.97727272727,1.92722436628251,1.42320890978641,1.37602338483305
2010M10,1342.02380952381,2.36224362529183,1.69603773087502,1.39515403100105
2010M11,1369.88636363636,0.892432162371225,0.76429235795231,1.36313907241703
2010M12,1390.55263157895,0.650288873233271,0.818554065435751,1.14768513298996
2011M1,1356.4,-1.07996501895867,1.41075327706571,1.24734482058847
2011M2,1372.725,0.51957619977012,0.897097264658888,1.19122191333975
2011M3,1424.01086956522,1.5929761207045,1.10886042921597,1.11472749306929
2011M4,1473.80555555556,1.49268849655256,1.23931718758616,1.12598185652264
2011M5,1510.4375,1.06625701464899,0.488819093902864,1.11979819969067
2011M6,1528.65909090909,0.52078839719893,0.488283282120719,1.06539287358838
2011M7,1572.80952380952,1.23654868779747,0.411388834080713,1.07150299113342
2011M8,1755.80681818182,4.78006008799526,1.94355879996617,1.33880267318902
2011M9,1771.85227272727,0.39507788284215,2.06482699762534,1.35643692799088
2011M10,1665.21428571429,-2.69573819795523,3.07403371413728,1.72290494394449
2011M11,1738.97727272727,1.88237780990837,3.11229474338325,1.69392216134375
2011M12,1652.30555555556,-2.22035430067858,2.17223459114209,1.89758162312541
2012M1,1656.11904761905,0.100118908065688,2.12907269457608,1.9031265526505
2012M2,1742.61904761905,2.2110904585732,2.0329659987254,1.8821304079407
2012M3,1673.77272727273,-1.7505969645596,2.01699627929928,2.01468782844429
2012M4,1650.06578947368,-0.619522687909329,1.66798034555379,2.02296071126277
2012M5,1585.50454545455,-1.73337687996392,1.86606665922838,2.08686718970844
2012M6,1596.69736842105,0.305511807793663,0.989976257915031,2.0725069487846
2012M7,1593.90909090909,-0.0759061865610811,0.887019106657653,2.07107041584865
2012M8,1626.03409090909,0.866609898399784,1.11851295448952,2.05723802715014
2012M9,1744.45,3.05288794388737,1.39838857738101,1.76570278736816
2012M10,1747.01086956522,0.0637081016822083,1.44501558662353,1.76157208146549
2012M11,1721.13636363636,-0.648032674954959,1.6035686660674,1.58800725834916
2012M12,1688.52941176471,-0.830665051305928,1.80401926905125,1.51218431324949
2013M1,1670.95454545455,-0.454399377204801,0.385933708252753,1.37914186889855
2013M2,1627.5875,-1.14202902750371,0.292437850145312,1.41695254572252
2013M3,1592.8625,-0.936605777914804,0.288285605066464,1.25677260699546
2013M4,1485.08333333333,-3.04274638466444,1.13635569616811,1.42136201476647
2013M5,1413.5,-2.14550113269493,0.973147245006767,1.50177604588174
2013M6,1342.3625,-2.24260015448401,0.868791727905545,1.54224369975302
2013M7,1286.72391304348,-1.83844391271808,0.513377874143447,1.55698650483079
2013M8,1347.09523809524,1.99129287788921,2.0406872495364,1.72487642568714
2013M9,1348.79761904762,0.0548489714662507,1.94440911755181,1.68303312965789
2013M10,1316.1847826087,-1.06299253556183,1.66284922881743,1.27008275064375
2013M11,1275.82142857143,-1.35269730482829,1.51589989059674,1.23702604118595
2013M12,1225.40277777778,-1.75110317750679,0.775046862422102,1.24495899528988
2014M1,1244.79545454546,0.68191333248205,1.07315961145686,1.3426131635476
2014M2,1300.975,1.91709572910559,1.72942288733561,1.56786545824387
2014M3,1336.08333333333,1.15645954373984,1.5853130763451,1.65752910009924
2014M4,1299,-1.22243954483501,1.33765465016575,1.66339932228661
2014M5,1287.525,-0.385348053910978,1.4280975171748,1.50473472270782
2014M6,1279.09523809524,-0.285278841698332,0.987587435317156,1.41883075175689
2014M7,1310.96739130435,1.06890071683366,0.948151190194892,1.34280253680846
2014M8,1295.9875,-0.499107656798383,0.734618374871573,1.24433544352937
2014M9,1238.81818181818,-1.95932419565289,1.2397238135548,1.20564427815604
2014M10,1222.48913043478,-0.57625644073763,1.23782063668995,1.20374532020163
2014M11,1176.3,-1.67269093335131,0.747924106028883,1.24588786664132
2014M12,1202.28947368421,0.949094775846152,1.31835001646623,1.25891300390327
2015M1,1251.84523809524,1.75415968790676,1.53364759264671,1.27391131613545
2015M2,1227.1875,-0.863971870688604,1.58274669070375,1.28427423400292
2015M3,1178.62954545455,-1.75335993196287,1.61211350640982,1.2181145705283
2015M4,1197.91,0.704686673323073,1.56929905305996,1.17795762905158
2015M5,1199.05263157895,0.0414056206498569,1.07139035099642,1.15315918282281
2015M6,1181.50454545455,-0.640284979221103,1.04943258192063,1.15749047159968
2015M7,1130.03695652174,-1.93427499755035,1.12751331654892,1.24437043279482
2015M8,1117.475,-0.485483086782483,0.838798718567652,1.16196627724635
2015M9,1124.53181818182,0.273393220055512,0.916600233384452,1.18342602728866
2015M10,1159.24545454545,1.32036535469868,1.36926419643363,1.18997793374673
2015M11,1085.70238095238,-2.84646114430869,1.77019971117178,1.3952118142603
2015M12,1068.25263157895,-0.703681888948553,1.77564614832518,1.34637475009877
2016M1,1097.375,1.16810906830439,1.95137282041278,1.36484734926889
2016M2,1199.91190476191,3.87943001143617,2.85490318142746,1.71453835900094
2016M3,1246.3380952381,1.64865076064556,1.88415636766939,1.7671300166654
2016M4,1242.26190476191,-0.142270241431113,1.67474183422092,1.68455248542296
2016M5,1259.3975,0.594965951966815,1.75117389352095,1.68195390342125
2016M6,1276.40454545455,0.582551524816733,0.737295463616774,1.68527376223169
2016M7,1337.32619047619,2.02490078963693,0.907870825764626,1.73475256443734
2016M8,1341.08863636364,0.122013255436225,0.825731992348176,1.59056000975068
2016M9,1326.02954545455,-0.490428180394117,1.07108580634721,1.59083456561603
2016M10,1266.56904761905,-1.99243302103214,1.66304985521911,1.74307511311659
2016M11,1235.97954545455,-1.0617586983434,0.898882426678656,1.7630543892189
2016M12,1151.40277777778,-3.07840106976391,1.13256230623824,1.79744564702537
2017M1,1192.61666666667,1.52736013996124,1.96676223626624,1.81081662058857
2017M2,1234.3575,1.49400859141462,2.22529788284827,1.82501822949442
2017M3,1231.09347826087,-0.114992954295627,2.16389071034049,1.49564839341153
2017M4,1265.62777777778,1.20149674441387,0.77525357389831,1.46145990871709
2017M5,1245.00476190476,-0.713498554962019,1.05301543331151,1.47627735501635
2017M6,1260.25681818182,0.528804318786013,0.825069064579652,1.47419542219229
2017M7,1236.22142857143,-0.836278836630683,0.987171669624977,1.4801642809016
2017M8,1282.31590909091,1.5898763038795,1.14526131343495,1.4320901494944
2017M9,1314.97857142857,1.09236453375468,1.04723198130501,1.4716447761733
2017M10,1279.51363636364,-1.18737570026998,1.38103298338021,1.50081316114925
2017M11,1282.28409090909,0.0939335356341284,1.22591206768956,1.39137999545383
2017M12,1261.25588235294,-0.718104933028255,0.999718900840817,1.37180551332438
2018M1,1331.66590909091,2.35920771138164,1.57323840596778,1.14242394337019
2018M2,1331.525,-0.00459569311988546,1.334388020056,1.10442406865543
2018M3,1324.65714285714,-0.224583928814413,1.37035433761381,1.06039761167816
2018M4,1334.74,0.329319012238188,1.1849998673838,1.05529471972641
2018M5,1303.02619047619,-1.04435307635884,0.585006709410332,1.07377094146935
2018M6,1281.56666666667,-0.72119420419921,0.600030302744916,1.07425718939089
2018M7,1238.525,-1.48364255854735,0.772232536271214,1.14918635960964
2018M8,1201.24545454545,-1.32730200447495,0.335485162263789,1.18442344611489
2018M9,1198.4725,-0.100368411328031,0.630963192329976,1.07132263016219
2018M10,1215.39347826087,0.608882839844193,1.00306893285804,1.0293139439686
2018M11,1220.94545454546,0.197936075756044,0.833738025499649,0.996847811030482
2018M12,1247.92352941177,0.949171097641807,0.460306373028666,1.04195499278625
2019M1,1291.74545454545,1.4988968654985,0.550442985359029,1.10992940690377
2019M2,1320.065,0.941837438787294,0.53407315976375,0.920877707750243
2019M3,1300.89761904762,-0.635219756511951,0.92034526762144,0.935958236558201
2019M4,1286.445,-0.485189548431154,1.05464813808528,0.942135940500228
2019M5,1283.94761904762,-0.0843917073273416,0.710822363672811,0.933453974368238
2019M6,1359.0425,2.46857319394797,1.45380060293913,1.133598980828
2019M7,1412.97826086957,1.69024419287791,1.41098734963246,1.17728101411556
2019M8,1498.79761904762,2.56075143749622,1.22596289868656,1.19345668369977
2019M9,1511.31428571429,0.361179302811356,1.01725594106207,1.04441461510785
2019M10,1494.8,-0.477169836347912,1.35375380700946,1.07526769261771
2019M11,1470.01666666667,-0.726083048361861,1.49491612545391,1.149800578105
2019M12,1476.04444444444,0.177717581632901,0.518516939507056,1.1504551469974
2020M1,1560.67272727273,2.42124066423754,1.43316423518317,1.25203669314216
2020M2,1597.1025,1.0020948345785,1.33653998222232,1.23463879619343
2020M3,1591.92727272727,-0.140956640756292,1.14382193865532,1.25398647058264
2020M4,1682.93,2.41428291618215,1.23858014719294,1.28336035902937
2020M5,1716.38157894737,0.854779257059491,1.05179745225444,1.21847133231136
2020M6,1732.21818181818,0.398874793420792,1.09976996052746,1.19090542793581
2020M7,1843.31304347826,2.6996503454668,1.13579349969912,1.21610268722124
2020M8,1968.03095238095,2.84328283417298,1.25349091844199,1.30779339571914
2020M9,1922.21363636364,-1.02302707022624,1.87345076953394,1.35273791418076
2020M10,1900.275,-0.498519903550938,2.05138887824472,1.3978917636662
2020M11,1863.49285714286,-0.848872239460472,1.82975843885474,1.42887639770971
2020M12,1855.9552631579,-0.176022885650258,0.376644295104473,1.38956020200515
2021M1,1866.985,0.257332512671721,0.471016283225184,1.38686306167514
2021M2,1808.175,-1.39003683398137,0.727136327040028,1.41469357472685
2021M3,1718.22826086957,-2.21596024567944,1.13049117332672,1.58878851173754
2021M4,1761.6775,1.08455497054936,1.50594529009803,1.60034553377962
2021M5,1855.56,2.25485943326629,2.0885055404463,1.58363687899805
2021M6,1834.56590909091,-0.49416829848181,1.94219227440704,1.59029778906847
2021M7,1807.09318181818,-0.655277164154188,1.3826604820884,1.60733682533253
2021M8,1783.96904761905,-0.559323233684275,1.41377393753632,1.41808416670007
2021M9,1777.25227272727,-0.163823669930499,0.213401500400635,1.1075897146846
2021M10,1776.85476190476,-0.00971477537117814,0.309532363053465,1.09109764438412
2021M11,1820.23409090909,1.0475313430909,0.686134757612013,1.14612122499213
2021M12,1786.65263157895,-0.808712057103073,0.769676183147074,1.14411466885092
2022M1,1816.765,0.725863122677591,0.826703889073063,1.16886869413234
2022M2,1856.295,0.934824028099841,0.866040639271549,1.19944517089203
2022M3,1947.82826086957,2.09036677991948,1.19164840689903,1.25509633326127
2022M4,1933.9,-0.311664928185164,0.984918331771387,1.03538722306484
2022M5,1849.83318181818,-1.93014479625612,1.72363005693913,1.19359995451206
2022M6,1837.06409090909,-0.30082573413365,1.65646074704071,1.01790793660647
2022M7,1737.38047619048,-2.42293712771511,1.09840591035734,1.21260036596792
2022M8,1764.13260869565,0.663629083426455,1.43136323903438,1.22480085634546
2022M9,1683.20818181818,-2.03933941373127,1.45590855237639,1.33670262380091
2022M10,1666.62666666667,-0.429950709428323,1.43579596121557,1.33823516574334
2022M11,1727.89863636364,1.5679935469664,1.55227239033123,1.42697166240054
2022M12,1797.40818181818,1.7128452378125,1.78620198759052,1.48216171877614
2023M1,1896.05954545455,2.32052578952401,1.19390951415296,1.59695200998289
2023M2,1853.409,-0.988070457863302,1.46434798805696,1.62036827221373
2023M3,1913.64826086957,1.38908474611428,1.4501235727066,1.64535452800122
2023M4,1999.6685,1.90958903379951,1.48046959525514,1.62781641127933
2023M5,1989.82695652174,-0.214269535713701,1.35396055304399,1.62604810545441
2023M6,1944.72863636364,-0.995630074467013,1.35677718705969,1.54782168338323
2023M7,1950.27,0.123573099651279,1.22875966900606,1.54159241867661
2023M8,1919.30217391304,-0.695138507129503,0.497418044131954,1.36047505208572
2023M9,1915.43476190476,-0.0875990344058029,0.5205300081735,1.36120059564321
2023M10,1913.98454545455,-0.0328938139936834,0.359401025549184,1.17840943559327
2023M11,1985.77772727273,1.59922085599683,0.982509941911783,1.18945776903476
2023M12,2034.70428571429,1.05706645573877,0.831883213329794,1.1624163017515
2024M1,2034.00608695652,-0.0149051587836934,0.811407861115587,1.11572408165239
2024M2,2024.44619047619,-0.20460104907646,0.862651929438867,0.965702707664131
2024M3,2162.34619047619,2.8618987734154,1.40575466939859,1.13943090112942
2024M4,2333.55045454545,3.30919698625034,1.85544051263989,1.3644115548704
2024M5,2350.59652173913,0.316089381377173,1.77156311875794,1.31369729960274
2024M6,2328.2625,-0.414614589788252,1.84336999027852,1.32441647452558
2024M7,2393.96217391304,1.20853407244995,1.61253547416875,1.25270587213094
2024M8,2468.32863636364,1.32856977191827,0.818698877747584,1.25153748130641
2024M9,2569.04904761905,1.73694140616194,0.947051862952225,1.19187778135648
2024M10,2689.12869565217,1.98391912946786,0.359640217673512,1.17648616727536
2024M11,2652.19952380952,-0.600539433238707,1.17338375472529,1.23257772752379
2024M12,2640.60545454546,-0.190267670113113,1.31699742835389,1.27028664285368
2025M1,2707.46739130435,1.08597186483655,1.18512496600571,1.27051096550319
2025M2,2894.38,2.89923138833234,1.57381545307166,1.34041037637518
2025M3,2986.25619047619,1.35715144704302,1.26845564623301,1.27448576412654
2025M4,3222.01181818182,3.30000660105022,1.10214622987843,1.32409432389897
2025M5,3288.00954545455,0.880594061760227,1.17149754939563,1.1860660975675
2025M6,3351.85857142857,0.835261601630084,1.16206504698341,1.16435312976173
2025M7,3341.64913043478,-0.132483819332275,1.4627436679733,1.13428547281678
2025M8,3367.25619047619,0.331531251310712,0.477444346349163,1.15998478780155
2025M9,3666.52363636364,3.69783290233942,1.72247914590887,1.36086447622565
