1990M1,409.819061279297,"Monthly log return","3-month volatility","12-month volatility"
1990M2,417.181060791016,1.78045777637422,,
1990M3,392.703338623047,-6.04658628397791,,
1990M4,374.292114257813,-4.80179165459846,4.20591131550911,
1990M5,369.197631835938,-1.37044584198046,2.42177404631354,
1990M6,352.527618408203,-4.62031190186234,1.93083308417189,
1990M7,362.498565673828,2.78915482477398,3.71402980348765,
1990M8,394.631805419922,8.49326744877091,6.57524475318507,
1990M9,389.755004882813,-1.24348428928857,4.8922287603251,
1990M10,380.995208740234,-2.27315495571925,5.94110550152943,
1990M11,381.794097900391,0.209465299343003,1.2473096059959,
1990M12,376.682342529297,-1.34792130493926,1.25465225425075,
1991M1,383.702270507813,1.84646751324177,1.59735975937521,3.98062494934324
1991M2,364.391662597656,-5.16376293239246,3.50970317235949,4.11376711426545
1991M3,362.760803222656,-0.448561253977092,3.57406432537222,3.81152677920712
1991M4,358.323333740234,-1.23079271123674,2.52696351646778,3.59191504895339
1991M5,356.964294433594,-0.379998447749823,0.472658754618764,3.57802202106459
1991M6,366.910003662109,2.7480835168127,2.0952407854445,3.39308162176582
1991M7,367.792266845703,0.240169016237603,1.65625781017554,3.30397395033367
1991M8,356.669525146484,-3.07086333309545,2.91869585039223,2.11108403245174
1991M9,348.742858886719,-2.24747965696714,1.72381804036572,2.14797756981025
1991M10,358.814361572266,2.84702994467017,3.20555376407657,2.3547541782145
1991M11,359.589996337891,0.215932728821503,2.54771470220137,2.35493201667823
1991M12,361.532012939453,0.538611017672481,1.43501404057379,2.35610041433307
1992M1,354.700958251953,-1.9075530166859,1.32897400729895,2.28731182327431
1992M2,353.779998779297,-0.259981579532838,1.24739463548511,1.79322606432761
1992M3,344.183319091797,-2.75008277979762,1.26655385658696,1.93435293340476
1992M4,338.691589355469,-1.60844923877242,1.24648145845074,1.95141956502044
1992M5,337.098937988281,-0.471345557938947,1.1393693613313,1.95121664070217
1992M6,341.021911621094,1.15702603726684,1.38999114717939,1.75647168894124
1992M7,352.254486083984,3.24071540368765,1.86067872968622,2.0734372475461
1992M8,342.892852783203,-2.69358704012723,3.01067345572937,2.03101688321573
1992M9,345.006500244141,0.614524233314385,2.97367409544392,1.95164721581831
1992M10,344.892395019531,-0.0330788254435048,1.75315400918761,1.72113603190221
1992M11,335.050537109375,-2.89510923965977,1.86762482528978,1.86015669526989
1992M12,334.80712890625,-0.0726746072149938,1.64108313684676,1.83466436676696
1993M1,329.030548095703,-1.74040336083754,1.41896688454839,1.82477356334903
1993M2,329.299987792969,0.0818554503010278,1.01043108862072,1.83365411915085
1993M3,330.096954345703,0.241726004435254,1.10113748683865,1.71385379998999
1993M4,342.05712890625,3.55913543408704,1.96308600608246,1.99463605491012
1993M5,366.667999267578,6.94790377799645,3.35315216234991,2.79619425940482
1993M6,371.809997558594,1.39261600622473,2.79996367676392,2.80051341376212
1993M7,392.399993896484,5.38987475967688,2.86550618539355,3.03523472705667
1993M8,378.700012207031,-3.55373449950969,4.480189866673,3.13627373523223
1993M9,354.399993896484,-6.63181656329737,6.24478179545789,3.80695275277363
1993M10,362.380004882813,2.22671969734358,4.49744195060594,3.84875025177879
1993M11,374.167510986328,3.2010188997119,5.4176805747392,3.77412595330101
1993M12,383.302001953125,2.41196078340818,0.51739506288823,3.78284966075346
1994M1,387.077514648438,0.980177390890843,1.1258147717169,3.6753593534964
1994M2,382.304992675781,-1.24062690295922,1.84044252836441,3.73629369669858
1994M3,383.877502441406,0.410479744350224,1.15344991806076,3.73249504436988
1994M4,377.321044921875,-1.72270945330121,1.11870854851405,3.74783907912453
1994M5,381.589996337891,1.12503210797978,1.48159335588371,3.22205924167455
1994M6,385.743194580078,1.08251248568354,1.63200847858749,3.21401660806068
1994M7,385.399993896484,-0.0890108896459827,0.688981777372457,2.78704724598817
1994M8,380.761352539063,-1.210893255773,1.14679240763939,2.60291151616283
1994M9,391.928100585938,2.89055985092225,2.11968470249301,1.6646906717279
1994M10,389.594451904297,-0.597207491999134,2.21220285542969,1.65018500592618
1994M11,384.441253662109,-1.33153402166627,2.25572727220703,1.51474364591084
1994M12,379.399993896484,-1.31999495446413,0.420672144339956,1.40414824861727
1995M1,378.549987792969,-0.224290911112622,0.635962237683608,1.36352529836633
1995M2,376.505249023438,-0.541614353042014,0.563787471494506,1.32884831286989
1995M3,381.661895751953,1.36031382567964,1.0189044063501,1.39065032427314
1995M4,391.04443359375,2.42860674045802,1.50448185394251,1.45126167178667
1995M5,385.219055175781,-1.50090474677351,2.03178419127135,1.51188237259342
1995M6,387.490478515625,0.587912995321146,1.96606093290451,1.48859667399045
1995M7,386.240478515625,-0.323110010305594,1.04724423430593,1.49193785346448
1995M8,383.697631835938,-0.660535149773923,0.645812332456537,1.45881287904442
1995M9,383.217498779297,-0.125211539113834,0.270675358370937,1.1559349064061
1995M10,383.069030761719,-0.0387500011320083,0.3368144238677,1.14915348861864
1995M11,385.676300048828,0.678320681692849,0.441083890658684,1.10545805281573
1995M12,387.557678222656,0.486626801038158,0.371249622290697,1.02550495774219
1996M1,400.070587158203,3.17763146918707,1.50137753859385,1.3295484160572
1996M2,404.484222412109,1.09717311413044,1.41082599278784,1.30108726003349
1996M3,396.326324462891,-2.03748069918874,2.62525415992506,1.47768776482881
1996M4,393.144989013672,-0.805945096454015,1.57927163557645,1.34608037935006
1996M5,391.94287109375,-0.306238045568545,0.891028263975739,1.26299492085514
1996M6,385.272491455078,-1.7165238214155,0.715048567186571,1.36080163306982
1996M7,383.586364746094,-0.43860570726479,0.77883479997298,1.36333165813187
1996M8,387.471435546875,1.0077334481346,1.36299604606986,1.38118595559472
1996M9,382.964996337891,-1.1698539728232,1.10818981182807,1.42754606910611
1996M10,381.072723388672,-0.495335968210093,1.11475551765186,1.43458050359506
1996M11,378.516662597656,-0.673013732465595,0.349617445907353,1.42577597279315
1996M12,368.977661132813,-2.55239913511018,1.13982219024149,1.56438777076253
1997M1,355.200012207031,-3.805505778785,1.5766458158778,1.39881080261745
1997M2,346.713195800781,-2.4183132367766,0.765131626710682,1.2851570973992
1997M3,351.805267333984,1.45798915985968,2.72807631821124,1.4802494793432
1997M4,344.583343505859,-2.07418175244604,2.14555269112702,1.51064255783824
1997M5,343.702789306641,-0.255868784113634,1.76634285350008,1.51311256953657
1997M6,340.476318359375,-0.943172578436849,0.918134912761543,1.50062827987695
1997M7,324.088623046875,-4.93285672526802,2.52534427682216,1.8578994601897
1997M8,324.049987792969,-0.0119219109325181,2.61407749324507,1.75818408788911
1997M9,324.476196289063,0.131439120860782,2.88337892785223,1.81878018015145
1997M10,323.883331298828,-0.182881605112033,0.157362173158434,1.83477978571793
1997M11,305.346160888672,-5.8937275593325,3.39153830770355,2.23390423136374
1997M12,287.619995117188,-5.9805939286053,3.32251850922692,2.53866925246831
1998M1,289.5,0.651514953142455,3.80422163594993,2.58815833631892
1998M2,297.455261230469,2.71085342454731,4.5417874647872,2.86794882320973
1998M3,295.954559326172,-0.505790450917729,1.62926509811642,2.75136095157253
1998M4,308.285003662109,4.08187649295606,2.35489525823648,3.16526716438943
1998M5,298.978942871094,-3.06515459484771,3.62116662092896,3.21457411782749
1998M6,292.538635253906,-2.17764014430102,3.89549491511372,3.22667488314908
1998M7,292.752258300781,0.072997225384285,1.61766536076834,3.02670415910873
1998M8,284.109985351563,-2.99652809859844,1.58944076989826,3.07406467576881
1998M9,288.981811523438,1.70023146715485,2.38500270477334,3.16308607430744
1998M10,295.714996337891,2.30323900493817,2.90145652678235,3.29755923496613
1998M11,293.716674804688,-0.678052872689304,1.57628020729073,2.87590282727578
1998M12,291.678955078125,-0.696188305089656,1.72650872869966,2.27214389487461
1999M1,286.9368286,-1.63916463740936,0.549737677064672,2.31887802601894
1999M2,287.655,0.249976326926377,0.944570930575052,2.15308444038134
1999M3,286.2136364,-0.502333300517367,0.95107034853856,2.15305159349666
1999M4,282.6175,-1.26441190729532,0.757199368550789,1.66692305315259
1999M5,276.91,-2.04018496700234,0.76893599551441,1.55883428153707
1999M6,261.3136364,-5.79711857220378,2.42424571307464,2.12937520086771
1999M7,256.6931818,-1.78398313651627,2.24668071893505,2.1164522739616
1999M8,256.9052632,0.082586469690026,3.00444863215797,2.05063656413625
1999M9,264.3108696,2.84185555026446,2.32723124155238,2.200167596541
1999M10,310.7815789,16.1964400030657,8.61795381225631,5.34998807996276
1999M11,293.1840909,-5.82896384800064,11.0953928107338,5.64413085690795
1999M12,282.9526316,-3.55212041800086,12.1127210644555,5.73494188533462
2000M1,284.065625,0.392578128297169,3.14781001091062,5.72027450768832
2000M2,299.715,5.36267377088092,4.46721488080504,5.93381202327577
2000M3,286.924,-4.36146507908793,4.8624694324247,6.0863627561043
2000M4,279.6526316,-2.56691407716598,5.17457974319116,6.12286826734397
2000M5,276.7409091,-1.04665092889411,1.659297350729,6.10074638627896
2000M6,285.7318182,3.19719500353687,2.98737292149378,5.87270833893031
2000M7,281.5857143,-1.46167797757907,2.57835778495807,5.86081839181305
2000M8,274.425,-2.57588929549234,3.06254432998762,5.93894296087344
2000M9,273.53,-0.326669451287245,1.12462594694763,5.89806782321256
2000M10,269.9285714,-1.32539314321256,1.12695604374834,3.11184046373389
2000M11,266.2973684,-1.35437629451948,0.585159578163508,2.7505101186382
2000M12,271.45,1.91643496682725,1.88009289776935,2.70602321827409
2001M1,265.4863636,-2.22144821937714,2.18220443943359,2.7460941333302
2001M2,262.0894737,-1.28775300236011,2.17027972708737,2.0151307480187
2001M3,263.0272727,0.357177714644906,1.30555834349639,1.77015135153859
2001M4,260.3305556,-1.03055340762553,0.884848985514498,1.67795263986098
2001M5,272.0931818,4.4192396571595,2.83214845837109,2.20407849327001
2001M6,270.202381,-0.697335029748531,3.05479446834649,1.9385675507768
2001M7,267.5261905,-0.995376752383034,3.04374320690895,1.92138536829001
2001M8,272.0921053,1.69231614482731,1.47325912601379,1.88204722916626
2001M9,284.4723529,4.44954395855907,2.72253435469531,2.28499920437619
2001M10,282.2671429,-0.778213322199913,2.61518856078596,2.25428313220803
2001M11,277.184375,-1.81710392832371,3.35856158735138,2.29017885165732
2001M12,275.8357143,-0.487744803401117,0.69891121693202,2.24384354498005
2002M1,281,1.85492188845688,1.85916901290419,2.16197390773722
2002M2,295.2875,4.95947886861316,2.73247772193208,2.43437711488684
2002M3,294.0475,-0.420813910550384,2.70076525758409,2.46306560691745
2002M4,302.6833333,2.89458354718984,2.71425875027743,2.43969365400848
2002M5,314.4931818,3.82752420279639,2.23273432122248,2.37507470269691
2002M6,321.1777778,2.10323983334763,0.863110627039053,2.30759548979661
2002M7,313.2913043,-2.48613523614704,3.26337799491529,2.48401860850767
2002M8,310.2809524,-0.965525728265579,2.33780305971589,2.56459678501656
2002M9,319.1357143,2.81382638858509,2.7290214645008,2.4087993163678
2002M10,316.5565217,-0.811463977905334,2.13892370471054,2.4109964149135
2002M11,320.4357143,1.21798676244252,1.8169619635183,2.24735143426008
2002M12,332.0361111,3.55620545403232,2.18565296207948,2.27295529439294
2003M1,356.859090909091,7.20972691527628,3.01983541981321,2.80307869271788
2003M2,358.97,0.589781900898677,3.31591012538386,2.66278972398224
2003M3,340.55,-5.2676861849554,6.24258816576393,3.29440852204671
2003M4,328.18,-3.69997193403231,3.03231617507287,3.53178444444775
2003M5,355.6825,8.04762406341038,7.27737620645785,4.0468885254713
2003M6,356.352380952381,0.188159644404626,5.98462975524228,4.03828131176147
2003M7,351.019565217391,-1.50781121526923,5.09826508849686,3.97381427253634
2003M8,359.7675,2.46160262041768,1.99169552228701,3.9468835094731
2003M9,378.945454545455,5.1934285843264,3.36961259266089,4.09067793135218
2003M10,378.919565217391,-0.00683217390933194,2.6012418631805,4.05702668365764
2003M11,389.91,2.85919896807971,2.6046584664744,4.07433665753413
2003M12,406.952631578947,4.27808510808952,2.18280738571285,4.11044613323701
2004M1,413.788095238095,1.66572011933136,1.3078022579383,3.72809547603491
2004M2,404.8775,-2.17694433180942,3.24699671461985,3.85491647545242
2004M3,406.667391304348,0.441107873582108,1.96298847791896,3.32680443966626
2004M4,403.26,-0.84141157436131,1.30911555580638,3.00949595614332
2004M5,383.778947368421,-4.95147862715606,2.81713496543224,2.85933323832949
2004M6,392.372727272727,2.2145493974357,3.59591217655201,2.89030628812677
2004M7,398.090909090909,1.44681710903018,3.93445377071993,2.80005003904949
2004M8,400.509523809524,0.605715202171259,0.804695879637586,2.76595907046884
2004M9,405.275,1.18283030028966,0.430155648067635,2.4198746080798
2004M10,420.464285714286,3.67936938753568,1.63366251624132,2.57067685375949
2004M11,439.375,4.39937196619358,1.6880586194362,2.71365913334029
2004M12,442.078947368421,0.6135217518899,2.01040987874828,2.5091374209915
2005M1,424.03,-4.16842726378865,4.29353936900114,2.84554698709954
2005M2,423.35,-0.160494735765566,2.56676388541736,2.75011796006253
2005M3,434.321428571429,2.55856187175103,3.38401080607351,2.82196211483914
2005M4,429.233333333333,-1.1784207194169,1.93194552329012,2.83867663811904
2005M5,421.8725,-1.72975359283177,2.33304723297593,2.39121993426235
2005M6,430.656818181818,2.06083917307763,2.04798136813612,2.3832858091723
2005M7,424.478571428571,-1.44500024926008,2.11110508339657,2.45441214613705
2005M8,437.929545454545,3.11965173897777,2.3891435661707,2.56577273441673
2005M9,456.047727272727,4.05394267978862,2.94242872110608,2.73843613524002
2005M10,469.897619047619,2.99173700525829,0.579876802460111,2.68354228637885
2005M11,476.665909090909,1.43010061030767,1.31981920040946,2.46193250426554
2005M12,510.097222222222,6.77854940939066,2.75028971111946,3.0257521420338
2006M1,549.864285714286,7.50701551724569,3.31826918269327,3.02231602029592
2006M2,554.995,0.928761016567174,3.60610869190052,2.96185755179057
2006M3,557.09347826087,0.377394567527851,3.96671426001165,3.00818893428602
2006M4,610.652777777778,9.17954621215165,4.93047216940656,3.44435456219765
2006M5,675.392857142857,10.076601965843,5.35968293147574,3.66880669654807
2006M6,596.145454545455,-12.4809843611618,12.7725486535444,6.00016448484531
2006M7,633.709523809524,6.11059965691346,12.0431230135422,5.92044136474415
2006M8,632.593181818182,-0.176315232618395,9.45671875346038,6.00737902559156
2006M9,598.185714285714,-5.59262680400257,5.85700776082254,6.48909243883097
2006M10,585.779545454546,-2.09577482441966,2.74617096851783,6.60220876075621
2006M11,627.827272727273,6.93215687097292,6.46273588310605,6.76054154541858
2006M12,629.791176470588,0.312321330999755,4.67483868468049,6.62710622258977
2007M1,631.165909090909,0.218045987564851,3.84946739544079,6.3816194875742
2007M2,664.745,5.18347500756159,2.83996805538628,6.48560959514792
2007M3,654.895454545455,-1.49278969551556,3.46782723696651,6.53739858893175
2007M4,679.368421052632,3.66879624903975,3.50020788882846,6.11729339874815
2007M5,666.859523809524,-1.85841592521981,3.09100108978094,5.41790802863384
2007M6,655.490476190476,-1.71956407313222,3.15181908368454,3.84592814513754
2007M7,665.295454545455,1.48474605148076,1.89136701946775,3.47852001911676
2007M8,665.411363636364,0.0174206804411644,1.60404505097478,3.47602369950808
2007M9,712.6525,6.8588482987172,3.60183172298851,3.37450842568969
2007M10,754.604347826087,5.71996449479661,3.66563305423011,3.38025875574091
2007M11,806.247727272727,6.61974799432195,0.600532488770399,3.34071847521984
2007M12,803.202941176471,-0.378363846541323,3.8072909932132,3.37974669465659
2008M1,889.595454545455,10.2159403180484,5.38741510835366,4.05764878337406
2008M2,922.297619047619,3.61011547659273,5.35076583115141,4.00076638020535
2008M3,968.434210526316,4.88125825943894,3.50503348716349,3.80779223646889
2008M4,909.704545454546,-6.256067982708,6.09641172946535,4.68724355870384
2008M5,888.6625,-2.34023480803921,5.6498340300031,4.72922171509034
2008M6,889.488095238095,0.0928599973063643,3.20319076024323,4.61347138380821
2008M7,939.771739130435,5.49908917031469,4.01252756253213,4.67482718934201
2008M8,839.025,-11.3396511662491,8.59721661836093,6.20566359986776
2008M9,829.931818181818,-1.08969527535848,8.48544687842042,6.05433035461477
2008M10,806.619565217391,-2.84914120960471,5.48096714526152,5.98667377243319
2008M11,760.8625,-5.83994803264145,2.40157853318511,5.91939987773297
2008M12,816.092105263158,7.00745644662554,6.72251496420073,6.30281114268787
2009M1,858.690476190476,5.08813039630916,6.93015767606347,5.70225398493801
2009M2,943.1625,9.38300635086556,2.15147272428231,6.27625672433845
2009M3,924.272727272727,-2.023140268627,5.76073361416712,6.12130035970631
2009M4,890.2,-3.75610308950363,7.13838844709715,5.94342494100889
2009M5,928.644736842105,4.22800944989025,4.19972391917146,6.02829804197411
2009M6,945.670454545455,1.81679005636476,4.09506145702127,6.04170449957324
2009M7,934.228260869565,-1.2173352621353,2.72860386904063,5.84545652697407
2009M8,949.375,1.60830743270863,1.6947781610806,4.64335164024531
2009M9,996.590909090909,4.85364905320306,3.03790907889299,4.71318324804133
2009M10,1043.15909090909,4.56686115186029,1.79664175816884,4.57157393362893
2009M11,1127.03571428571,7.73372278315053,1.75147959270766,4.06836907749634
2009M12,1134.72368421053,0.679824700978153,3.53307097569758,3.94880645265459
2010M1,1117.9625,-1.48813391288159,4.82182820838798,4.04938637869817
2010M2,1095.4125,-2.03768274720479,1.43683072556955,3.51410380741558
2010M3,1113.33695652174,1.62307680170913,1.97411568838871,3.35988936327577
2010M4,1148.6875,3.12582135675076,2.65584814777494,2.93174727914246
2010M5,1205.43421052632,4.82198564776923,1.60042870846298,2.97518444328112
2010M6,1232.92045454546,2.25458656292168,1.3056008469271,2.97309070123594
2010M7,1192.96590909091,-3.29431414259571,4.14841655308877,3.2393171724815
2010M8,1215.80952380952,1.8967562745877,3.10552071938286,3.23691368864567
2010M9,1270.97727272727,4.43759809665701,3.94092958823252,3.20637015714134
2010M10,1342.02380952381,5.43926695761718,1.82613433291803,3.27828556795087
2010M11,1369.88636363636,2.05490099358443,1.73851080767953,2.75989808384915
2010M12,1390.55263157895,1.49734546564682,2.13321143639096,2.74446204759983
2011M1,1356.4,-2.48671135360927,2.47688714646621,2.86233534358432
2011M2,1372.725,1.19636841226517,2.21842182972179,2.63041136205916
2011M3,1424.01086956522,3.66796306902968,3.09714583549184,2.67802106974838
2011M4,1473.80555555556,3.43704228064563,1.36520596384439,2.69085299940498
2011M5,1510.4375,2.45514750723109,0.643993186235627,2.55464519763253
2011M6,1528.65909090909,1.19915959999452,1.12173540117842,2.55872876704934
2011M7,1572.80952380952,2.8472585752838,0.860957504290379,2.00275530576746
2011M8,1755.80681818182,11.0064951022337,5.25155850817234,3.20201985811774
2011M9,1771.85227272727,0.909700443603982,5.35836627146256,3.22616858319977
2011M10,1665.21428571429,-6.20716658922635,8.64971297760374,4.00703779741807
2011M11,1738.97727272727,4.33433508447779,5.3774401642908,4.07378885936552
2011M12,1652.30555555556,-5.11255471390771,5.79604979788154,4.56359688971325
2012M1,1656.11904761905,0.230532305238895,4.73697341854308,4.4162301468484
2012M2,1742.61904761905,5.09122392917201,5.10378945089033,4.52065377600926
2012M3,1673.77272727273,-4.03089847443557,4.56434063327388,4.79837975872495
2012M4,1650.06578947368,-1.42650370595162,4.698878638962,4.81114978473519
2012M5,1585.50454545455,-3.99124776434545,1.49233354035347,4.98356653959712
2012M6,1596.69736842105,0.703466934359349,2.35071028683843,4.97842991430578
2012M7,1593.90909090909,-0.17478045364157,2.49589954760592,4.91739335288059
2012M8,1626.03409090909,1.99544303349643,1.09166468443056,3.61891444363064
2012M9,1744.45,7.02953427017631,3.69581058324065,4.23577332445825
2012M10,1747.01086956522,0.146693325236402,3.56214938710582,3.77959085736094
2012M11,1721.13636363636,-1.49215037712434,4.52176988545688,3.59805509262328
2012M12,1688.52941176471,-1.91267696440816,1.08809139331605,3.29769656296808
2013M1,1670.95454545455,-1.04629323221755,0.433253577727399,3.31648843930475
2013M2,1627.5875,-2.62961901449653,0.792837436828296,2.987311903448
2013M3,1592.8625,-2.15661450223872,0.812759407215834,2.83497174474899
2013M4,1485.08333333333,-7.00618246708986,2.67383464861805,3.41463881529484
2013M5,1413.5,-4.94019892514518,2.43361663924101,3.50313749612513
2013M6,1342.3625,-5.16377768526102,1.13377914057861,3.65641923850446
2013M7,1286.72391304348,-4.23317354773031,0.485780541512464,3.71537518688077
2013M8,1347.09523809524,4.58512129641291,5.38004614871649,4.01776991642572
2013M9,1348.79761904762,0.126294424064245,4.40924071379121,3.05324264565479
2013M10,1316.1847826087,-2.44763076634861,3.55822590485054,2.966963262433
2013M11,1275.82142857143,-3.11470064943084,1.71143809807116,2.96079595924313
2013M12,1225.40277777778,-4.03206407282164,0.795504743559258,2.9860095358531
2014M1,1244.79545454546,1.57016347408706,3.00484223084849,3.20311032376356
2014M2,1300.975,4.41427604768108,4.29756891063293,3.76418707040809
2014M3,1336.08333333333,2.66284650606606,1.4347147207077,3.98127151652484
2014M4,1299,-2.81477107302351,3.77118288373291,3.61823985729243
2014M5,1287.525,-0.887296684549683,2.7785778297194,3.41206771982852
2014M6,1279.09523809524,-0.656878808241187,1.18495773077583,3.1210465429267
2014M7,1310.96739130435,2.46123485647183,1.87031141368706,2.96862583918361
2014M8,1295.9875,-1.14923785034314,1.95791400130621,2.6333742231581
2014M9,1238.81818181818,-4.51151068525289,3.48710893082579,2.88943126550625
2014M10,1222.48913043478,-1.32687949018427,1.89201440345036,2.84590222095828
2014M11,1176.3,-3.85151320832103,1.68083550300208,2.91191026958407
2014M12,1202.28947368421,2.18537148270187,3.03187673122329,2.81205717162554
2015M1,1251.84523809524,4.0391019481052,4.1259766714055,3.03178371702873
2015M2,1227.1875,-1.98936875021376,3.0878048192629,2.7430259666222
2015M3,1178.62954545455,-4.03726044199077,4.1984907764159,2.72553018283355
2015M4,1197.91,1.62260102922527,2.86572323454848,2.76431939836123
2015M5,1199.05263157895,0.095339964874527,2.928166216675,2.77200676147803
2015M6,1181.50454545455,-1.47431064842251,1.54850418929886,2.78373151606237
2015M7,1130.03695652174,-4.45383277511053,2.31071157039956,2.79428065653143
2015M8,1117.475,-1.11786611852608,1.83181505344471,2.79438554223416
2015M9,1124.53181818182,0.629511153025463,2.58271131290017,2.63599172869692
2015M10,1159.24545454546,3.04025358303584,2.08786038188639,2.85037762424469
2015M11,1085.70238095238,-6.55421899867284,4.99118493074593,3.22621801968334
2015M12,1068.25263157895,-1.62028742770283,4.79788542625727,3.10501574457563
2016M1,1097.375,2.68967052766886,4.62545334533629,2.92578086886157
2016M2,1199.91190476191,8.93271771364664,5.305928967623,4.09023837635912
2016M3,1246.3380952381,3.79615866501577,3.3312708542063,4.04478190199554
2016M4,1242.26190476191,-0.327589337095945,4.63937537316941,4.0332251072502
2016M5,1259.3975,1.3699597318378,2.07257535808762,4.04402973217719
2016M6,1276.40454545455,1.34137445694396,0.971933648729399,4.00632130407064
2016M7,1337.32619047619,4.66250637300987,1.9092580455134,3.8114043827255
2016M8,1341.08863636364,0.280945903115127,2.28591695945089,3.74814592984093
2016M9,1326.02954545455,-1.12925261735969,3.02024293231025,3.81983661062064
2016M10,1266.56904761905,-4.5877465730177,2.50512829796615,4.13864822048999
2016M11,1235.97954545455,-2.44478975116229,1.74566521857587,3.61763502798745
2016M12,1151.40277777778,-7.08828041349531,2.32403883210832,4.27360962391869
2017M1,1192.61666666667,3.51687668990806,5.31621465383069,4.31640413912781
2017M2,1234.3575,3.44008191139634,6.10084239907451,3.59406726168898
2017M3,1231.09347826087,-0.264781062360456,2.16151345310076,3.41508830129149
2017M4,1265.62777777778,2.76654849296826,1.97351698721947,3.51198511647018
2017M5,1245.00476190476,-1.64289113652834,2.25578161235034,3.52492435998032
2017M6,1260.25681818182,1.21761694154755,2.23699401213247,3.52051559319288
2017M7,1236.22142857143,-1.92560318281221,1.7388820793847,3.20919731431481
2017M8,1282.31590909091,3.6608254770174,2.80051441314325,3.43891537941801
2017M9,1314.97857142857,2.51526229153892,2.95075657938133,3.52593086334264
2017M10,1279.51363636364,-2.73403358722502,3.4098300223094,3.34601249368336
2017M11,1282.28409090909,0.216289958883369,2.63137448354294,3.24992991820385
2017M12,1261.25588235294,-1.65349771399635,1.49265271366721,2.3908913704195
2018M1,1331.66590909091,5.43227650750397,3.67221136680889,2.64242275098843
2018M2,1331.525,-0.0105819744698236,3.70882004821067,2.52842826481291
2018M3,1324.65714285714,-0.517123606614103,3.29839998074212,2.5375924616144
2018M4,1334.74,0.758285048419176,0.642184833376833,2.4470766831519
2018M5,1303.02619047619,-2.40471182544634,1.59134145431305,2.51505084994589
2018M6,1281.56666666667,-1.66061102374281,1.65374793701557,2.56462000793825
2018M7,1238.525,-3.41621323864267,0.881188614784537,2.70595318446726
2018M8,1201.24545454546,-3.0562258094043,0.927314286540073,2.57490332811106
2018M9,1198.4725,-0.231106807732253,1.74431415839412,2.39393835302583
2018M10,1215.39347826087,1.40200455040512,2.25551797535186,2.38366864197258
2018M11,1220.94545454546,0.455764657401606,0.819981204337812,2.39054953230258
2018M12,1247.92352941177,2.18554722013082,0.866165569691522,2.46452475598154
2019M1,1291.74545454546,3.45133757843313,1.50376361566075,2.1005830798406
2019M2,1320.065,2.16866084657456,0.735727528735374,2.21461327801778
2019M3,1300.89761904762,-1.46264754211973,2.54882031461837,2.24845066075901
2019M4,1286.445,-1.11719022149409,2.00426872016134,2.24469257611079
2019M5,1283.94761904762,-0.194319087264253,0.655704323630269,2.14541274104794
2019M6,1359.0425,5.68409983734929,3.6892873441938,2.65419550139489
2019M7,1412.97826086957,3.89193108204043,3.01289225238536,2.51122403772531
2019M8,1498.79761904762,5.89634808684186,1.1011059361732,2.49460221035295
2019M9,1511.31428571429,0.831646078551411,2.55062862397025,2.4323143394923
2019M10,1494.8,-1.09872415200111,3.61267609228063,2.58430169245565
2019M11,1470.01666666667,-1.6718680034337,1.31164056688155,2.7471077470645
2019M12,1476.04444444444,0.409209854230869,1.07496076604742,2.75741529143562
2020M1,1560.67272727273,5.57511266002436,3.73131267306609,2.96170278985324
2020M2,1597.1025,2.30740862786679,2.61303144594284,2.96449626299644
2020M3,1591.92727272727,-0.324564659763955,2.95554184277055,2.87489261707643
2020M4,1682.93,5.55909185307122,2.94726260409286,2.92934059405651
2020M5,1716.38157894737,1.96820197510571,2.96559951551887,2.83091582151992
2020M6,1732.21818181818,0.918443153301796,2.43351953811422,2.66036589662712
2020M7,1843.31304347826,6.21617464176807,2.80515074712432,2.88409399437965
2020M8,1968.03095238095,6.54690066913256,3.15845090291045,2.96456418216822
2020M9,1922.21363636364,-2.35560688163231,5.04710245060652,3.23551739578113
2020M10,1900.275,-1.14788449847722,4.82912954236866,3.23983154609604
2020M11,1863.49285714286,-1.95460056443816,0.615113842076259,3.26985142308285
2020M12,1855.9552631579,-0.40530767252408,0.774867689615202,3.31350568373192
2021M1,1866.985,0.592530007620606,1.28347592186014,3.11874888454669
2021M2,1808.175,-3.20067809263814,1.966308025778,3.38225363118655
2021M3,1718.22826086957,-5.1024370283689,2.89936097219449,3.81084101031168
2021M4,1761.6775,2.49728010771956,3.9547253434175,3.54446239232851
2021M5,1855.56,5.19200571783596,5.3384267051455,3.78940262003929
2021M6,1834.56590909091,-1.13786455751445,3.17655685068391,3.82249603788655
2021M7,1807.09318181818,-1.50883142996084,3.76621146079432,3.39491489932204
2021M8,1783.96904761905,-1.28788934004664,0.186609781327306,2.66065597455846
2021M9,1777.25227272727,-0.377217940261543,0.599817596656354,2.61768392796764
2021M10,1776.85476190476,-0.0223690969514605,0.652786538064412,2.61851967480665
2021M11,1820.23409090909,2.41203005504514,1.51833907676352,2.70888827316466
2021M12,1786.65263157895,-1.86212832721008,2.14396218612355,2.75144482864357
2022M1,1816.765,1.67136160583153,2.28409612812777,2.8010479307807
2022M2,1856.295,2.15251187167534,2.19219800701392,2.70921440355652
2022M3,1947.82826086957,4.81324738633257,1.69226009205611,2.43715269021387
2022M4,1933.9,-0.717635017648219,2.76610185435257,2.43971772242725
2022M5,1849.83318181818,-4.44432263517937,4.65799426557041,2.4404045944325
2022M6,1837.06409090909,-0.692676851005132,2.15884496890716,2.4252985763388
2022M7,1737.38047619048,-5.57901891153862,2.55730067525749,2.89613317892463
2022M8,1764.13260869565,1.52806243477506,3.63590032341982,2.925209463659
2022M9,1683.20818181818,-4.69575253361284,3.87355645194058,3.21465690309307
2022M10,1666.62666666667,-0.98999809425187,3.13073786705882,3.21500736969372
2022M11,1727.89863636364,3.61043856715569,4.1611185203611,3.33133684709541
2022M12,1797.40818181818,3.9439719111929,2.75739375684831,3.52125609447655
2023M1,1896.05954545455,5.34320809086622,0.9193835435036,3.82167590064319
2023M2,1853.409,-2.27511630710384,4.0553213351137,3.84611918717255
2023M3,1913.64826086957,3.19848582930816,3.92850736199859,3.68686563266323
2023M4,1999.6685,4.39699124297165,3.5570061084684,3.90419888241531
2023M5,1989.82695652174,-0.493373838817124,2.54891851801536,3.6264039790604
2023M6,1944.72863636364,-2.2925229676043,3.46174832019632,3.70707722849808
2023M7,1950.27,0.284537577152104,1.32182479991683,3.1864939386492
2023M8,1919.30217391304,-1.60061556408253,1.3337777971046,3.26315267294564
2023M9,1915.43476190476,-0.201704230783474,0.978705469836201,2.81429862970508
2023M10,1913.98454545455,-0.0757408057535744,0.846370952111286,2.76520052222705
2023M11,1985.77772727273,3.68234210342348,2.20699153687247,2.77108083373559
2023M12,2034.70428571429,2.43398546328813,1.91399701317847,2.66539973431388
2024M1,2034.00608695652,-0.0343203964240416,1.89140636634191,2.30223975275556
2024M2,2024.44619047619,-0.471111325614399,1.56646669747579,2.15251234358515
2024M3,2162.34619047619,6.58976545332425,3.95654058802243,2.66651954398996
2024M4,2333.55045454545,7.61970765032086,4.40412900049229,3.15525337345305
2024M5,2350.59652173913,0.727822697612787,3.71755367595762,3.11201710110206
2024M6,2328.2625,-0.95468537378427,4.54329409392757,2.98971812533075
2024M7,2393.96217391304,2.78275253959863,1.87180893888738,2.98436199175655
2024M8,2468.32863636364,3.05914495182151,2.24186190493077,2.81292605141191
2024M9,2569.04904761905,3.9994553892326,0.637827341912375,2.76186360432478
2024M10,2689.12869565217,4.56814261321841,0.76208735495898,2.70098402283228
2024M11,2652.19952380952,-1.38279314673054,3.28394175954856,2.94136542213279
2024M12,2640.60545454546,-0.438107500881164,3.19814028234731,3.05406167103512
2025M1,2707.46739130435,2.50054262738359,2.02519103133256,2.97419354993847
2025M2,2894.38,6.67572697591449,3.57478367373035,3.06481037739517
2025M3,2986.25619047619,3.12495669089656,2.25203711055481,2.84934847074094
2025M4,3222.01181818182,7.59854600636019,2.36194009038295,2.84602485533563
2025M5,3288.00954545455,2.02764275958818,2.9510467694297,2.78877982535785
2025M6,3351.85857142857,1.92326091266376,3.24691441858254,2.55039333233881
2025M7,3341.64913043478,-0.305055267457412,1.31768538568833,2.72792427021367
2025M8,3367.25619047619,0.763378917129707,1.11447078987804,2.78638963954439
2025M9,3666.52363636364,8.51457491730966,4.81332296229356,3.25907254969862
2025M9,,,,
