"WEO Data for Georgia",,,,,,,
,,,,,,,
Year,"Nominal GDP (Bil USD)","Real GDP Growth (%)","GDP Deflator Index (2020=100)","GDP Deflator Growth (%)",,,
2020,16.013,-6.3,100,,,,
2021,18.849,10.6,106.429123082523,6.42912308252255,,,
2022,24.985,11,127.09502309329,19.4175235238421,,,
2023,30.778,7.8,145.234844831399,14.2726452197849,,,
2024,33.775,9.4,145.682862226922,0.308477897327597,,,
2025,37.403,7.2,150.495931589469,3.30379928632187,,,
2026,40.177,5.3,153.520881794427,2.00998802626124,,,
2027,42.408,5,154.329320261132,0.526598373625298,,,
2028,44.723,5,155.003777140849,0.437024460793545,,,
2029,47.202,5,155.805381669012,0.517151609430755,,,
2030,49.802,5,156.55954081607,0.484039215448906,,,
2031,52.5489605808835,5,157.328566626792,0.491203414824626,,,
2032,55.4474370131973,5,158.101369918557,0.491203414824626,,,
2033,58.5057865531008,5,158.877969246482,0.491203414824626,,,
2034,61.7328274232456,5,159.658383256825,0.491203414824626,,,
2035,65.1378642385972,5,160.442630687436,0.491203414824626,,,
2036,68.7307148346851,5,161.230730368207,0.491203414824626,,,
2037,72.5217385756357,5,162.022701221522,0.491203414824626,,,
2038,76.5218662236099,5,162.818562262714,0.491203414824626,,,
2039,80.7426314557672,5,163.618332600516,0.491203414824626,,,
2040,85.1962041196321,5,164.422031437529,0.491203414824626,,,
2041,89.8954253227471,5,165.229678070674,0.491203414824626,,,
2042,94.8538444577888,5,166.041291891661,0.491203414824626,,,
2043,100.085758269901,5,166.856892387452,0.491203414824626,,,
,,,,,,"Avg Deflator Growth (2027-2030):",0.491203414824626
