Product,"Supply (Basic Prices)","Use (Intermediate + Final)",Imports,"Domestic Use","Import Share",Notes
,,800,3200,2200,,
,,400,1200,1400,,
,,1200,1200,400,,
,,0,0,300,,
,,0,0,1600,,
,,0,0,0,,
,,0,0,0,,
,,0,0,0,,
,,0,0,0,,
,,0,0,0,,
,,0,0,0,,
,,0,0,0,,
,,0,0,0,,
,,0,0,0,,
,,0,0,0,,
,,0,0,0,,
,,0,0,0,,
,,0,0,0,,
,,0,0,0,,
,,0,0,0,,
,,0,0,0,,
,,0,0,0,,
,,0,0,0,,
,,,,,,
,,,,,,
,,,,,,
,,,,,,
,,,,,,
,,,,,,
,,,,,,
,,,,,,
,,,,,,
,,,,,,
,,,,,,
,,,,,,
,,,,,,
,,,,,,
,,,,,,
,,,,,,
,,,,,,
,,,,,,
,,,,,,
,,,,,,
,,,,,,
"Import Content Share",,0.9491525423728814,,,,
