"IMF WEO Data - Georgia (April 2025)",,,,,
"Source: IMF World Economic Outlook Database, April 2025",,,,,
,,,,,
Year,"Nominal GDP (billions GEL)","Real GDP growth rate (%)","GDP Deflator (Index)","Nominal GDP (billions USD)","GDP Deflator Growth Rate (%)"
2020,49.789,-6.291,106.847,16.013,n/a
2021,60.724,10.644,117.779,18.849,10.23145245070054
2022,72.86,10.96,127.359,24.985,8.133877855984517
2023,80.883,7.832,131.115,30.778,2.9491437589805214
2024,91.892,9.429,136.126,33.775,3.8218357930061453
2025,101.487,5.977,141.86,35.353,4.21227392268928
2026,110.29,5,146.825,36.763,3.4999295079655823
2027,119.858,5,151.964,38.664,3.5000851353652385
2028,130.256,5,157.283,40.705,3.5001710931536367
2029,141.556,5,162.788,42.896,3.5000604006790503
2030,153.836,5,168.486,45.246,3.5002580042754916
2031,167.18150504820193,5,174.38325204423847,60.88182995200361,3.500143658368354
2032,181.68475278986688,5,180.4869163819214,66.16342053527563,3.500143658368354
2033,197.4461791500068,5,186.8042177398478,71.9031970684657,3.500143658368354
2034,214.57493302162717,5,193.34263372063367,78.14090787386277,3.500143658368354
2035,233.18963212884339,5,200.10990365372876,84.9197495006713,3.500143658368354
2036,253.41918446226225,5,207.11403775623177,92.2866658638974,3.500143658368354
2037,275.40368097512226,5,214.36332661434713,100.2926733339848,3.500143658368354
2038,299.2953657221703,5,221.86635099670664,108.99321402846697,3.500143658368354
2039,325.2596901595495,5,229.63199201117112,118.44853975220302,3.500143658368354
2040,353.4764589067924,5,237.66944161713505,128.72412924500816,3.500143658368354
2041,384.14107490539567,5,245.98821350577666,139.89114162614555,3.500143658368354
2042,417.4658925967791,5,254.59815436113269,152.02690917581177,3.500143658368354
2043,453.6816884904739,5,263.50945551532675,165.21547286615947,3.500143658368354
,,,,,
,,,,,
"Avg Deflator Growth Rate (2027-2030):",,,,,3.500143658368354
