"Scenario 1: Base Case (Multiplier=0.8, Import Share from SUT)",,,,,,,,,,,,,,,,,,,,,
,Unit,2024,2025,2026,2027,2028,2029,2030,2031,2032,2033,2034,2035,2036,2037,2038,2039,2040,2041,2042,2043
"Nominal GDP","Bn GEL",91.892,101.487,110.29,119.858,130.256,141.556,153.836,167.18150504820193,181.68475278986688,197.4461791500068,214.57493302162717,233.18963212884339,253.41918446226225,275.40368097512226,299.2953657221703,325.2596901595495,353.4764589067924,384.14107490539567,417.4658925967791,453.6816884904739
"Real GDP Growth Rate",%,9.429,5.977,5,5,5,5,5,5,5,5,5,5,5,5,5,5,5,5,5,5
"GDP Deflator Index",Index,136.126,141.86,146.825,151.964,157.283,162.788,168.486,174.38325204423847,180.4869163819214,186.8042177398478,193.34263372063367,200.10990365372876,207.11403775623177,214.36332661434713,221.86635099670664,229.63199201117112,237.66944161713505,245.98821350577666,254.59815436113269,263.50945551532675
"Baseline Real GDP","Bn GEL",67.50510556396279,71.54025095164246,75.11663545036609,78.87262772761972,82.81632471405047,86.95726957761013,91.30491554194415,95.87016131904136,100.66366938499343,105.6968528542431,110.98169549695524,116.53078027180301,122.35731928539317,128.47518524966284,134.89894451214596,141.64389173775328,148.72608632464096,156.16239064087299,163.97051017291665,172.1690356815625
,,,,,,,,,,,,,,,,,,,,,
"Project Allocation (Bell Shape)",%,0,0,0.05,0.1,0.15,0.2,0.2,0.15,0.1,0.05,0,0,0,0,0,0,0,0,0,0
"Nominal Investment Shock","Bn GEL",0,0,0.8924500000000001,1.7849000000000002,2.67735,3.5698000000000003,3.5698000000000003,2.67735,1.7849000000000002,0.8924500000000001,0,0,0,0,0,0,0,0,0,0
"Real Investment Shock","Bn GEL",0,0,0.6078324536012261,1.1745544997499409,1.7022500842430524,2.1929134825662824,2.11875170637323,1.5353251924220312,0.988935949364353,0.47774617232832894,0,0,0,0,0,0,0,0,0,0
"Domestic Content","Bn GEL",0,0,0.4674240255521659,0.9032340890170929,1.3090327476910426,1.6863536022728147,1.6293230903860678,1.1806672673064917,0.760493158478839,0.36738748932999693,0,0,0,0,0,0,0,0,0,0
"GDP Impact","Bn GEL",0,0,0.3739392204417327,0.7225872712136744,1.0472261981528341,1.3490828818182519,1.3034584723088543,0.9445338138451934,0.6083945267830713,0.29390999146399754,0,0,0,0,0,0,0,0,0,0
"Impact (% of Baseline Real GDP)",%,0,0,0.4978114610695204,0.9161445383930551,1.2645166297450576,1.5514319715549296,1.4275884979161548,0.9852218884892955,0.6043834190627752,0.2780688199574892,0,0,0,0,0,0,0,0,0,0
,,,,,,,,,,,,,,,,,,,,,
"Contribution to Growth",pp,0,0,0.5226976638570872,0.4641422618060598,0.41159897456475547,0.3644893500257025,-0.05246761970680027,-0.3931055150023944,-0.3506192984733817,-0.31241115810741144,-0.2780688199574892,0,0,0,0,0,0,0,0,0
"New Real GDP Growth Rate",%,9.429,5.977,5.5226976638570875,5.46414226180606,5.411598974564756,5.3644893500257025,4.947532380293199,4.606894484997605,4.649380701526618,4.687588841892588,4.72193118004251,5,5,5,5,5,5,5,5,5
"New Real GDP","Bn GEL",67.50510556396279,71.53988572352085,75.49081732109977,79.6157429741248,83.92422770450464,88.4263339618041,92.80125546727056,97.07651138740079,101.5899679735619,106.35208797677285,111.37396037957433,116.94265839855305,122.78979131848071,128.92928088440476,135.375744928625,142.14453217505627,149.2517587838091,156.71434672299955,164.55006405914955,172.77756726210703
"New Nominal GDP","Bn GEL",91.892,101.48648188738669,110.83939253170472,120.987267653199,131.99854306047604,143.94746052974168,156.35712328658548,169.285177528445,183.35660054886338,198.67018599500523,215.33334827684405,234.01384105145368,254.31489475215633,276.3770954837656,300.3532254077495,326.40932076854176,354.72582170523236,385.49882181115527,418.94142609465626,455.2852267450057
"Real GDP Difference","Bn GEL",0,-0.0003652281216091069,0.37418187073367903,0.7431152465050843,1.1079029904541784,1.4690643841939703,1.49633992532641,1.206350068359427,0.9262985885684714,0.6552351225297457,0.392264882619088,0.41187812675003954,0.4324720330875351,0.4540956347419183,0.47680041647905114,0.5006404373029909,0.5256724591681348,0.5519560821265657,0.579553886232901,0.6085315805445362
"Growth Rate Difference",pp,0,0,0.5226976638570875,0.4641422618060602,0.4115989745647557,0.3644893500257025,-0.05246761970680058,-0.39310551500239477,-0.350619298473382,-0.3124111581074116,-0.27806881995748967,0,0,0,0,0,0,0,0,0
,,,,,,,,,,,,,,,,,,,,,
,,,,,,,,,,,,,,,,,,,,,
Assumptions:,,,,,,,,,,,,,,,,,,,,,
,"Total Investment (USD billions)",,6.5,,,,,,,,,,,,,,,,,,
,"Exchange Rate (Lari/USD)",,2.746,,,,,,,,,,,,,,,,,,
,"Demand Multiplier",,0.8,,,,,,,,,,,,,,,,,,
,"Import Content Share",,0.23099857076926722,,,,,,,,,,,,,,,,,,
,,,,,,,,,,,,,,,,,,,,,
,"Total Investment (Bn GEL)",,17.849,,,,,,,,,,,,,,,,,,
,,,,,,,,,,,,,,,,,,,,,
,,,,,,,,,,,,,,,,,,,,,
"Scenario 2: Higher Multiplier (Multiplier=1.0, Import Share from SUT)",,,,,,,,,,,,,,,,,,,,,
,Unit,2024,2025,2026,2027,2028,2029,2030,2031,2032,2033,2034,2035,2036,2037,2038,2039,2040,2041,2042,2043
"Nominal GDP","Bn GEL",91.892,101.487,110.29,119.858,130.256,141.556,153.836,167.18150504820193,181.68475278986688,197.4461791500068,214.57493302162717,233.18963212884339,253.41918446226225,275.40368097512226,299.2953657221703,325.2596901595495,353.4764589067924,384.14107490539567,417.4658925967791,453.6816884904739
"Real GDP Growth Rate",%,9.429,5.977,5,5,5,5,5,5,5,5,5,5,5,5,5,5,5,5,5,5
"GDP Deflator Index",Index,136.126,141.86,146.825,151.964,157.283,162.788,168.486,174.38325204423847,180.4869163819214,186.8042177398478,193.34263372063367,200.10990365372876,207.11403775623177,214.36332661434713,221.86635099670664,229.63199201117112,237.66944161713505,245.98821350577666,254.59815436113269,263.50945551532675
"Baseline Real GDP","Bn GEL",67.50510556396279,71.54025095164246,75.11663545036609,78.87262772761972,82.81632471405047,86.95726957761013,91.30491554194415,95.87016131904136,100.66366938499343,105.6968528542431,110.98169549695524,116.53078027180301,122.35731928539317,128.47518524966284,134.89894451214596,141.64389173775328,148.72608632464096,156.16239064087299,163.97051017291665,172.1690356815625
,,,,,,,,,,,,,,,,,,,,,
"Project Allocation (Bell Shape)",%,0,0,0.05,0.1,0.15,0.2,0.2,0.15,0.1,0.05,0,0,0,0,0,0,0,0,0,0
"Nominal Investment Shock","Bn GEL",0,0,0.8924500000000001,1.7849000000000002,2.67735,3.5698000000000003,3.5698000000000003,2.67735,1.7849000000000002,0.8924500000000001,0,0,0,0,0,0,0,0,0,0
"Real Investment Shock","Bn GEL",0,0,0.6078324536012261,1.1745544997499409,1.7022500842430524,2.1929134825662824,2.11875170637323,1.5353251924220312,0.988935949364353,0.47774617232832894,0,0,0,0,0,0,0,0,0,0
"Domestic Content","Bn GEL",0,0,0.4674240255521659,0.9032340890170929,1.3090327476910426,1.6863536022728147,1.6293230903860678,1.1806672673064917,0.760493158478839,0.36738748932999693,0,0,0,0,0,0,0,0,0,0
"GDP Impact","Bn GEL",0,0,0.4674240255521659,0.9032340890170929,1.3090327476910426,1.6863536022728147,1.6293230903860678,1.1806672673064917,0.760493158478839,0.36738748932999693,0,0,0,0,0,0,0,0,0,0
"Impact (% of Baseline Real GDP)",%,0,0,0.6222643263369004,1.1451806729913188,1.5806457871813218,1.9392899644436616,1.7844856223951933,1.2315273606116193,0.7554792738284688,0.34758602494686147,0,0,0,0,0,0,0,0,0,0
,,,,,,,,,,,,,,,,,,,,,
"Contribution to Growth",pp,0,0,0.6533720798213589,0.5801778272575746,0.5144987182059444,0.455611687532128,-0.06558452463350022,-0.49138189375299307,-0.43827412309172714,-0.3905139476342642,-0.34758602494686147,0,0,0,0,0,0,0,0,0
"New Real GDP Growth Rate",%,9.429,5.977,5.653372079821359,5.580177827257574,5.514498718205944,5.455611687532128,4.9344154753664995,4.508618106247007,4.561725876908273,4.609486052365736,4.652413975053139,5,5,5,5,5,5,5,5,5
"New Real GDP","Bn GEL",67.50510556396279,71.53988572352085,75.58430164895049,79.8020400904527,84.20272256834292,88.79649614200169,93.17808418921584,97.3791281640249,101.82129705219089,106.51473553814951,111.47024197981727,117.04375407880815,122.89594178274857,129.040738871886,135.4927758154803,142.2674146062543,149.38078533656702,156.84982460339538,164.69231583356515,172.9269316252434
"New Nominal GDP","Bn GEL",91.892,101.48648188738669,110.97665089607153,121.27037220305554,132.4365681371668,144.55004013964174,156.9920269270422,169.81289050475357,183.77411926957555,198.97401849970785,215.51950165854214,234.21614351981023,254.53474726479845,276.61602053350776,300.61287756595436,326.6914981431336,355.03247839270995,385.83208142883643,419.30359648686436,455.67881596504026
"Real GDP Difference","Bn GEL",0,-0.0003652281216091069,0.4676661985843964,0.9294123628329913,1.3863978542924542,1.8392265643915522,1.873168647271683,1.5089668449835472,1.1576276671974597,0.8178826839064044,0.4885464828620343,0.5129738070051388,0.5386224973553908,0.565553622223149,0.5938313033343263,0.623522868501027,0.6546990119260556,0.6874339625223911,0.7218056606484993,0.7578959436809214
"Growth Rate Difference",pp,0,0,0.6533720798213594,0.5801778272575744,0.5144987182059442,0.45561168753212833,-0.06558452463350051,-0.491381893752993,-0.43827412309172686,-0.39051394763426384,-0.3475860249468612,0,0,0,0,0,0,0,0,0
,,,,,,,,,,,,,,,,,,,,,
,,,,,,,,,,,,,,,,,,,,,
Assumptions:,,,,,,,,,,,,,,,,,,,,,
,"Total Investment (USD billions)",,6.5,,,,,,,,,,,,,,,,,,
,"Exchange Rate (Lari/USD)",,2.746,,,,,,,,,,,,,,,,,,
,"Demand Multiplier",,1,,,,,,,,,,,,,,,,,,
,"Import Content Share",,0.23099857076926722,,,,,,,,,,,,,,,,,,
,,,,,,,,,,,,,,,,,,,,,
,"Total Investment (Bn GEL)",,17.849,,,,,,,,,,,,,,,,,,
,,,,,,,,,,,,,,,,,,,,,
,,,,,,,,,,,,,,,,,,,,,
"Scenario 3: Higher Import Content (Multiplier=0.8, Import Share=0.5)",,,,,,,,,,,,,,,,,,,,,
,Unit,2024,2025,2026,2027,2028,2029,2030,2031,2032,2033,2034,2035,2036,2037,2038,2039,2040,2041,2042,2043
"Nominal GDP","Bn GEL",91.892,101.487,110.29,119.858,130.256,141.556,153.836,167.18150504820193,181.68475278986688,197.4461791500068,214.57493302162717,233.18963212884339,253.41918446226225,275.40368097512226,299.2953657221703,325.2596901595495,353.4764589067924,384.14107490539567,417.4658925967791,453.6816884904739
"Real GDP Growth Rate",%,9.429,5.977,5,5,5,5,5,5,5,5,5,5,5,5,5,5,5,5,5,5
"GDP Deflator Index",Index,136.126,141.86,146.825,151.964,157.283,162.788,168.486,174.38325204423847,180.4869163819214,186.8042177398478,193.34263372063367,200.10990365372876,207.11403775623177,214.36332661434713,221.86635099670664,229.63199201117112,237.66944161713505,245.98821350577666,254.59815436113269,263.50945551532675
"Baseline Real GDP","Bn GEL",67.50510556396279,71.54025095164246,75.11663545036609,78.87262772761972,82.81632471405047,86.95726957761013,91.30491554194415,95.87016131904136,100.66366938499343,105.6968528542431,110.98169549695524,116.53078027180301,122.35731928539317,128.47518524966284,134.89894451214596,141.64389173775328,148.72608632464096,156.16239064087299,163.97051017291665,172.1690356815625
,,,,,,,,,,,,,,,,,,,,,
"Project Allocation (Bell Shape)",%,0,0,0.05,0.1,0.15,0.2,0.2,0.15,0.1,0.05,0,0,0,0,0,0,0,0,0,0
"Nominal Investment Shock","Bn GEL",0,0,0.8924500000000001,1.7849000000000002,2.67735,3.5698000000000003,3.5698000000000003,2.67735,1.7849000000000002,0.8924500000000001,0,0,0,0,0,0,0,0,0,0
"Real Investment Shock","Bn GEL",0,0,0.6078324536012261,1.1745544997499409,1.7022500842430524,2.1929134825662824,2.11875170637323,1.5353251924220312,0.988935949364353,0.47774617232832894,0,0,0,0,0,0,0,0,0,0
"Domestic Content","Bn GEL",0,0,0.30391622680061303,0.5872772498749704,0.8511250421215262,1.0964567412831412,1.059375853186615,0.7676625962110156,0.4944679746821765,0.23887308616416447,0,0,0,0,0,0,0,0,0,0
"GDP Impact","Bn GEL",0,0,0.24313298144049045,0.46982179989997636,0.680900033697221,0.877165393026513,0.8475006825492921,0.6141300769688125,0.3955743797457412,0.1910984689313316,0,0,0,0,0,0,0,0,0,0
"Impact (% of Baseline Real GDP)",%,0,0,0.3236739504941519,0.5956715446611823,0.8221809360029481,1.008731526745599,0.9282092618112796,0.6405852128746093,0.3929663821739366,0.18079863663950152,0,0,0,0,0,0,0,0,0,0
,,,,,,,,,,,,,,,,,,,,,
"Contribution to Growth",pp,0,0,0.339854806498842,0.3017824441954304,0.2676191219673653,0.23698873381179397,-0.03411412366247866,-0.2555947882929398,-0.22797051159197604,-0.20312781370245991,-0.18079863663950152,0,0,0,0,0,0,0,0,0
"New Real GDP Growth Rate",%,9.429,5.977,5.339854806498842,5.30178244419543,5.267619121967365,5.236988733811794,4.965885876337522,4.74440521170706,4.772029488408024,4.79687218629754,4.819201363360499,5,5,5,5,5,5,5,5,5
"New Real GDP","Bn GEL",67.50510556396279,71.53988572352085,75.36001174989205,79.35543562279145,83.53557772397811,87.91032651810744,92.27585300651234,96.65379338570047,101.26614090773106,106.12374825507088,111.2380653778285,116.79996864671993,122.63996707905594,128.77196543300875,135.2105637046592,141.97109188989216,149.06964648438677,156.52312880860612,164.34928524903643,172.56674951148827
"New Nominal GDP","Bn GEL",91.892,101.48648188738669,110.64733725177899,120.59169418981878,131.38726271160448,143.10746233229676,155.47189369655234,168.54802813010355,182.77213506333524,198.24363776409052,215.07060530137397,233.7283047265367,254.0045877203461,276.0398688488747,299.9867438536048,326.0110463867696,354.2929964200792,385.0284482796358,418.43024694976003,454.7297020382205
"Real GDP Difference","Bn GEL",0,-0.0003652281216091069,0.24337629952596274,0.4828078951717316,0.7192530099276411,0.953056940497305,0.9709374645681805,0.7836320666591092,0.6024715227376305,0.42689540082777455,0.2563698808732653,0.26918837491692216,0.28264779366276116,0.29678018334590206,0.3116191925132341,0.32720015213888587,0.343560159745806,0.36073816773313183,0.3787750761197799,0.3977138299257774
"Growth Rate Difference",pp,0,0,0.3398548064988418,0.30178244419543,0.2676191219673649,0.23698873381179375,-0.034114123662478235,-0.2555947882929397,-0.2279705115919759,-0.20312781370246036,-0.18079863663950135,0,0,0,0,0,0,0,0,0
,,,,,,,,,,,,,,,,,,,,,
,,,,,,,,,,,,,,,,,,,,,
Assumptions:,,,,,,,,,,,,,,,,,,,,,
,"Total Investment (USD billions)",,6.5,,,,,,,,,,,,,,,,,,
,"Exchange Rate (Lari/USD)",,2.746,,,,,,,,,,,,,,,,,,
,"Demand Multiplier",,0.8,,,,,,,,,,,,,,,,,,
,"Import Content Share",,0.5,,,,,,,,,,,,,,,,,,
,,,,,,,,,,,,,,,,,,,,,
,"Total Investment (Bn GEL)",,17.849,,,,,,,,,,,,,,,,,,
