Date,"Gold Price (US$ per troy ounce)","Monthly Log Return (%)","3-Month Volatility (%)","12-Month Volatility (%)"
1990/01/01,409.819061279297,,,
1990/02/01,417.181060791016,0.7732429875410558,,
1990/03/01,392.703338623047,-2.6259990574834946,2.403627100931287,
1990/04/01,374.292114257813,-2.0853916188411947,1.8266040757000535,
1990/05/01,369.197631835938,-0.5951770669193697,1.0517631047304796,
1990/06/01,352.527618408203,-2.006575963650734,0.8385501539320889,
1990/07/01,362.498565673828,1.2113145495731705,1.612982649278904,
1990/08/01,394.631805419922,3.688579186329715,2.8555925134715845,
1990/09/01,389.755004882813,-0.5400383651714111,2.124667954817578,
1990/10/01,380.995208740234,-0.9872186537799019,2.5801893357192838,
1990/11/01,381.794097900391,0.09096962365487894,0.5416996791089371,
1990/12/01,376.682342529297,-0.585394784774953,0.5448885507285752,1.7802925224783204
1991/01/01,383.702270507813,0.801910652014518,0.693724529110958,1.7287634500261806
1991/02/01,364.391662597656,-2.2425937473945985,1.524244720874064,1.7865863575605498
1991/03/01,362.760803222656,-0.19480767739785396,1.5521964144764222,1.6553250478361259
1991/04/01,358.323333740234,-0.5345264828568602,1.0974463111727941,1.559948885225704
1991/05/01,356.964294433594,-0.16503122898954933,0.20527308895419255,1.5539152198766735
1991/06/01,366.910003662109,1.1934775071610382,0.9099515113771824,1.4735966249802324
1991/07/01,367.792266845703,0.1043040784761235,0.7193036275683989,1.4348976549820005
1991/08/01,356.669525146484,-1.3336590002423812,1.2675735021792627,0.9168321461278568
1991/09/01,348.742858886719,-0.9760680132106428,0.7486446627361087,0.9328548058205476
1991/10/01,358.814361572266,1.2364493947835733,1.392154311182652,1.0226567458371854
1991/11/01,359.589996337891,0.09377839258949008,1.1064584366298431,1.0227339801006516
1991/12/01,361.532012939453,0.23391579286745345,0.6232186792748868,1.0232414087548167
1992/01/01,354.700958251953,-0.8284397490845893,0.5771660779627872,0.9933669032400978
1992/02/01,353.779998779297,-0.11290856538760312,0.5417366069469032,0.7787881845425685
1992/03/01,344.183319091797,-1.1943457760432623,0.5500573509489993,0.8400788050310554
1992/04/01,338.691589355469,-0.6985406288203463,0.5413400191998745,0.8474907489664205
1992/05/01,337.098937988281,-0.2047027748824941,0.49482182647581563,0.8474026200547535
1992/06/01,341.021911621094,0.5024900234033738,0.6036654851143795,0.7628259621264663
1992/07/01,352.254486083984,1.4074248172404171,0.8080825048974789,0.9004823551819383
1992/08/01,342.892852783203,-1.1698099880533674,1.3075188686358603,0.8820594250329312
1992/09/01,345.006500244141,0.26688448352426397,1.291450250629938,0.8475896164517375
1992/10/01,344.892395019531,-0.014365951357955015,0.7613851121167434,0.7474798812599895
1992/11/01,335.050537109375,-1.2573299672913578,0.8110991558888775,0.8078557882311003
1992/12/01,334.80712890625,-0.03156218088795808,0.712713350677025,0.7967846106314166
1993/01/01,329.030548095703,-0.7558475758976185,0.6162494879628129,0.7924890892854192
1993/02/01,329.299987792969,0.03554937037944223,0.43882464613147276,0.7963458656663813
1993/03/01,330.096954345703,0.10498026985875167,0.47821793435084176,0.7443172481245702
1993/04/01,342.05712890625,1.545712879370338,0.8525574199431054,0.8662594320527381
1993/05/01,366.667999267578,3.0174362715786156,1.456255481090524,1.2143717371890654
1993/06/01,371.809997558594,0.6048054469135435,1.216008774348109,1.2162475220929283
1993/07/01,392.399993896484,2.3407928662772837,1.2444735241760554,1.3181856932418339
1993/08/01,378.700012207031,-1.5433672832862708,1.945721736974949,1.3620663769494583
1993/09/01,354.399993896484,-2.880161338434637,2.7120742744572426,1.6533385733959807
1993/10/01,362.380004882813,0.9670520773015966,1.9532142218283546,1.671490996571281
1993/11/01,374.167510986328,1.3901848446128953,2.352868778323673,1.6390820755264803
1993/12/01,383.302001953125,1.047501258801219,0.224701820776344,1.6428707335348156
1994/01/01,387.077514648438,0.4256856321502197,0.48893514300181723,1.596188286234988
1994/02/01,382.304992675781,-0.5387974180559123,0.7992940343287303,1.6226517352460972
1994/03/01,383.877502441406,0.1782690879043598,0.5009369345655467,1.6210020015010704
1994/04/01,377.321044921875,-0.7481632094912848,0.485848949477648,1.6276658311251484
1994/05/01,381.589996337891,0.4885952364596033,0.6434478188848156,1.3993225490246335
1994/06/01,385.743194580078,0.470129199123736,0.7087722766698689,1.3958296776261598
1994/07/01,385.399993896484,-0.03865693820254958,0.2992209840447527,1.2103992397363186
1994/08/01,380.761352539063,-0.5258842591560787,0.4980456145263322,1.1304301083519455
1994/09/01,391.928100585938,1.255354192866618,0.9205673696674489,0.7229659728072438
1994/10/01,389.594451904297,-0.2593639183265044,0.9607474929637327,0.7166662421932264
1994/11/01,384.441253662109,-0.5782778780761058,0.9796499069981865,0.6578448069170921
1994/12/01,379.399993896484,-0.573266524863905,0.18269559097725097,0.6098138361485937
1995/01/01,378.549987792969,-0.09740830503726434,0.27619489052483526,0.5921715130159819
1995/02/01,376.505249023438,-0.23522012484574634,0.2448497878362507,0.5771114895658384
1995/03/01,381.661895751953,0.5907767881493696,0.44250456126475557,0.603951762088794
1995/04/01,391.04443359375,1.0547305060939616,0.653388167290805,0.6302749358546401
1995/05/01,385.219055175781,-0.6518346493861341,0.88239266268741,0.6566021717041186
1995/06/01,387.490478515625,0.25532736970718584,0.8538494142459866,0.6464893212935877
1995/07/01,386.240478515625,-0.14032489452342248,0.45481239216406355,0.6479403771022071
1995/08/01,383.697631835938,-0.2868667706499527,0.28047273233094244,0.6335543834983877
1995/09/01,383.217498779297,-0.05437868050775128,0.11755281452768315,0.50201615129152
1995/10/01,383.069030761719,-0.016828911665375954,0.14627664571116514,0.4990710189669473
1995/11/01,385.676300048828,0.29459092902005635,0.19156029976948355,0.48009433231338366
1995/12/01,387.557678222656,0.21133933443710373,0.16123166236951625,0.44537114431185926
1996/01/01,400.070587158203,1.3800278125900691,0.6520399802647944,0.5774155405168497
1996/02/01,404.484222412109,0.4764962291594567,0.6127139435934364,0.5650550175071654
1996/03/01,396.326324462891,-0.8848666246420481,1.140133395249009,0.641751642241101
1996/04/01,393.144989013672,-0.3500175081069629,0.6858689567571736,0.5845952809499649
1996/05/01,391.94287109375,-0.1329974933392556,0.38696865826449756,0.5485117247992228
1996/06/01,385.272491455078,-0.7454768236962365,0.3105416470219543,0.5909886402071557
1996/07/01,383.586364746094,-0.19048403839637124,0.3382436559424882,0.5920874161306796
1996/08/01,387.471435546875,0.4376530757541926,0.5919416616640927,0.5998414389970578
1996/09/01,382.964996337891,-0.5080611250297129,0.48128072017833495,0.619975380475461
1996/10/01,381.072723388672,-0.21512167768184798,0.4841321699874077,0.6230303965573236
1996/11/01,378.516662597656,-0.2922861502549193,0.15183692753467212,0.6192066374143058
1996/12/01,368.977661132813,-1.1084928599929842,0.49501848757275646,0.6794049763990947
1997/01/01,355.200012207031,-1.65271016057726,0.6847285777515781,0.6074958128034161
1997/02/01,346.713195800781,-1.0502600942456677,0.3322924434101077,0.5581366357792743
1997/03/01,351.805267333984,0.6331966468018162,1.1847884912100808,0.6428641807189124
1997/04/01,344.583343505859,-0.9008056895517338,0.9318016943891355,0.656063726997363
1997/05/01,343.702789306641,-0.11112240103184558,0.7671129544243299,0.6571364394481809
1997/06/01,340.476318359375,-0.4096146462975856,0.39874092625506147,0.6517145813385299
1997/07/01,324.088623046875,-2.1423124558032485,1.0967430843298231,0.8068754834914165
1997/08/01,324.049987792969,-0.005177620131734649,1.135279430583818,0.7635696475403423
1997/09/01,324.476196289063,0.05708328489605233,1.252235557602337,0.7898861960347755
1997/10/01,323.883331298828,-0.07942447194176547,0.06834152346301207,0.7968347364449293
1997/11/01,305.346160888672,-2.5596133568592263,1.4729263721991426,0.9701722807815968
1997/12/01,287.619995117188,-2.597338941697372,1.4429514545786675,1.1025300477244409
1998/01/01,289.5,0.28294934902722385,1.652152464430018,1.1240228837552082
1998/02/01,297.455261230469,1.177308683529431,1.9724732339344424,1.2455343483009116
1998/03/01,295.954559326172,-0.21966200183292706,0.7075808416695195,1.1949008789920308
1998/04/01,308.285003662109,1.7727364367014147,1.0227180161122367,1.374658063243884
1998/05/01,298.978942871094,-1.3311797267227592,1.5726526815216912,1.3960718010414932
1998/06/01,292.538635253906,-0.9457370982409329,1.6917919459160635,1.4013270966474634
1998/07/01,292.752258300781,0.031702292178642934,0.7025431397477231,1.3144809146545438
1998/08/01,284.109985351563,-1.3013756180893452,0.6902853556788704,1.3350493257001035
1998/09/01,288.981811523438,0.7384011441436215,1.0357935140073922,1.373710827856739
1998/10/01,295.714996337891,1.000283990348985,1.2600865590637491,1.4321117794948979
1998/11/01,293.716674804688,-0.2944746210476128,0.6845697959596774,1.2489887283758319
1998/12/01,291.678955078125,-0.3023507392660149,0.7498132138320607,0.986779555634205
1999/01/01,286.9368286,-0.7118801569578297,0.23874803964349897,1.0070759309067296
1999/02/01,287.655,0.108563339390569,0.4102219429149646,0.9350726915293655
1999/03/01,286.2136364,-0.2181605804909403,0.4130446042720988,0.9350584263086018
1999/04/01,282.6175,-0.549127114191123,0.3288475074622342,0.7239354837414897
1999/05/01,276.91,-0.886041073231083,0.33394465978869164,0.6769931266731715
1999/06/01,261.3136364,-2.5176566068469612,1.052836535965932,0.9247758996384755
1999/07/01,256.6931818,-0.7747740319974731,0.9757210388319237,0.9191635437931113
1999/08/01,256.9052632,0.035866848066248465,1.3048154621079795,0.8905801441934164
1999/09/01,264.3108696,1.2342021838459842,1.0107036863190513,0.9555206464400943
1999/10/01,310.7815789,7.034024519808522,3.742729785960009,2.323470301376
1999/11/01,293.1840909,-2.531486834400222,4.818667872250698,2.451214886294994
1999/12/01,282.9526316,-1.5426662965936455,5.260487919126288,2.490653614836656
2000/01/01,284.065625,0.17049451483536718,1.3670765178182953,2.4842836536608788
2000/02/01,299.715,2.3289796269408862,1.9400867722097228,2.5770218183598357
2000/03/01,286.924,-1.894160216861616,2.1117436429252856,2.6432737598375637
2000/04/01,279.6526316,-1.1147966192329621,2.247291428636265,2.659127901928011
2000/05/01,276.7409091,-0.45455472289762455,0.7206236832582904,2.649520491052158
2000/06/01,285.7318182,1.388524147604712,1.2973995751919436,2.550484825424646
2000/07/01,281.5857143,-0.6347986799820967,1.1197665583795815,2.545321087001497
2000/08/01,274.425,-1.1186945070259768,1.3300461030977135,2.5792501562454926
2000/09/01,273.53,-0.1418707401004138,0.4884188429645754,2.5614983095123383
2000/10/01,269.9285714,-0.5756109284496195,0.4894307911474229,1.3514551419628846
2000/11/01,266.2973684,-0.588198151130384,0.2541315758292462,1.194531366943629
2000/12/01,271.45,0.8322971310195144,0.8165139709667227,1.1752109515985154
2001/01/01,265.4863636,-0.964762703509297,0.9477193464307854,1.192613528892198
2001/02/01,262.0894737,-0.5592640229793395,0.9425405096605378,0.875160164178095
2001/03/01,263.0272727,0.15512031052909675,0.5669967843832313,0.7687669641067915
2001/04/01,260.3305556,-0.4475636582383597,0.3842850317266367,0.7287255723866158
2001/05/01,272.0931818,1.9192513973123901,1.2299864474013658,0.9572191273087971
2001/06/01,270.202381,-0.3028487554576269,1.3266803809514602,0.8419091900990655
2001/07/01,267.5261905,-0.4322866309747313,1.3218808790910648,0.8344470630579991
2001/08/01,272.0921053,0.7349635633342837,0.6398283088413976,0.8173627263082113
2001/09/01,284.4723529,1.9324123881881563,1.1823816470362039,0.992362545613899
2001/10/01,282.2671429,-0.3379737515750195,1.135761961085849,0.979022724965524
2001/11/01,277.184375,-0.7891582091157072,1.4586047645189293,0.994612037846299
2001/12/01,275.8357143,-0.21182487669409134,0.30353328485386266,0.9744888698390676
2002/01/01,281,0.8055823405183814,0.8074268432298073,0.9389333381490826
2002/02/01,295.2875,2.153874305754477,1.1866999965586686,1.0572365478669148
2002/03/01,294.0475,-0.18275715926016053,1.1729274482847865,1.0696958016499332
2002/04/01,302.6833333,1.257101661952487,1.1787875977031046,1.0595454914702622
2002/05/01,314.4931818,1.6622726406256148,0.9696641952629236,1.0314818374892722
2002/06/01,321.1777778,0.9134254537419888,0.3748441825951164,1.0021759876835001
2002/07/01,313.2913043,-1.079714814323896,1.4172670555562068,1.0787955746198734
2002/08/01,310.2809524,-0.4193224959213596,1.015294968611149,1.1137902320395132
2002/09/01,319.1357143,1.2220292735962617,1.1851989630282265,1.04612825111086
2002/10/01,316.5565217,-0.3524143278675488,0.9289227621678491,1.0470824388854567
2002/11/01,320.4357143,0.5289649299599946,0.7890965545840947,0.9760123267965103
2002/12/01,332.0361111,1.544440405200484,0.9492170207866172,0.9871319419676337
2003/01/01,356.8590909090909,3.1311446153338336,1.3114978590808608,1.2173616085879546
2003/02/01,358.97,0.256139025086706,1.4400814699413245,1.1564348835941682
2003/03/01,340.55,-2.2877270425241205,2.711121593185811,1.430743442259934
2003/04/01,328.18,-1.6068773941471353,1.316918182220123,1.5338344954954002
2003/05/01,355.6825,3.495038723170951,3.160524329198665,1.7575413554897719
2003/06/01,356.352380952381,0.08171669528180703,2.599091678935729,1.7538032900710325
2003/07/01,351.0195652173913,-0.6548340905432234,2.2141483952141634,1.7258056106709159
2003/08/01,359.7675,1.0690604346859474,0.864982374960624,1.7141097288791036
2003/09/01,378.9454545454546,2.255477376331528,1.4634041551442896,1.7765588528296508
2003/10/01,378.9195652173912,-0.0029671754281539006,1.1297049872749667,1.7619443016467526
2003/11/01,389.91,1.2417343345004614,1.1311887992323584,1.7694619277831982
2003/12/01,406.9526315789473,1.8579487555557939,0.9479812026727277,1.7851440738253819
2004/01/01,413.7880952380953,0.7234130562208275,0.5679713040432403,1.6190912932504282
2004/02/01,404.8775,-0.9454349107154212,1.4101527559174203,1.6741689534869126
2004/03/01,406.6673913043479,0.19157071542078685,0.8525150639998791,1.444812810518289
2004/04/01,403.26,-0.3654204037546398,0.5685416620604339,1.3070074870631867
2004/05/01,383.778947368421,-2.150399845035766,1.223466170263932,1.2417926473290424
2004/06/01,392.3727272727272,0.9617665832085129,1.5616848156852567,1.2552440719437203
2004/07/01,398.0909090909091,0.6283446867750122,1.7087115619271132,1.2160462810121742
2004/08/01,400.5095238095238,0.26305876990785204,0.3494749801369156,1.2012407614748635
2004/09/01,405.275,0.5136966724437932,0.18681422431531153,1.0509381891868568
2004/10/01,420.4642857142857,1.5979298218904634,0.7094906160957809,1.1164307723441624
2004/11/01,439.375,1.910622968757757,0.7331145435503541,1.1785271873760583
2004/12/01,442.078947368421,0.2664491113733993,0.8731099167041679,1.089704536273571
2005/01/01,424.03,-1.8103249588784793,1.8646604557915771,1.2358053544937562
2005/02/01,423.35,-0.06970197811750574,1.1147313917853106,1.194361054638187
2005/03/01,434.3214285714286,1.1111693025094884,1.4696572197786848,1.2255625746146663
2005/04/01,429.2333333333334,-0.5117816158031361,0.8390332801025323,1.2328215998427676
2005/05/01,421.8725,-0.7512224404192007,1.0132295393010717,1.0384936224671937
2005/06/01,430.6568181818182,0.8950110809576923,0.8894270072221957,1.0350478757218537
2005/07/01,424.4785714285714,-0.6275556346024547,0.9168412884370534,1.0659376513836354
2005/08/01,437.9295454545454,1.3548475356979313,1.0375918672625817,1.1143009403750008
2005/09/01,456.0477272727272,1.7606049357842597,1.277880556969993,1.1892877025792028
2005/10/01,469.8976190476191,1.2992948726894247,0.25183729549212064,1.1654476069283641
2005/11/01,476.6659090909091,0.6210848036230956,0.5731901958477821,1.0692037014207678
2005/12/01,510.0972222222222,2.943886603806919,1.1944356451744762,1.3140674588922188
2006/01/01,549.8642857142856,3.260255414701844,1.441105995513287,1.3125751701823027
2006/02/01,554.995,0.4033557845019973,1.5661131060357265,1.2863183909261047
2006/03/01,557.0934782608696,0.1639003781775714,1.7227221144099845,1.3064398546828322
2006/04/01,610.6527777777778,3.986626266313383,2.1412768563508444,1.4958641800807349
2006/05/01,675.3928571428571,4.376212630101082,2.3276807218909976,1.5933425034805282
2006/06/01,596.1454545454545,-5.420422636773379,5.547047400075161,2.605838326280197
2006/07/01,633.7095238095238,2.653799712117446,5.230261869663466,2.571215015140154
2006/08/01,632.5931818181818,-0.07657273260165733,4.1070007715388765,2.6089715615157623
2006/09/01,598.1857142857143,-2.4288469603225042,2.5436661509897474,2.818177038744415
2006/10/01,585.7795454545455,-0.9101834415572718,1.1926468979901794,2.8673028331697425
2006/11/01,627.8272727272728,3.01059747675127,2.8067305320311036,2.9360658878529846
2006/12/01,629.7911764705883,0.13563943063391115,2.030256644544622,2.8781156634574545
2007/01/01,631.1659090909092,0.09469616920054058,1.6718024481064242,2.7715021290597517
2007/02/01,664.745,2.2511545928674033,1.2333824552357613,2.816664458951542
2007/03/01,654.8954545454545,-0.6483103274044719,1.5060582332083654,2.83915613317518
2007/04/01,679.3684210526316,1.5933379661853104,1.5201209716324433,2.6567067672595233
2007/05/01,666.8595238095237,-0.8070997814040853,1.3424047168488054,2.3529675602950144
2007/06/01,655.4904761904762,-0.7467971882403692,1.3688176360015494,1.6702653712296447
2007/07/01,665.2954545454545,0.6448170171856857,0.8214102598086038,1.510702049492404
2007/08/01,665.4113636363637,0.0075657053866168954,0.6966279143625268,1.509617911661286
2007/09/01,712.6525,2.978759968344397,1.564255642038,1.4655303884130697
2007/10/01,754.6043478260871,2.4841490167726983,1.5919642081342957,1.4680277250234286
2007/11/01,806.2477272727273,2.874920025524143,0.26080794607660907,1.4508555993802188
2007/12/01,803.2029411764706,-0.16432133070461935,1.6534854693524672,1.467805339720114
2008/01/01,889.5954545454545,4.43672650758137,2.3397246532802174,1.7622144761207998
2008/02/01,922.297619047619,1.5678532305177784,2.323808074425531,1.737510762307231
2008/03/01,968.4342105263158,2.1199035268189945,1.522216702361204,1.6537031565324807
2008/04/01,909.7045454545456,-2.7169758033017093,2.6476379735170745,2.0356440128816415
2008/05/01,888.6625,-1.016351063489325,2.453691742899559,2.0538748945607654
2008/06/01,889.4880952380952,0.04032858441972411,1.3911280716571355,2.0036051644064656
2008/07/01,939.7717391304348,2.388224082161581,1.7426185788923882,2.0302516521825233
2008/08/01,839.025,-4.924747928209758,3.733723737081076,2.6950854579704355
2008/09/01,829.9318181818181,-0.473248645044228,3.68518275578115,2.62936226462855
2008/10/01,806.6195652173913,-1.2373663054944746,2.3803537866800943,2.599979384322657
2008/11/01,760.8625,-2.5362572051779497,1.0429923048196088,2.570762703078211
2008/12/01,816.0921052631579,3.0432996669468313,2.9195511534644125,2.7372760997476666
2009/01/01,858.6904761904761,2.209746954321293,3.0097292374338362,2.476457440069407
2009/02/01,943.1625,4.074987881844079,0.9343727321211562,2.7257436623883664
2009/03/01,924.2727272727273,-0.8786386547809529,2.50185482034735,2.6584469682928398
2009/04/01,890.2,-1.6312548452311904,3.1001627122562168,2.5811966554863193
2009/05/01,928.6447368421052,1.836201173522147,1.8239169236132704,2.6180565748975337
2009/06/01,945.6704545454544,0.7890218962558766,1.7784625938390302,2.6238789254547012
2009/07/01,934.2282608695652,-0.5286819869715752,1.185017603624196,2.538649513870183
2009/08/01,949.375,0.698479043229333,0.7360328034074123,2.016581994894953
2009/09/01,996.5909090909092,2.1079130009010423,1.3193471494870042,2.0469094768231955
2009/10/01,1043.159090909091,1.983362597871278,0.7802716015296998,1.9854093329877889
2009/11/01,1127.035714285714,3.3587131292918517,0.7606579222791495,1.7668702407024957
2009/12/01,1134.723684210526,0.2952441162960336,1.5343932289182118,1.7149448524918713
2010/01/01,1117.9625,-0.6462883466974109,2.0940933835883984,1.7586261593628167
2010/02/01,1095.4125,-0.8849543729804987,0.6240076555437001,1.526155892395806
2010/03/01,1113.336956521739,0.7048932986874156,0.8573475501057992,1.4591814102761147
2010/04/01,1148.6875,1.3575269666522294,1.1534201953516399,1.2732416656664594
2010/05/01,1205.434210526316,2.094161758642714,0.6950573567649697,1.2921061863613938
2010/06/01,1232.920454545455,0.9791545032500675,0.5670152433885894,1.2911968857446459
2010/07/01,1192.965909090909,-1.4307024537850195,1.8016344176424195,1.4068175731431491
2010/08/01,1215.809523809524,0.8237507835689856,1.3487105118641458,1.4057737533759034
2010/09/01,1270.977272727273,1.9272243662824664,1.7115239737385615,1.3925088661857277
2010/10/01,1342.02380952381,2.3622436252917307,0.7930800640002268,1.4237413322641006
2010/11/01,1369.886363636364,0.892432162371348,0.7550256505042675,1.1986085084309859
2010/12/01,1390.552631578947,0.6502888732330524,0.9264419555574936,1.1919047230654427
2011/01/01,1356.4,-1.0799650189585785,1.0756984200073023,1.2430964450752608
2011/02/01,1372.725,0.5195761997701198,0.9634483591817644,1.1423731396778474
2011/03/01,1424.010869565217,1.592976120704411,1.345073346003649,1.1630497730122946
2011/04/01,1473.805555555556,1.4926884965525438,0.5929014167589939,1.1686226092543248
2011/05/01,1510.4375,1.0662570146491013,0.2796826871653234,1.1094683125523908
2011/06/01,1528.659090909091,0.5207883971989591,0.4871634948872988,1.1112417842165794
2011/07/01,1572.809523809524,1.2365486877975516,0.3739090932665429,0.8697855778972273
2011/08/01,1755.806818181818,4.780060087995092,2.2807228814911973,1.3906195553251073
2011/09/01,1771.852272727273,0.395077882842274,2.3271089037125328,1.4011072133732283
2011/10/01,1665.214285714286,-2.6957381979554125,3.75652261622024,1.7402344041964164
2011/11/01,1738.977272727273,1.8823778099085542,2.3353925901166037,1.7692240220613873
2011/12/01,1652.305555555556,-2.220354300678755,2.51719244405662,1.9819449468333283
2012/01/01,1656.119047619048,0.10011890806573655,2.0572414165958226,1.9179443835910757
2012/02/01,1742.619047619048,2.211090458573198,2.216547595317789,1.9632949895159464
2012/03/01,1673.772727272727,-1.750596964559629,1.9822679505576504,2.083909851290533
2012/04/01,1650.065789473684,-0.6195226879091531,2.0406970640342452,2.0894558031205346
2012/05/01,1585.504545454546,-1.733376879964129,0.6481122217348264,2.164335448344753
2012/06/01,1596.697368421053,0.305511807793854,1.0209005061273462,2.162104640325118
2012/07/01,1593.909090909091,-0.07590618656113421,1.0839554009102539,2.135596798503805
2012/08/01,1626.034090909091,0.8666098983997839,0.4741039485368616,1.5716745733488602
2012/09/01,1744.45,3.0528879438873564,1.6050701424610672,1.8395729814052844
2012/10/01,1747.010869565217,0.06370810168213131,1.5470218225351278,1.6414554532038947
2012/11/01,1721.136363636364,-0.6480326749547877,1.9637797096901635,1.5626154723102177
2012/12/01,1688.529411764706,-0.8306650513061244,0.472552087923581,1.4321714202883813
2013/01/01,1670.954545454545,-0.4543993772048347,0.18815963807192915,1.440332628486004
2013/02/01,1627.5875,-1.1420290275035812,0.34432492386077346,1.2973730753913812
2013/03/01,1592.8625,-0.9366057779148041,0.3529769256687215,1.231212585096135
2013/04/01,1485.083333333333,-3.0427463846643485,1.1612316334165178,1.482958795175207
2013/05/01,1413.5,-2.145501132695015,1.0569062774902689,1.5213932839155118
2013/06/01,1342.3625,-2.242600154484006,0.49239402445022046,1.5879626988073612
2013/07/01,1286.723913043478,-1.8384439127181542,0.21097180859481152,1.613566941862572
2013/08/01,1347.095238095238,1.9912928778892205,2.336524354772437,1.7448953042605717
2013/09/01,1348.797619047619,0.054848971466279615,1.9149089113827158,1.326006432919558
2013/10/01,1316.184782608696,-1.0629925355619316,1.5453178758418453,1.2885357728843239
2013/11/01,1275.821428571429,-1.3526973048281954,0.7432681221113016,1.2858573471407304
2013/12/01,1225.402777777778,-1.751103177506819,0.3454833204556191,1.2968074643314917
2014/01/01,1244.795454545455,0.6819133324819554,1.3049863998472928,1.3910931385378438
2014/02/01,1300.975,1.9170957291057635,1.8664104634869325,1.6347656735298224
2014/03/01,1336.083333333333,1.156459543739937,0.623088686308848,1.7290442505853596
2014/04/01,1299,-1.2224395448351,1.6378039166533311,1.5713816042245614
2014/05/01,1287.525,-0.3853480539109776,1.2067210189859403,1.4818421826017782
2014/06/01,1279.095238095238,-0.28527884169839013,0.5146206037645776,1.3554532913563329
2014/07/01,1310.967391304348,1.0689007168336477,0.8122659264049681,1.2892578207928915
2014/08/01,1295.9875,-0.49910765679831465,0.8503112468083882,1.1436598939038674
2014/09/01,1238.818181818182,-1.9593241956528185,1.5144321664531475,1.2548640544481213
2014/10/01,1222.489130434783,-0.5762564407375962,0.821691415099952,1.2359596305984102
2014/11/01,1176.3,-1.6726909333514186,0.7299775839408936,1.2646265618778127
2014/12/01,1202.289473684211,0.9490947758461895,1.3167273341812122,1.2212609124334775
2015/01/01,1251.845238095238,1.754159687906662,1.7918889008529815,1.3166869386297344
2015/02/01,1227.1875,-0.8639718706885445,1.341016594200075,1.191281041021358
2015/03/01,1178.629545454546,-1.753359931963024,1.8233813765191185,1.1836827186653767
2015/04/01,1197.91,0.7046866733232151,1.2445677874264809,1.2005286609264114
2015/05/01,1199.052631578947,0.04140562064975095,1.2716864299976012,1.2038672403084205
2015/06/01,1181.504545454546,-0.6402849792211467,0.672506824616657,1.208959236526071
2015/07/01,1130.036956521739,-1.9342749975502342,1.0035292842944123,1.2135406700205913
2015/08/01,1117.475,-0.4854830867824493,0.7955471695782809,1.2135862213025184
2015/09/01,1124.531818181818,0.27339322005543554,1.121657271541555,1.1447966621156886
2015/10/01,1159.245454545454,1.320365354698914,0.9067462428375885,1.2379032735499609
2015/11/01,1085.702380952381,-2.846461144308808,2.1676440735814038,1.401128683365248
2015/12/01,1068.252631578947,-0.7036818889487093,2.083695165427358,1.348491204091844
2016/01/01,1097.375,1.1681090683045148,2.0088088641804087,1.2706504866046409
2016/02/01,1199.911904761905,3.87943001143599,2.3043356720092576,1.776367956521618
2016/03/01,1246.338095238095,1.6486507606455723,1.4467525497067801,1.7566264605387247
2016/04/01,1242.261904761905,-0.14227024143111333,2.014855124045223,1.7516074083523332
2016/05/01,1259.3975,0.5949659519669865,0.9001080413461031,1.7562997973371601
2016/06/01,1276.404545454545,0.5825515248165617,0.4221054204192741,1.7399232350892346
2016/07/01,1337.326190476191,2.0249007896371225,0.8291802336959683,1.6552718917194973
2016/08/01,1341.088636363637,0.12201325543610007,0.9927611215787688,1.6277990946979977
2016/09/01,1326.029545454545,-0.4904281803941853,1.3116748395097944,1.6589339617645165
2016/10/01,1266.569047619048,-1.9924330210320447,1.0879633962662703,1.797392084697467
2016/11/01,1235.979545454545,-1.0617586983435137,0.7581327716778424,1.5711189301948676
2016/12/01,1151.402777777778,-3.0784010697638133,1.0093172405134185,1.8560050774764947
2017/01/01,1192.616666666666,1.527360139961188,2.3088026887718045,1.8745904992875306
2017/02/01,1234.3575,1.4940085914147627,2.6495621888794236,1.5608835793406641
2017/03/01,1231.093478260869,-0.11499295429566089,0.9387333652413433,1.4831540044632519
2017/04/01,1265.627777777778,1.201496744413834,0.8570875374918095,1.5252357566093533
2017/05/01,1245.004761904762,-0.7134985549618772,0.9796735066224967,1.5308551986657994
2017/06/01,1260.256818181818,0.5288043187858704,0.9715141555196383,1.5289404955780186
2017/07/01,1236.221428571428,-0.8362788366306781,0.7551868917571092,1.3937366849456265
2017/08/01,1282.315909090909,1.5898763038795143,1.2162479561186388,1.493501973013445
2017/09/01,1314.978571428571,1.0923645337547552,1.2814972998650438,1.5312923175220576
2017/10/01,1279.513636363637,-1.187375700270119,1.4808703629171154,1.4531547623860226
2017/11/01,1282.284090909091,0.09393353563426313,1.1427914180238332,1.4114266300482083
2017/12/01,1261.255882352941,-0.7181049330282546,0.6482508369437208,1.038350929003307
2018/01/01,1331.665909090909,2.35920771138158,1.5948211329874427,1.1475896196098905
2018/02/01,1331.525,-0.004595693119856526,1.6107200813100069,1.0980824432964553
2018/03/01,1324.657142857143,-0.22458392881430628,1.4324769107460154,1.1020624033984119
2018/04/01,1334.74,0.329319012238083,0.27889732949741053,1.062751900286973
2018/05/01,1303.02619047619,-1.0443530763588418,0.6911108124320126,1.0922727058375838
2018/06/01,1281.566666666667,-0.7211942041993132,0.7182136035047072,1.1138003176262674
2018/07/01,1238.525,-1.4836425585472504,0.3826953529167938,1.1751805363026642
2018/08/01,1201.245454545454,-1.3273020044747985,0.40272747763434813,1.118266306832969
2018/09/01,1198.4725,-0.10036841132818046,0.7575460136964176,1.0396742167356885
2018/10/01,1215.393478260869,0.6088828398441455,0.9795590105290198,1.0352141378945074
2018/11/01,1220.945454545455,0.19793607575590935,0.3561133123081763,1.0382024705954003
2018/12/01,1247.923529411765,0.9491710976418075,0.3761709273316822,1.0703295020367354
2019/01/01,1291.745454545454,1.4988968654988122,0.6530762403684015,0.9122716403541132
2019/02/01,1320.065,0.9418374387871622,0.3195224059140146,0.9617943261928132
2019/03/01,1300.897619047619,-0.6352197565119899,1.1069385980017092,0.976489714799384
2019/04/01,1286.445,-0.48518954843111445,0.8704428454174815,0.9748575993741382
2019/05/01,1283.947619047619,-0.08439170732738023,0.2847687695127188,0.9317409148420779
2019/06/01,1359.0425,2.4685731939480053,1.6022371357388847,1.1527024601482596
2019/07/01,1412.978260869565,1.690244192877752,1.30848247978004,1.0906107424069291
2019/08/01,1498.797619047619,2.5607514374963425,0.47820423207107604,1.0833919744999474
2019/09/01,1511.314285714286,0.36117930281126065,1.1077239367748621,1.056340695895686
2019/10/01,1494.8,-0.4771698363477946,1.568965291781317,1.1223479646067374
2019/11/01,1470.016666666667,-0.7260830483619445,0.5696382604370684,1.1930537357438031
2019/12/01,1476.044444444444,0.17771758163310222,0.4668495289570167,1.1975302453861483
2020/01/01,1560.672727272727,2.4212406642373283,1.620488504168166,1.286251178670711
2020/02/01,1597.1025,1.0020948345785965,1.1348251380124383,1.2874643686421496
2020/03/01,1591.927272727273,-0.1409566407562146,1.2835755133492688,1.2485499996606657
2020/04/01,1682.93,2.4142829161820782,1.2799798856772588,1.2721964556139058
2020/05/01,1716.381578947368,0.8547792570594435,1.2879435051247294,1.2294511200186757
2020/06/01,1732.218181818182,0.39887479342088805,1.0568641070066853,1.1553822287487097
2020/07/01,1843.313043478261,2.6996503454667793,1.2182614903828395,1.2525461070493558
2020/08/01,1968.030952380952,2.843282834172995,1.3716977984962997,1.2874938655636388
2020/09/01,1922.213636363636,-1.0230270702263702,2.1919287438988673,1.4051673510896934
2020/10/01,1900.275,-0.4985199035508458,2.0972643126467223,1.407040962765564
2020/11/01,1863.492857142857,-0.848872239460541,0.26714054735614384,1.420078429688348
2020/12/01,1855.955263157895,-0.17602288565030677,0.3365207618050161,1.4390372341998166
2021/01/01,1866.985,0.2573325126718359,0.5574065105196335,1.354455431000551
2021/02/01,1808.175,-1.3900368339813693,0.8539567253174998,1.468894088421554
2021/03/01,1718.228260869566,-2.2159602456795393,1.2591764712698208,1.655027222188993
2021/04/01,1761.6775,1.0845549705494648,1.7175153940892596,1.5393404583019012
2021/05/01,1855.56,2.2548594332662897,2.318449260089719,1.6457166475928178
2021/06/01,1834.565909090909,-0.4941682984818392,1.3795611117040125,1.660088936351204
2021/07/01,1807.093181818182,-0.6552771641541141,1.6356448551037435,1.47439280730673
2021/08/01,1783.969047619048,-0.5593232336843681,0.08104359829956312,1.1555082079936998
2021/09/01,1777.252272727273,-0.16382366993038264,0.26049747237638116,1.136845685283211
2021/10/01,1776.854761904762,-0.00971477537119743,0.28350159134216135,1.13720864552366
2021/11/01,1820.234090909091,1.0475313430908815,0.6594062826964285,1.176455229127867
2021/12/01,1786.652631578947,-0.8087120571031707,0.93111094684273,1.1949373063411717
2022/01/01,1816.765,0.7258631226776567,0.9919703445825339,1.2164796598846117
2022/02/01,1856.295,0.9348240280998409,0.9520594976855229,1.1765968657574386
2022/03/01,1947.828260869565,2.0903667799193726,0.7349392199249691,1.0584419649155496
2022/04/01,1933.9,-0.3116649281850527,1.201302771727561,1.0595559442517102
2022/05/01,1849.833181818182,-1.9301447962560676,2.0229412062741283,1.0598542489733567
2022/06/01,1837.064090909091,-0.3008257341336791,0.93757445728097,1.053293788671731
2022/07/01,1737.380476190476,-2.4229371277152345,1.1106215718318122,1.2577746584638936
2022/08/01,1764.132608695652,0.6636290834265978,1.5790514472116017,1.2704023284782864
2022/09/01,1683.208181818181,-2.039339413731291,1.6822641924186645,1.3961077542255278
2022/10/01,1666.626666666667,-0.42995070942841995,1.359662179949274,1.3962599599362835
2022/11/01,1727.898636363636,1.5679935469663726,1.8071508119382467,1.4467812100545256
2022/12/01,1797.408181818182,1.7128452378126462,1.197520893033792,1.529262091199383
2023/01/01,1896.059545454545,2.320525789523851,0.3992831996961652,1.6597327552719752
2023/02/01,1853.409,-0.9880704578631889,1.761203678184313,1.67034833973125
2023/03/01,1913.648260869565,1.3890847461141673,1.7061290694321434,1.6011853997843812
2023/04/01,1999.6685,1.9095890337996184,1.5447881250039397,1.6955720308858218
2023/05/01,1989.826956521739,-0.21426953571372065,1.1069812471951221,1.574927237257947
2023/06/01,1944.728636363636,-0.9956300744670773,1.503418193199202,1.6099631843259359
2023/07/01,1950.27,0.12357309965136602,0.5740612166468197,1.3838767341735074
2023/08/01,1919.302173913044,-0.6951385071294098,0.5792523373676631,1.4171691994681286
2023/09/01,1915.434761904762,-0.08759903440585606,0.4250463849583664,1.2222343653087877
2023/10/01,1913.984545454546,-0.03289381399381852,0.36757423414502205,1.2009113281591854
2023/11/01,1985.777727272728,1.5992208559968752,0.9584842460709725,1.2034651149992217
2023/12/01,2034.704285714285,1.0570664557387004,0.8312383412028023,1.1575683966788886
2024/01/01,2034.006086956522,-0.014905158783543837,0.8214273479389038,0.9998500206400416
2024/02/01,2024.44619047619,-0.20460104907650314,0.6803078427988914,0.9348242330476749
2024/03/01,2162.346190476191,2.861898773415428,1.7183037448043808,1.1580547238420358
2024/04/01,2333.550454545454,3.3091969862503965,1.912688922503935,1.3703091290972977
2024/05/01,2350.596521739131,0.3160893813771152,1.6145130476476033,1.351531854597195
2024/06/01,2328.2625,-0.4146145897882712,1.9731275546564278,1.298418084277292
2024/07/01,2393.962173913043,1.2085340724500035,0.8129162933360103,1.2960919450216843
2024/08/01,2468.328636363637,1.328569771918168,0.973628254500539,1.2216382621301178
2024/09/01,2569.049047619048,1.7369414061619595,0.27700489499956943,1.1994621231277018
2024/10/01,2689.128695652173,1.9839191294679401,0.3309703329870241,1.1730224568249215
2024/11/01,2652.199523809524,-0.6005394332386924,1.4261977850636176,1.2774187720933123
2024/12/01,2640.605454545455,-0.19026767011326357,1.3889346769760171,1.3263621311228022
2025/01/01,2707.467391304348,1.0859718648366106,0.8795292897077355,1.2916758468505565
2025/02/01,2894.38,2.899231388332381,1.552508823499011,1.3310302349825809
2025/03/01,2986.256190476191,1.3571514470430315,0.9780472901552971,1.2374563178622948
2025/04/01,3222.011818181818,3.3000066010501845,1.0257775478393714,1.236012890031787
2025/05/01,3288.009545454546,0.880594061760199,1.2816233278017235,1.2111516893960468
2025/06/01,3351.858571428571,0.8352616016301505,1.410117015202469,1.1076217509176067
2025/07/01,3341.649130434783,-0.13248381933225056,0.5722634918889935,1.1847224576037674
2025/08/01,3367.256190476191,0.33153125131068295,0.48400851428641123,1.210113644886538
2025/09/01,3666.523636363636,3.6978329023393606,2.0903996021422686,1.4153972244564772
