Date,"Gold Price (US$ per troy ounce)","Monthly Log Return (%)","3-Month Volatility (%)","12-Month Volatility (%)"
2015-01-31,1183,,,
2015-02-28,1192,0.7578983646908298,,
2015-03-31,1240,3.947881097378742,,
2015-04-30,1266,2.0750944105038975,1.60303489421827,
2015-05-31,1339,5.606074298705096,1.7665764271768687,
2015-06-30,1334,-0.3741119215603452,3.0063559851576014,
2015-07-31,1160,-13.976194237515873,10.035308595020489,
2015-08-31,1148,-1.0398707220898622,7.6682064852901615,
2015-09-30,1172,2.0690393257446247,8.509438954095538,
2015-10-31,1196,2.0270964373619202,1.7829455239653216,
2015-11-30,1163,-2.797978199191266,2.7979446039973648,
2015-12-31,1151,-1.0371743796781825,2.4417046975178476,
2016-01-31,1120,-2.7302444432742408,0.9976225231976648,4.960778617422611
2016-02-29,1163,3.7674188229524175,3.3707128327274387,5.101797942398229
2016-03-31,1245,6.813265638014354,4.874686236291714,5.373661453656038
2016-04-30,1274,2.3026027233300645,2.301048636181772,5.381914174195386
2016-05-31,1315,3.167510847975631,2.393939360937545,5.195982071755476
2016-06-30,1302,-0.9935121843350371,2.1956985306135075,5.201476625167501
2016-07-31,1301,-0.07683442560092923,2.186328240183993,2.8889475738335633
2016-08-31,1349,3.623037769525069,2.4441046707710785,2.909614554028944
2016-09-30,1306,-3.2394546371379453,3.434749454574439,3.1803940233469246
2016-10-31,1251,-4.302579936946527,4.3019269609431365,3.4869741189564123
2016-11-30,1149,-8.505123261815552,2.7844470386238998,4.26209114294774
2016-12-31,1152,0.26075634070807696,4.384177109908989,4.2526301214937074
2017-01-31,1221,5.817063285486806,7.22078273188192,4.463037400429108
2017-02-28,1240,1.544118448837783,2.9091127725999497,4.370188799219864
2017-03-31,1300,4.725288485054551,2.2199802022851403,4.132569767466593
2017-04-30,1277,-1.7850687417088795,3.2554590400611247,4.126374287892877
2017-05-31,1273,-0.31372574751327686,3.414216988385,4.005546830794782
2017-06-30,1248,-1.983404962803352,0.9121418151013396,4.031896613537484
2017-07-31,1215,-2.6798193154724164,1.2159509587775847,4.085354307570113
2017-08-31,1289,5.912264716453854,4.772324741783391,4.344195498033485
2017-09-30,1289,0,4.3962145392880645,4.249922185809906
2017-10-31,1274,-1.1705166807078715,3.7967261269243697,4.060951622007661
2017-11-30,1280,0.4698520781554114,0.8447563692387882,3.012860050557847
2017-12-31,1303,1.7809220211182353,1.4787779003303247,3.0155085071240104
2018-01-31,1328,1.9004752911534024,0.7937128109172883,2.6382082109325755
2018-02-28,1337,0.6754247065563991,0.6754216253201888,2.6248256442196487
2018-03-31,1345,0.5965714933996341,0.731110100901739,2.2878439881336297
2018-04-30,1306,-2.942498219956307,2.0664219707586633,2.4044120481279343
2018-05-31,1299,-0.5374293165776804,1.8071768361646932,2.4095101194576145
2018-06-30,1268,-2.4153881673428264,1.2641816116057194,2.4475098678593747
2018-07-31,1263,-0.39510126466800993,1.1275745273703606,2.292827400524599
2018-08-31,1285,1.726887497882905,2.0713459056143924,1.5695360538604162
2018-09-30,1186,-8.017241777164935,5.12425470401117,2.7896301867177997
2018-10-31,1179,-0.5919679020299842,5.090183981863379,2.785642664962952
2018-11-30,1282,8.375473694324448,8.208438964809293,3.817283388222269
2018-12-31,1282,0,5.015210105026879,3.7767052611543757
2019-01-31,1283,0.07797271350210612,4.8132311024771335,3.7236648309101446
2019-02-28,1297,1.0852819700807437,0.6053358072208391,3.735159733666748
2019-03-31,1296,-0.07713074042238699,0.6311276058700478,3.7262798212760933
2019-04-30,1272,-1.869213301215252,1.4883886993629245,3.669781934999821
2019-05-31,1275,0.23557136924589836,1.1357421232463794,3.6704843319536855
2019-06-30,1409,9.99340543061536,6.329391324803789,4.604901687884831
2019-07-31,1412,0.21269061545072634,5.640304829139663,4.592944950764345
2019-08-31,1395,-1.21127237977214,6.09965651685862,4.624766781854623
2019-09-30,1393,-0.1434720475660294,0.7410263157439985,3.754664782895595
2019-10-31,1393,0,0.6618109694732996,3.7307781017945283
2019-11-30,1393,0,0.08283362528343387,3.02105241662676
2019-12-31,1393,0,0,3.02105241662676
2020-01-31,1393,0,0,3.022576571375582
2020-02-29,1383,-0.7204642115047506,0.41596020645375925,3.045724301142118
2020-03-31,1583,13.50667282162539,8.014161502718757,4.8105328605672915
2020-04-30,1748,9.91504963344687,7.398483403503296,5.209316520617464
2020-05-31,1772,1.3636574949545444,6.238040368789613,5.171848184379008
2020-06-30,1768,-0.22598879674374786,5.45426352012169,4.6882068627969735
2020-07-31,1799,1.7381990752944296,1.0428559124487184,4.65914130662313
2020-08-31,1770,-1.625140838265833,1.689561866584788,4.686673720583504
2020-09-30,1774,0.22573373016498643,1.6845050441415055,4.672628111709571
2020-10-31,1772,-0.11280317044985255,0.9855209386103839,4.677161204294939
2020-11-30,1771,-0.05644933821927641,0.1813882904929509,4.679389386340968
2020-12-31,1770,-0.056481221495869476,0.03252670020560115,4.681612622203346
2021-01-31,1770,0,0.03260024842339665,4.681612622203346
2021-02-28,1802,1.791761260040841,1.0511579973154832,4.604632709756268
2021-03-31,1788,-0.7799482434823751,1.3186114822042927,2.975845761593066
2021-04-30,1784,-0.22396425935047984,1.3531418582105015,1.00750277049889
2021-05-31,1824,2.2173857494322076,1.5944340229412484,1.1229877094284768
2021-06-30,1864,2.1692824611259756,1.3958350939372226,1.239284190703961
2021-07-31,1829,-1.8955346854670814,2.360832016662591,1.3337483888525348
2021-08-31,1812,-0.9338161787941004,2.1243376258019837,1.263770618802275
2021-09-30,1791,-1.1657084542212865,0.5018835922958209,1.3231751180970643
2021-10-31,1796,0.27878468014332075,0.7757507423699378,1.3228306356571196
2021-11-30,1798,0.11129661694206507,0.7900795970784961,1.321773379903307
2021-12-31,1799,0.05560189189674898,0.11616418745486584,1.3207616053298588
2022-01-31,1799,0,0.055648314923754105,1.3207616053298588
2022-02-28,1821,1.2154845777074808,0.6862728045841473,1.2643335160828064
2022-03-31,1952,6.946868724542988,3.7100124005470123,2.31415719696014
2022-04-30,1988,1.8274620243481543,3.1472635096697883,2.3129453218394014
2022-05-31,2020,1.5968403178731203,3.024464561033124,2.2876679618301314
2022-06-30,1952,-3.4243023422212677,2.967773827480949,2.5494312073097114
2022-07-31,1981,1.4747279725513116,2.8643580741869683,2.459483534504072
2022-08-31,1996,0.7543410172858345,2.645137542622002,2.4074320409193897
2022-09-30,1919,-3.934096086370933,2.9369989655156,2.725218150461017
2022-10-31,1863,-2.9616125406111498,2.4743846900514557,2.911442147339101
2022-11-30,1823,-2.1704595922925405,0.883370526039505,2.9984686109131715
2022-12-31,1922,5.288281485157476,4.5519133867800825,3.349026672229971
2023-01-31,1922,0,3.8364400679204826,3.349026672229971
2023-02-28,1960,1.95781626943252,2.673666775680542,3.3692089317331972
2023-03-31,2084,6.134465064869471,3.1333980845450524,3.2358913704547034
2023-04-30,2087,0.14385042039433074,3.071979033145186,3.211653415447565
2023-05-31,2350,11.868770006100382,5.862926690497654,4.618805192327977
2023-06-30,2385,1.4783796184236913,6.418916314041263,4.377206721479613
2023-07-31,2384,-0.04193751372011757,6.482496049790836,4.405150244151238
2023-08-31,2360,-1.0118130165584667,1.2551946749817535,4.463024958643394
2023-09-30,2409,2.0550104595215535,1.5675488044993384,4.135655591606264
2023-10-31,2503,3.827828881690286,2.4484833773413412,3.86648813347227
2023-11-30,2505,0.07987220871910525,1.8748882406796497,3.671079424944568
2023-12-31,2636,5.097388210343271,2.6087809074352966,3.658993765229147
2024-01-31,2636,0,2.920194427409095,3.658993765229147
2024-02-29,2662,0.9815103332659203,2.7045387715304656,3.686112347768207
2024-03-31,2611,-1.9344430255928042,1.4837012471413003,3.7089059753262026
2024-04-30,2370,-9.684333456995203,5.512467829808378,4.990540620235732
2024-05-31,2318,-2.2185210229479893,4.394691064373349,3.7091183835668624
2024-06-30,2388,2.97514506127957,6.363632597941343,3.791789767817397
2024-07-31,2409,0.8755528102378723,2.6126534372898695,3.7998783293072473
2024-08-31,2448,1.6059641017345399,1.0658677822444975,3.806202801836005
2024-09-30,2447,-0.040858018954503666,0.8251598390410638,3.7664830913542735
2024-10-31,2463,0.6517334677866347,0.8268678015521062,3.5905264502114083
2024-11-30,2662,7.769760083451898,4.323419576570995,4.256656080502631
2024-12-31,2727,2.412438389053153,3.70736385361096,4.059403597518317
2025-01-31,2727,0,3.9768062242762774,4.059403597518317
2025-02-28,2750,0.8398807815028344,1.224622127922158,4.057392946712641
2025-03-31,2745,-0.18198367169859828,0.5450878743559577,4.001954166528003
2025-04-30,2700,-1.6529301951210582,1.2531292298789358,2.5768788984014055
2025-05-31,2680,-0.743497848751809,0.7422992476558947,2.436245636141101
2025-06-30,2690,0.37243990909824937,1.014438131108663,2.379947846820358
2025-07-31,2710,0.7407441277861817,0.7728668839474822,2.3808674032139114
2025-08-31,2730,0.7352974305258733,0.2110857822746368,2.3733499307085384
2025-09-30,2750,0.7299302481611535,0.005406988535315677,2.355682765054449
2025-10-31,2770,0.7246408520767254,0.005328336540249787,2.354873242831777
2025-11-30,2790,0.7194275634027231,0.005251388338198618,0.9912752833019387
2025-12-31,2800,0.3577821347883902,0.2103171862001477,0.7611883828405681
