Date,"Gold Price (US$/troy oz)","Log Return (%)","3-Month Volatility (%)","12-Month Volatility (%)"
2022M10,1666.626666666667,,,
2022M11,1727.898636363636,3.6104385671556285,,
2022M12,1797.408181818182,3.9439719111932408,81.6986505096304,
2023M1,1896.059545454545,5.343208090865859,318.48380179810437,
2023M2,1853.409,-2.2751163071035805,1404.8045186869208,
2023M3,1913.648260869565,3.1984858293079004,1360.874869777872,
2023M4,1999.6685,4.396991242971905,1232.1830605399875,
2023M5,1989.826956521739,-0.4933738388171685,882.9712755111835,
2023M6,1944.728636363636,-2.2925229676044436,1199.184794719319,
2023M7,1950.27,0.2845375771523031,457.8935424321593,
2023M8,1919.302173913044,-1.6006155640823143,462.03418211854023,
2023M9,1915.434761904762,-0.2017042307835967,339.0335198803538,994.7585182760555
2023M10,1913.984545454546,-0.07574080575388546,293.19149822135,957.8935595226387
2023M11,1985.777727272728,3.6823421034235824,764.5242947475929,959.9305591820673
2023M12,2034.704285714285,2.433985463287982,663.0280144721072,923.3215524624269
2024M1,2034.006086956522,-0.0343203964236973,655.20238485263,797.5192445954841
2024M2,2024.44619047619,-0.47111132561449937,542.6399816784952,745.6521486017333
2024M3,2162.346190476191,6.589765453324309,1370.5858641326517,923.7094659132174
2024M4,2333.550454545454,7.6197076503209855,1525.6350383880763,1093.01183071477
2024M5,2350.596521739131,0.7278226976126552,1287.798369324656,1078.034346626409
2024M6,2328.2625,-0.9546853737843145,1573.8432408820713,1035.6687386764972
2024M7,2393.962173913043,2.7827525395987642,648.4136368429378,1033.8133195799724
2024M8,2468.328636363637,3.0591449518212728,776.6037445786428,974.4261677959242
2024M9,2569.049047619048,3.9994553892326437,220.94987252977282,956.7376172531839
2024M10,2689.128695652173,4.568142613218603,263.9948037190214,935.6483115954692
2024M11,2652.199523809524,-1.3827931467305061,1137.5907953270666,1018.9188709520641
2024M12,2640.605454545455,-0.43810750088150935,1107.868291751701,1057.957996736327
2025M1,2707.467391304348,2.5005426273837243,701.5467522602008,1030.2908680074427
2025M2,2894.38,6.675726975914571,1238.3413897938062,1061.6814578425845
2025M3,2986.256190476191,3.1249566908965822,780.1285392023076,987.0432639584262
2025M4,3222.011818181818,7.598546006360103,818.2000481954096,985.8919298090531
2025M5,3288.009545454546,2.0276427595881126,1022.2725880328371,966.0616697285857
2025M6,3351.858571428571,1.923260912663916,1124.7641481625571,883.4821661791555
2025M7,3341.649130434783,-0.3050552674573565,456.45960728063085,944.9806870420776
2025M8,3367.256190476191,0.7633789171296412,386.0640063240528,965.2336850748974
2025M9,3666.523636363636,8.514574917309519,1667.3839847860456,1128.9758483262149
