Year,"Real GDP","Project Allocation (%)","Project Investment",Imports,"GDP impact",,,"Baseline GDP Growth","Projected Growth"
,,,,,I-M,Multiplier,"% of GDP",,
2020,17800,,,0,0,0.8,0,0,0
2021,20300,,,0,0,0.8,0,14.04494382022472,14.04494382022472
2022,24200,,,0,0,0.8,0,19.21182266009852,19.21182266009852
2023,27100,,,0,0,0.8,0,11.983471074380166,11.983471074380166
2024,28500,,,0,0,0.8,0,5.166051660516605,5.166051660516605
2025,29500,,,0,0,0.8,0,3.508771929824561,3.508771929824561
2026,30500,0.05,325,113.74999999999999,211.25,0.8,0.0055409836065573774,3.389830508474576,3.3953714920811335
2027,32500,0.1,650,227.49999999999997,422.5,0.8,0.0104,6.557377049180328,6.567777049180328
2028,34631.147540983606,0.15,975,341.25,633.75,0.8,0.01464,6.557377049180328,6.572017049180328
2029,36902.042461703844,0.2,1300,454.99999999999994,845,0.8,0.01831876923076923,6.557377049180328,6.575695818411098
2030,39321.84852476639,0.2,1300,454.99999999999994,845,0.8,0.017191460355029584,6.557377049180328,6.574568509535357
2031,41900.33039524288,0.15,975,341.25,633.75,0.8,0.012100143249886206,6.557377049180328,6.569477192430214
2032,44647.893044111275,0.1,650,227.49999999999997,422.5,0.8,0.007570346033262138,6.557377049180328,6.56494739521359
2033,47575.62373552841,0.05,325,113.74999999999999,211.25,0.8,0.0035522392925306954,6.557377049180328,6.560929288472859
2034,50695.336767366345,,,0,0,0.8,0,6.557377049180328,6.557377049180328
2035,54019.62114555431,,,0,0,0.8,0,6.557377049180328,6.557377049180328
2036,57561.89138460706,,,0,0,0.8,0,6.557377049180328,6.557377049180328
2037,61336.44163933539,,,0,0,0.8,0,6.557377049180328,6.557377049180328
2038,65358.50338617706,,,0,0,0.8,0,6.557377049180328,6.557377049180328
2039,69644.30688690998,,,0,0,0.8,0,6.557377049180328,6.557377049180328
2040,74211.14668277293,,,0,0,0.8,0,6.557377049180328,6.557377049180328
2041,79077.45138328263,,,0,0,0.8,0,6.557377049180328,6.557377049180328
2042,,,,,,,,,
,,,,,,,,,
,,,,,,,,,
,Assumptions,,,,,,,,
,,,,,,,,,
,"total investment",2.746,,,,,,,
,"import content share",0.8,,,,,,,
,"demand multiplier","Bell shape",,,,,,,
,"Project allocation",6500,,,,,,,
,,,,,,,,,
"SCENARIO 2",,,,,,,,,
,,,,,,,,,
2020,17800,,,0,0,1,0,,0
2021,20300,,,0,0,1,0,,0
2022,24200,,,0,0,1,0,,0
2023,27100,,,0,0,1,0,,0
2024,28500,,,0,0,1,0,,0
2025,29500,,,0,0,1,0,,0
2026,30500,0.05,325,113.74999999999999,211.25,1,0.006926229508196722,,0.006926229508196722
2027,32500,0.1,650,227.49999999999997,422.5,1,0.013,,0.013
2028,34631.147540983606,0.15,975,341.25,633.75,1,0.0183,,0.0183
2029,36902.042461703844,0.2,1300,454.99999999999994,845,1,0.022898461538461538,,0.022898461538461538
2030,39321.84852476639,0.2,1300,454.99999999999994,845,1,0.02148932544378698,,0.02148932544378698
2031,41900.33039524288,0.15,975,341.25,633.75,1,0.015125179062357757,,0.015125179062357757
2032,44647.893044111275,0.1,650,227.49999999999997,422.5,1,0.009462932541577672,,0.009462932541577672
2033,47575.62373552841,0.05,325,113.74999999999999,211.25,1,0.0044402991156633695,,0.0044402991156633695
2034,50695.336767366345,,,0,0,1,0,,0
2035,54019.62114555431,,,0,0,1,0,,0
2036,57561.89138460706,,,0,0,1,0,,0
2037,61336.44163933539,,,0,0,1,0,,0
2038,65358.50338617706,,,0,0,1,0,,0
2039,69644.30688690998,,,0,0,1,0,,0
2040,74211.14668277293,,,0,0,1,0,,0
2041,79077.45138328263,,,0,0,1,0,,0
2042,84262.85803136675,,,0,0,1,0,,0
2043,89788.291344899,,,0,0,1,0,,0
"SCENARIO 3",,,,,,,,,
,,,,,,,,,
2020,17800,,,0,0,0.8,0,,0
2021,20300,,,0,0,0.8,0,,0
2022,24200,,,0,0,0.8,0,,0
2023,27100,,,0,0,0.8,0,,0
2024,28500,,,0,0,0.8,0,,0
2025,29500,,,0,0,0.8,0,,0
2026,30500,0.05,325,162.5,162.5,0.8,0.0042622950819672135,,0.0042622950819672135
2027,32500,0.1,650,325,325,0.8,0.008,,0.008
2028,34631.147540983606,0.15,975,487.5,487.5,0.8,0.011261538461538462,,0.011261538461538462
2029,36902.042461703844,0.2,1300,650,650,0.8,0.014091360946745561,,0.014091360946745561
2030,39321.84852476639,0.2,1300,650,650,0.8,0.01322420027309968,,0.01322420027309968
2031,41900.33039524288,0.15,975,487.5,487.5,0.8,0.009307802499912466,,0.009307802499912466
2032,44647.893044111275,0.1,650,325,325,0.8,0.005823343102509337,,0.005823343102509337
2033,47575.62373552841,0.05,325,162.5,162.5,0.8,0.00273249176348515,,0.00273249176348515
2034,50695.336767366345,,,0,0,0.8,0,,0
2035,54019.62114555431,,,0,0,0.8,0,,0
2036,57561.89138460706,,,0,0,0.8,0,,0
2037,61336.44163933539,,,0,0,0.8,0,,0
2038,65358.50338617706,,,0,0,0.8,0,,0
2039,69644.30688690998,,,0,0,0.8,0,,0
2040,74211.14668277293,,,0,0,0.8,0,,0
2041,79077.45138328263,,,0,0,0.8,0,,0
2042,84262.85803136675,,,0,0,0.8,0,,0
2043,89788.291344899,,,0,0,0.8,0,,0
