Year,"Real GDP (millions USD)","GDP Deflator","Real GDP Growth (%)","Deflator Growth (%)"
2020,17800,110.5,,
2021,20300,115.2,14.04494382022472,4.253393665158374
2022,24200,125.8,19.21182266009852,9.201388888888884
2023,27100,135.4,11.983471074380166,7.631160572337049
2024,28500,142.1,5.166051660516605,4.948301329394378
2025,29500,148.5,3.508771929824561,4.503870513722735
2026,30500,157.42786647054896,3.389830508474576,6.0120312932989775
2027,32500,166.8924790671313,6.557377049180328,6.0120312932989775
2028,34631.147540983606,176.92610713480966,6.557377049180328,6.0120312932989775
2029,36902.042461703844,187.56296006177007,6.557377049180328,6.0120312932989775
2030,39321.84852476639,198.83930391532152,6.557377049180328,6.0120312932989775
2031,41900.33039524288,210.7935850900885,6.557377049180328,6.0120312932989775
2032,44647.893044111275,223.46656138997142,6.557377049180328,6.0120312932989775
2033,47575.62373552841,236.90144099079566,6.557377049180328,6.0120312932989775
2034,50695.336767366345,251.1440297574385,6.557377049180328,6.0120312932989775
2035,54019.62114555431,266.2428874177078,6.557377049180328,6.0120312932989775
2036,57561.89138460706,282.2494931254431,6.557377049180328,6.0120312932989775
2037,61336.44163933539,299.21842097732247,6.557377049180328,6.0120312932989775
2038,65358.50338617706,317.20752608179413,6.557377049180328,6.0120312932989775
2039,69644.30688690998,336.27814181453107,6.557377049180328,6.0120312932989775
2040,74211.14668277293,356.49528893294496,6.557377049180328,6.0120312932989775
2041,79077.45138328263,377.9278972627302,6.557377049180328,6.0120312932989775
2042,84262.85803136675,400.6490407122723,6.557377049180328,6.0120312932989775
2043,89788.291344899,424.7361864161963,6.557377049180328,6.0120312932989775
