Date,Price,"Log Return (%)","3-month Volatility","12-month Volatility"
1990/01/01,409.819061279297,,,
1990/02/01,417.181060791016,1.78045777637422,,
1990/03/01,392.703338623047,-6.04658628397791,5.53455593172088,
1990/04/01,374.292114257813,-4.80179165459846,4.20591131550911,
1990/05/01,369.197631835938,-1.37044584198046,2.42177404631354,
1990/06/01,352.527618408203,-4.62031190186234,1.93083308417189,
1990/07/01,362.498565673828,2.78915482477398,3.71402980348765,
1990/08/01,394.631805419922,8.49326744877091,6.57524475318507,
1990/09/01,389.755004882813,-1.24348428928857,4.8922287603251,
1990/10/01,380.995208740234,-2.27315495571925,5.94110550152943,
1990/11/01,381.794097900391,0.209465299343003,1.2473096059959,
1990/12/01,376.682342529297,-1.34792130493926,1.25465225425075,4.09927502342735
1991/01/01,383.702270507813,1.84646751324177,1.59735975937521,3.98062494934324
1991/02/01,364.391662597656,-5.16376293239246,3.50970317235949,4.11376711426545
1991/03/01,362.760803222656,-0.448561253977092,3.57406432537222,3.81152677920712
1991/04/01,358.323333740234,-1.23079271123674,2.52696351646778,3.59191504895339
1991/05/01,356.964294433594,-0.379998447749823,0.472658754618764,3.57802202106459
1991/06/01,366.910003662109,2.7480835168127,2.0952407854445,3.39308162176582
1991/07/01,367.792266845703,0.240169016237603,1.65625781017554,3.30397395033367
1991/08/01,356.669525146484,-3.07086333309545,2.91869585039223,2.11108403245174
1991/09/01,348.742858886719,-2.24747965696714,1.72381804036572,2.14797756981025
1991/10/01,358.814361572266,2.84702994467017,3.20555376407657,2.3547541782145
1991/11/01,359.589996337891,0.215932728821503,2.54771470220137,2.35493201667823
1991/12/01,361.532012939453,0.538611017672481,1.43501404057379,2.35610041433307
1992/01/01,354.700958251953,-1.9075530166859,1.32897400729895,2.28731182327431
1992/02/01,353.779998779297,-0.259981579532838,1.24739463548511,1.79322606432761
1992/03/01,344.183319091797,-2.75008277979762,1.26655385658696,1.93435293340476
1992/04/01,338.691589355469,-1.60844923877242,1.24648145845074,1.95141956502044
1992/05/01,337.098937988281,-0.471345557938947,1.1393693613313,1.95121664070217
1992/06/01,341.021911621094,1.15702603726684,1.38999114717939,1.75647168894124
1992/07/01,352.254486083984,3.24071540368765,1.86067872968622,2.0734372475461
1992/08/01,342.892852783203,-2.69358704012723,3.01067345572937,2.03101688321573
1992/09/01,345.006500244141,0.614524233314385,2.97367409544392,1.95164721581831
1992/10/01,344.892395019531,-0.0330788254435048,1.75315400918761,1.72113603190221
1992/11/01,335.050537109375,-2.89510923965977,1.86762482528978,1.86015669526989
1992/12/01,334.80712890625,-0.0726746072149938,1.64108313684676,1.83466436676696
1993/01/01,329.030548095703,-1.74040336083754,1.41896688454839,1.82477356334903
1993/02/01,329.299987792969,0.0818554503010278,1.01043108862072,1.83365411915085
1993/03/01,330.096954345703,0.241726004435254,1.10113748683865,1.71385379998999
1993/04/01,342.05712890625,3.55913543408704,1.96308600608246,1.99463605491012
1993/05/01,366.667999267578,6.94790377799645,3.35315216234991,2.79619425940482
1993/06/01,371.809997558594,1.39261600622473,2.79996367676392,2.80051341376212
1993/07/01,392.399993896484,5.38987475967688,2.86550618539355,3.03523472705667
1993/08/01,378.700012207031,-3.55373449950969,4.480189866673,3.13627373523223
1993/09/01,354.399993896484,-6.63181656329737,6.24478179545789,3.80695275277363
1993/10/01,362.380004882813,2.22671969734358,4.49744195060594,3.84875025177879
1993/11/01,374.167510986328,3.2010188997119,5.4176805747392,3.77412595330101
1993/12/01,383.302001953125,2.41196078340818,0.51739506288823,3.78284966075346
1994/01/01,387.077514648438,0.980177390890843,1.1258147717169,3.6753593534964
1994/02/01,382.304992675781,-1.24062690295922,1.84044252836441,3.73629369669858
1994/03/01,383.877502441406,0.410479744350224,1.15344991806076,3.73249504436988
1994/04/01,377.321044921875,-1.72270945330121,1.11870854851405,3.74783907912453
1994/05/01,381.589996337891,1.12503210797978,1.48159335588371,3.22205924167455
1994/06/01,385.743194580078,1.08251248568354,1.63200847858749,3.21401660806068
1994/07/01,385.399993896484,-0.0890108896459827,0.688981777372457,2.78704724598817
1994/08/01,380.761352539063,-1.210893255773,1.14679240763939,2.60291151616283
1994/09/01,391.928100585938,2.89055985092225,2.11968470249301,1.6646906717279
1994/10/01,389.594451904297,-0.597207491999134,2.21220285542969,1.65018500592618
1994/11/01,384.441253662109,-1.33153402166627,2.25572727220703,1.51474364591084
1994/12/01,379.399993896484,-1.31999495446413,0.420672144339956,1.40414824861727
1995/01/01,378.549987792969,-0.224290911112622,0.635962237683608,1.36352529836633
1995/02/01,376.505249023438,-0.541614353042014,0.563787471494506,1.32884831286989
1995/03/01,381.661895751953,1.36031382567964,1.0189044063501,1.39065032427314
1995/04/01,391.04443359375,2.42860674045802,1.50448185394251,1.45126167178667
1995/05/01,385.219055175781,-1.50090474677351,2.03178419127135,1.51188237259342
1995/06/01,387.490478515625,0.587912995321146,1.96606093290451,1.48859667399045
1995/07/01,386.240478515625,-0.323110010305594,1.04724423430593,1.49193785346448
1995/08/01,383.697631835938,-0.660535149773923,0.645812332456537,1.45881287904442
1995/09/01,383.217498779297,-0.125211539113834,0.270675358370937,1.1559349064061
1995/10/01,383.069030761719,-0.0387500011320083,0.3368144238677,1.14915348861864
1995/11/01,385.676300048828,0.678320681692849,0.441083890658684,1.10545805281573
1995/12/01,387.557678222656,0.486626801038158,0.371249622290697,1.02550495774219
1996/01/01,400.070587158203,3.17763146918707,1.50137753859385,1.3295484160572
1996/02/01,404.484222412109,1.09717311413044,1.41082599278784,1.30108726003349
1996/03/01,396.326324462891,-2.03748069918874,2.62525415992506,1.47768776482881
1996/04/01,393.144989013672,-0.805945096454015,1.57927163557645,1.34608037935006
1996/05/01,391.94287109375,-0.306238045568545,0.891028263975739,1.26299492085514
1996/06/01,385.272491455078,-1.7165238214155,0.715048567186571,1.36080163306982
1996/07/01,383.586364746094,-0.43860570726479,0.77883479997298,1.36333165813187
1996/08/01,387.471435546875,1.0077334481346,1.36299604606986,1.38118595559472
1996/09/01,382.964996337891,-1.1698539728232,1.10818981182807,1.42754606910611
1996/10/01,381.072723388672,-0.495335968210093,1.11475551765186,1.43458050359506
1996/11/01,378.516662597656,-0.673013732465595,0.349617445907353,1.42577597279315
1996/12/01,368.977661132813,-2.55239913511018,1.13982219024149,1.56438777076253
1997/01/01,355.200012207031,-3.805505778785,1.5766458158778,1.39881080261745
1997/02/01,346.713195800781,-2.4183132367766,0.765131626710682,1.2851570973992
1997/03/01,351.805267333984,1.45798915985968,2.72807631821124,1.4802494793432
1997/04/01,344.583343505859,-2.07418175244604,2.14555269112702,1.51064255783824
1997/05/01,343.702789306641,-0.255868784113634,1.76634285350008,1.51311256953657
1997/06/01,340.476318359375,-0.943172578436849,0.918134912761543,1.50062827987695
1997/07/01,324.088623046875,-4.93285672526802,2.52534427682216,1.8578994601897
1997/08/01,324.049987792969,-0.0119219109325181,2.61407749324507,1.75818408788911
1997/09/01,324.476196289063,0.131439120860782,2.88337892785223,1.81878018015145
1997/10/01,323.883331298828,-0.182881605112033,0.157362173158434,1.83477978571793
1997/11/01,305.346160888672,-5.8937275593325,3.39153830770355,2.23390423136374
1997/12/01,287.619995117188,-5.9805939286053,3.32251850922692,2.53866925246831
1998/01/01,289.5,0.651514953142455,3.80422163594993,2.58815833631892
1998/02/01,297.455261230469,2.71085342454731,4.5417874647872,2.86794882320973
1998/03/01,295.954559326172,-0.505790450917729,1.62926509811642,2.75136095157253
1998/04/01,308.285003662109,4.08187649295606,2.35489525823648,3.16526716438943
1998/05/01,298.978942871094,-3.06515459484771,3.62116662092896,3.21457411782749
1998/06/01,292.538635253906,-2.17764014430102,3.89549491511372,3.22667488314908
1998/07/01,292.752258300781,0.072997225384285,1.61766536076834,3.02670415910873
1998/08/01,284.109985351563,-2.99652809859844,1.58944076989826,3.07406467576881
1998/09/01,288.981811523438,1.70023146715485,2.38500270477334,3.16308607430744
1998/10/01,295.714996337891,2.30323900493817,2.90145652678235,3.29755923496613
1998/11/01,293.716674804688,-0.678052872689304,1.57628020729073,2.87590282727578
1998/12/01,291.678955078125,-0.696188305089656,1.72650872869966,2.27214389487461
1999/01/01,286.9368286,-1.63916463740936,0.549737677064672,2.31887802601894
1999/02/01,287.655,0.249976326926377,0.944570930575052,2.15308444038134
1999/03/01,286.2136364,-0.502333300517367,0.95107034853856,2.15305159349666
1999/04/01,282.6175,-1.26441190729532,0.757199368550789,1.66692305315259
1999/05/01,276.91,-2.04018496700234,0.76893599551441,1.55883428153707
1999/06/01,261.3136364,-5.79711857220378,2.42424571307464,2.12937520086771
1999/07/01,256.6931818,-1.78398313651627,2.24668071893505,2.1164522739616
1999/08/01,256.9052632,0.082586469690026,3.00444863215797,2.05063656413625
1999/09/01,264.3108696,2.84185555026446,2.32723124155238,2.200167596541
1999/10/01,310.7815789,16.1964400030657,8.61795381225631,5.34998807996276
1999/11/01,293.1840909,-5.82896384800064,11.0953928107338,5.64413085690795
1999/12/01,282.9526316,-3.55212041800086,12.1127210644555,5.73494188533462
2000/01/01,284.065625,0.392578128297169,3.14781001091062,5.72027450768832
2000/02/01,299.715,5.36267377088092,4.46721488080504,5.93381202327577
2000/03/01,286.924,-4.36146507908793,4.8624694324247,6.0863627561043
2000/04/01,279.6526316,-2.56691407716598,5.17457974319116,6.12286826734397
2000/05/01,276.7409091,-1.04665092889411,1.659297350729,6.10074638627896
2000/06/01,285.7318182,3.19719500353687,2.98737292149378,5.87270833893031
2000/07/01,281.5857143,-1.46167797757907,2.57835778495807,5.86081839181305
2000/08/01,274.425,-2.57588929549234,3.06254432998762,5.93894296087344
2000/09/01,273.53,-0.326669451287245,1.12462594694763,5.89806782321256
2000/10/01,269.9285714,-1.32539314321256,1.12695604374834,3.11184046373389
2000/11/01,266.2973684,-1.35437629451948,0.585159578163508,2.7505101186382
2000/12/01,271.45,1.91643496682725,1.88009289776935,2.70602321827409
2001/01/01,265.4863636,-2.22144821937714,2.18220443943359,2.7460941333302
2001/02/01,262.0894737,-1.28775300236011,2.17027972708737,2.0151307480187
2001/03/01,263.0272727,0.357177714644906,1.30555834349639,1.77015135153859
2001/04/01,260.3305556,-1.03055340762553,0.884848985514498,1.67795263986098
2001/05/01,272.0931818,4.4192396571595,2.83214845837109,2.20407849327001
2001/06/01,270.202381,-0.697335029748531,3.05479446834649,1.9385675507768
2001/07/01,267.5261905,-0.995376752383034,3.04374320690895,1.92138536829001
2001/08/01,272.0921053,1.69231614482731,1.47325912601379,1.88204722916626
2001/09/01,284.4723529,4.44954395855907,2.72253435469531,2.28499920437619
2001/10/01,282.2671429,-0.778213322199913,2.61518856078596,2.25428313220803
2001/11/01,277.184375,-1.81710392832371,3.35856158735138,2.29017885165732
2001/12/01,275.8357143,-0.487744803401117,0.69891121693202,2.24384354498005
2002/01/01,281,1.85492188845688,1.85916901290419,2.16197390773722
2002/02/01,295.2875,4.95947886861316,2.73247772193208,2.43437711488684
2002/03/01,294.0475,-0.420813910550384,2.70076525758409,2.46306560691745
2002/04/01,302.6833333,2.89458354718984,2.71425875027743,2.43969365400848
2002/05/01,314.4931818,3.82752420279639,2.23273432122248,2.37507470269691
2002/06/01,321.1777778,2.10323983334763,0.863110627039053,2.30759548979661
2002/07/01,313.2913043,-2.48613523614704,3.26337799491529,2.48401860850767
2002/08/01,310.2809524,-0.965525728265579,2.33780305971589,2.56459678501656
2002/09/01,319.1357143,2.81382638858509,2.7290214645008,2.4087993163678
2002/10/01,316.5565217,-0.811463977905334,2.13892370471054,2.4109964149135
2002/11/01,320.4357143,1.21798676244252,1.8169619635183,2.24735143426008
2002/12/01,332.0361111,3.55620545403232,2.18565296207948,2.27295529439294
2003/01/01,356.859090909091,7.20972691527626,3.0198354198132,2.80307869271788
2003/02/01,358.97,0.589781900898677,3.31591012538385,2.66278972398224
2003/03/01,340.55,-5.2676861849554,6.24258816576392,3.29440852204671
2003/04/01,328.18,-3.69997193403231,3.03231617507287,3.53178444444775
2003/05/01,355.6825,8.04762406341038,7.27737620645785,4.0468885254713
2003/06/01,356.352380952381,0.188159644404626,5.98462975524228,4.03828131176147
2003/07/01,351.019565217391,-1.50781121526914,5.09826508849682,3.97381427253634
2003/08/01,359.7675,2.4616026204176,1.99169552228692,3.94688350947309
2003/09/01,378.945454545455,5.1934285843263,3.36961259266079,4.09067793135216
2003/10/01,378.919565217391,-0.0068321739091654,2.60124186318037,4.05702668365762
2003/11/01,389.91,2.85919896807964,2.60465846647426,4.0743366575341
2003/12/01,406.952631578947,4.27808510808961,2.18280738571279,4.11044613323699
2004/01/01,413.788095238095,1.66572011933134,1.30780225793835,3.72809547603489
2004/02/01,404.8775,-2.17694433180949,3.24699671461992,3.85491647545241
2004/03/01,406.667391304348,0.441107873582108,1.96298847791899,3.32680443966624
2004/04/01,403.26,-0.841411574361299,1.30911555580641,3.0094959561433
2004/05/01,383.778947368421,-4.95147862715606,2.81713496543225,2.85933323832947
2004/06/01,392.372727272727,2.21454939743574,3.59591217655203,2.89030628812676
2004/07/01,398.090909090909,1.44681710903016,3.93445377071994,2.80005003904948
2004/08/01,400.509523809524,0.605715202171171,0.804695879637652,2.76595907046884
2004/09/01,405.275,1.18283030028972,0.430155648067682,2.41987460807981
2004/10/01,420.464285714286,3.67936938753561,1.63366251624131,2.5706768537595
2004/11/01,439.375,4.39937196619364,1.68805861943618,2.71365913334031
2004/12/01,442.078947368421,0.6135217518899,2.01040987874829,2.50913742099151
2005/01/01,424.03,-4.16842726378865,4.29353936900117,2.84554698709955
2005/02/01,423.35,-0.160494735765566,2.56676388541736,2.75011796006254
2005/03/01,434.321428571429,2.55856187175094,3.38401080607347,2.82196211483913
2005/04/01,429.233333333333,-1.17842071941671,1.93194552328999,2.83867663811903
2005/05/01,421.8725,-1.72975359283186,2.33304723297587,2.39121993426235
2005/06/01,430.656818181818,2.06083917307767,2.04798136813614,2.38328580917229
2005/07/01,424.478571428571,-1.44500024926003,2.11110508339661,2.45441214613704
2005/08/01,437.929545454545,3.11965173897777,2.38914356617068,2.56577273441672
2005/09/01,456.047727272727,4.05394267978858,2.94242872110603,2.73843613524001
2005/10/01,469.897619047619,2.99173700525827,0.579876802460094,2.68354228637884
2005/11/01,476.665909090909,1.43010061030767,1.31981920040944,2.46193250426552
2005/12/01,510.097222222222,6.77854940939068,2.75028971111947,3.02575214203379
2006/01/01,549.864285714286,7.50701551724559,3.31826918269324,3.02231602029589
2006/02/01,554.995,0.928761016567218,3.60610869190047,2.96185755179054
2006/03/01,557.09347826087,0.377394567527762,3.96671426001161,3.008188934286
2006/04/01,610.652777777778,9.17954621215171,4.93047216940661,3.44435456219766
2006/05/01,675.392857142857,10.076601965843,5.35968293147583,3.66880669654808
2006/06/01,596.145454545455,-12.4809843611619,12.7725486535444,6.00016448484534
2006/07/01,633.709523809524,6.11059965691352,12.0431230135423,5.92044136474418
2006/08/01,632.593181818182,-0.176315232618395,9.45671875346046,6.00737902559159
2006/09/01,598.185714285714,-5.5926268040025,5.85700776082254,6.48909243883099
2006/10/01,585.779545454546,-2.09577482441979,2.74617096851778,6.60220876075624
2006/11/01,627.827272727273,6.93215687097296,6.46273588310607,6.76054154541861
2006/12/01,629.791176470588,0.312321330999844,4.67483868468056,6.6271062225898
2007/01/01,631.165909090909,0.218045987564807,3.8494673954408,6.38161948757424
2007/02/01,664.745,5.18347500756156,2.83996805538626,6.48560959514796
2007/03/01,654.895454545455,-1.49278969551563,3.46782723696653,6.53739858893179
2007/04/01,679.368421052632,3.66879624903975,3.50020788882849,6.11729339874818
2007/05/01,666.859523809524,-1.8584159252198,3.09100108978095,5.41790802863387
2007/06/01,655.490476190476,-1.71956407313214,3.15181908368452,3.84592814513755
2007/07/01,665.295454545455,1.48474605148065,1.89136701946766,3.47852001911676
2007/08/01,665.411363636364,0.0174206804412088,1.60404505097469,3.47602369950808
2007/09/01,712.6525,6.85884829871722,3.60183172298853,3.37450842568971
2007/10/01,754.604347826087,5.71996449479663,3.6656330542301,3.38025875574091
2007/11/01,806.247727272727,6.61974799432195,0.600532488770394,3.34071847521983
2007/12/01,803.202941176471,-0.378363846541401,3.80729099321325,3.3797466946566
2008/01/01,889.595454545455,10.2159403180484,5.38741510835369,4.05764878337407
2008/02/01,922.297619047619,3.61011547659279,5.35076583115143,4.00076638020535
2008/03/01,968.434210526316,4.88125825943892,3.50503348716346,3.80779223646889
2008/04/01,909.704545454546,-6.25606798270805,6.09641172946539,4.68724355870385
2008/05/01,888.6625,-2.34023480803915,5.64983403000311,4.72922171509034
2008/06/01,889.488095238095,0.0928599973064087,3.20319076024328,4.61347138380821
2008/07/01,939.771739130435,5.49908917031465,4.01252756253208,4.67482718934201
2008/08/01,839.025,-11.3396511662491,8.59721661836091,6.20566359986776
2008/09/01,829.931818181818,-1.08969527535847,8.48544687842039,6.05433035461477
2008/10/01,806.619565217391,-2.84914120960469,5.48096714526151,5.98667377243319
2008/11/01,760.8625,-5.83994803264149,2.40157853318513,5.91939987773297
2008/12/01,816.092105263158,7.00745644662552,6.72251496420073,6.30281114268786
2009/01/01,858.690476190476,5.0881303963092,6.93015767606349,5.70225398493801
2009/02/01,943.1625,9.38300635086556,2.15147272428229,6.27625672433845
2009/03/01,924.272727272727,-2.02314026862696,5.7607336141671,6.12130035970631
2009/04/01,890.2,-3.75610308950365,7.13838844709715,5.94342494100889
2009/05/01,928.644736842105,4.22800944989029,4.19972391917149,6.02829804197411
2009/06/01,945.670454545455,1.81679005636468,4.09506145702128,6.04170449957323
2009/07/01,934.228260869565,-1.21733526213523,2.72860386904062,5.84545652697407
2009/08/01,949.375,1.60830743270861,1.69477816108053,4.64335164024531
2009/09/01,996.590909090909,4.85364905320306,3.03790907889296,4.71318324804133
2009/10/01,1043.15909090909,4.56686115186037,1.79664175816887,4.57157393362894
2009/11/01,1127.03571428571,7.7337227831508,1.75147959270779,4.06836907749637
2009/12/01,1134.72368421053,0.679824700977447,3.53307097569808,3.94880645265466
2010/01/01,1117.9625,-1.48813391288123,4.82182820838811,4.0493863786982
2010/02/01,1095.4125,-2.03768274720479,1.43683072556909,3.51410380741561
2010/03/01,1113.33695652174,1.62307680170904,1.97411568838858,3.35988936327581
2010/04/01,1148.6875,3.12582135675085,2.65584814777497,2.9317472791425
2010/05/01,1205.43421052632,4.82198564776891,1.60042870846286,2.97518444328113
2010/06/01,1232.92045454546,2.2545865629216,1.30560084692696,2.97309070123596
2010/07/01,1192.96590909091,-3.29431414259539,4.14841655308844,3.23931717248148
2010/08/01,1215.80952380952,1.89675627458811,3.10552071938275,3.23691368864564
2010/09/01,1270.97727272727,4.4375980966569,3.94092958823234,3.2063701571413
2010/10/01,1342.02380952381,5.43926695761695,1.82613433291769,3.2782855679508
2010/11/01,1369.88636363636,2.05490099358471,1.73851080767926,2.75989808384902
2010/12/01,1390.55263157895,1.49734546564632,2.13321143639094,2.74446204759968
2011/01/01,1356.4,-2.48671135360906,2.47688714646606,2.86233534358419
2011/02/01,1372.725,1.19636841226517,2.2184218297215,2.63041136205902
2011/03/01,1424.01086956522,3.66796306902946,3.09714583549163,2.67802106974822
2011/04/01,1473.80555555556,3.43704228064558,1.36520596384431,2.69085299940481
2011/05/01,1510.4375,2.45514750723136,0.643993186235391,2.55464519763239
2011/06/01,1528.65909090909,1.19915959999459,1.12173540117838,2.5587287670492
2011/07/01,1572.80952380952,2.84725857528399,0.860957504290462,2.00275530576737
2011/08/01,1755.80681818182,11.0064951022333,5.25155850817206,3.2020198581176
2011/09/01,1771.85227272727,0.909700443604268,5.3583662714622,3.22616858319962
2011/10/01,1665.21428571429,-6.20716658922676,8.64971297760372,4.00703779741804
2011/11/01,1738.97727272727,4.33433508447822,5.37744016429125,4.07378885936552
2011/12/01,1652.30555555556,-5.11255471390812,5.79604979788202,4.5635968897133
2012/01/01,1656.11904761905,0.230532305239006,4.7369734185435,4.41623014684847
2012/02/01,1742.61904761905,5.09122392917201,5.10378945089054,4.52065377600932
2012/03/01,1673.77272727273,-4.03089847443563,4.5643406332739,4.79837975872502
2012/04/01,1650.06578947368,-1.42650370595122,4.69887863896197,4.81114978473524
2012/05/01,1585.50454545455,-3.99124776434599,1.49233354035388,4.98356653959722
2012/06/01,1596.69736842105,0.703466934359857,2.35071028683897,4.97842991430588
2012/07/01,1593.90909090909,-0.174780453641693,2.49589954760639,4.91739335288068
2012/08/01,1626.03409090909,1.99544303349643,1.09166468443059,3.61891444363087
2012/09/01,1744.45,7.02953427017627,3.69581058324068,4.23577332445843
2012/10/01,1747.01086956522,0.146693325236224,3.56214938710587,3.77959085736108
2012/11/01,1721.13636363636,-1.49215037712395,4.52176988545675,3.59805509262336
2012/12/01,1688.52941176471,-1.91267696440862,1.08809139331605,3.29769656296814
2013/01/01,1670.95454545455,-1.04629323221763,0.433253577727579,3.31648843930481
2013/02/01,1627.5875,-2.62961901449623,0.792837436828127,2.98731190344804
2013/03/01,1592.8625,-2.15661450223872,0.812759407215666,2.83497174474903
2013/04/01,1485.08333333333,-7.00618246708966,2.673834648618,3.41463881529485
2013/05/01,1413.5,-4.94019892514538,2.43361663924092,3.50313749612512
2013/06/01,1342.3625,-5.16377768526102,1.13377914057842,3.65641923850442
2013/07/01,1286.72391304348,-4.23317354773047,0.485780541512406,3.71537518688075
2013/08/01,1347.09523809524,4.58512129641293,5.38004614871655,4.0177699164257
2013/09/01,1348.79761904762,0.126294424064311,4.4092407137913,3.05324264565478
2013/10/01,1316.1847826087,-2.44763076634885,3.55822590485066,2.96696326243301
2013/11/01,1275.82142857143,-3.11470064943063,1.71143809807116,2.96079595924312
2013/12/01,1225.40277777778,-4.03206407282171,0.795504743559194,2.9860095358531
2014/01/01,1244.79545454546,1.57016347408684,3.00484223084834,3.20311032376354
2014/02/01,1300.975,4.41427604768148,4.29756891063312,3.76418707040814
2014/03/01,1336.08333333333,2.66284650606627,1.434714720708,3.98127151652491
2014/04/01,1299,-2.81477107302373,3.77118288373322,3.61823985729254
2014/05/01,1287.525,-0.887296684549683,2.77857782971961,3.41206771982862
2014/06/01,1279.09523809524,-0.656878808241321,1.18495773077591,3.12104654292681
2014/07/01,1310.96739130435,2.46123485647181,1.87031141368708,2.9686258391837
2014/08/01,1295.9875,-1.14923785034299,1.95791400130618,2.6333742231582
2014/09/01,1238.81818181818,-4.51151068525273,3.48710893082569,2.88943126550631
2014/10/01,1222.48913043478,-1.3268794901842,1.89201440345033,2.84590222095833
2014/11/01,1176.3,-3.85151320832127,1.68083550300211,2.91191026958416
2014/12/01,1202.28947368421,2.18537148270196,3.03187673122345,2.81205717162563
2015/01/01,1251.84523809524,4.03910194810497,4.12597667140556,3.03178371702879
2015/02/01,1227.1875,-1.98936875021362,3.08780481926274,2.74302596662221
2015/03/01,1178.62954545455,-4.03726044199118,4.19849077641591,2.72553018283357
2015/04/01,1197.91,1.62260102922569,2.86572323454888,2.76431939836127
2015/05/01,1199.05263157895,0.095339964874283,2.92816621667537,2.77200676147806
2015/06/01,1181.50454545455,-1.47431064842269,1.54850418929916,2.78373151606241
2015/07/01,1130.03695652174,-4.45383277511018,2.31071157039925,2.79428065653143
2015/08/01,1117.475,-1.117866118526,1.83181505344449,2.79438554223416
2015/09/01,1124.53181818182,0.629511153025287,2.58271131289991,2.63599172869693
2015/10/01,1159.24545454546,3.04025358303558,2.08786038188622,2.85037762424468
2015/11/01,1085.70238095238,-6.55421899867232,4.9911849307455,3.22621801968322
2015/12/01,1068.25263157895,-1.62028742770319,4.79788542625687,3.1050157445755
2016/01/01,1097.375,2.68967052766914,4.62545334533615,2.9257808688615
2016/02/01,1199.91190476191,8.93271771364623,5.30592896762293,4.09023837635899
2016/03/01,1246.3380952381,3.79615866501579,3.33127085420596,4.04478190199537
2016/04/01,1242.26190476191,-0.327589337095945,4.6393753731692,4.03322510725003
2016/05/01,1259.3975,1.36995973183819,2.07257535808761,4.04402973217702
2016/06/01,1276.40454545455,1.34137445694357,0.971933648729405,4.00632130407045
2016/07/01,1337.32619047619,4.66250637301031,1.90925804551366,3.81140438272539
2016/08/01,1341.08863636364,0.280945903114839,2.28591695945132,3.74814592984083
2016/09/01,1326.02954545455,-1.12925261735985,3.02024293231061,3.81983661062055
2016/10/01,1266.56904761905,-4.58774657301748,2.50512829796589,4.13864822048989
2016/11/01,1235.97954545455,-2.44478975116254,1.74566521857566,3.61763502798746
2016/12/01,1151.40277777778,-7.08828041349508,2.32403883210808,4.27360962391864
2017/01/01,1192.61666666667,3.51687668990793,5.31621465383053,4.31640413912773
2017/02/01,1234.3575,3.44008191139667,6.10084239907444,3.594067261689
2017/03/01,1231.09347826087,-0.264781062360534,2.16151345310085,3.41508830129151
2017/04/01,1265.62777777778,2.76654849296817,1.97351698721962,3.51198511647019
2017/05/01,1245.00476190476,-1.64289113652801,2.25578161235016,3.52492435998031
2017/06/01,1260.25681818182,1.21761694154722,2.23699401213222,3.52051559319287
2017/07/01,1236.22142857143,-1.9256031828122,1.73888207938443,3.20919731431474
2017/08/01,1282.31590909091,3.66082547701744,2.80051441314325,3.43891537941795
2017/09/01,1314.97857142857,2.51526229153909,2.95075657938137,3.5259308633426
2017/10/01,1279.51363636364,-2.73403358722534,3.40983002230963,3.34601249368336
2017/11/01,1282.28409090909,0.216289958883679,2.63137448354321,3.24992991820383
2017/12/01,1261.25588235294,-1.65349771399635,1.49265271366753,2.39089137041953
2018/01/01,1331.66590909091,5.43227650750383,3.67221136680876,2.64242275098844
2018/02/01,1331.525,-0.0105819744697569,3.70882004821058,2.5284282648129
2018/03/01,1324.65714285714,-0.517123606613858,3.29839998074194,2.53759246161437
2018/04/01,1334.74,0.758285048418934,0.642184833376586,2.44707668315188
2018/05/01,1303.02619047619,-2.40471182544634,1.59134145431296,2.51505084994589
2018/06/01,1281.56666666667,-1.66061102374304,1.65374793701547,2.56462000793828
2018/07/01,1238.525,-3.41621323864244,0.881188614784305,2.70595318446726
2018/08/01,1201.24545454546,-3.05622580940472,0.92731428653993,2.57490332811109
2018/09/01,1198.4725,-0.231106807731841,1.74431415839437,2.39393835302585
2018/10/01,1215.39347826087,1.40200455040501,2.25551797535207,2.38366864197257
2018/11/01,1220.94545454546,0.455764657401297,0.819981204337577,2.39054953230255
2018/12/01,1247.92352941177,2.18554722013082,0.866165569691678,2.46452475598152
2019/01/01,1291.74545454546,3.45133757843315,1.50376361566092,2.10058307984061
2019/02/01,1320.065,2.16866084657495,0.735727528735271,2.21461327801782
2019/03/01,1300.89761904762,-1.46264754211982,2.54882031461849,2.24845066075907
2019/04/01,1286.445,-1.117190221494,2.00426872016158,2.24469257611085
2019/05/01,1283.94761904762,-0.194319087264342,0.655704323630244,2.145412741048
2019/06/01,1359.0425,5.68409983734938,3.68928734419383,2.65419550139494
2019/07/01,1412.97826086957,3.89193108204006,3.0128922523854,2.51122403772536
2019/08/01,1498.79761904762,5.89634808684215,1.10110593617353,2.49460221035297
2019/09/01,1511.31428571429,0.831646078551191,2.55062862397048,2.43231433949237
2019/10/01,1494.8,-1.09872415200084,3.61267609228071,2.58430169245569
2019/11/01,1470.01666666667,-1.67186800343389,1.31164056688145,2.74710774706454
2019/12/01,1476.04444444444,0.409209854231334,1.07496076604772,2.75741529143565
2020/01/01,1560.67272727273,5.57511266002387,3.73131267306584,2.9617027898532
2020/02/01,1597.1025,2.30740862786701,2.61303144594235,2.96449626299641
2020/03/01,1591.92727272727,-0.324564659763777,2.95554184277021,2.87489261707637
2020/04/01,1682.93,5.55909185307105,2.94726260409268,2.92934059405644
2020/05/01,1716.38157894737,1.9682019751056,2.9655995155187,2.83091582151984
2020/06/01,1732.21818181818,0.918443153302016,2.43351953811406,2.66036589662702
2020/07/01,1843.31304347826,6.21617464176803,2.80515074712423,2.88409399437957
2020/08/01,1968.03095238095,6.5469006691326,3.15845090291033,2.96456418216811
2020/09/01,1922.21363636364,-2.35560688163261,5.0471024506067,3.23551739578106
2020/10/01,1900.275,-1.14788449847701,4.82912954236875,3.23983154609598
2020/11/01,1863.49285714286,-1.95460056443831,0.615113842076527,3.26985142308278
2020/12/01,1855.9552631579,-0.405307672524192,0.77486768961523,3.31350568373188
2021/01/01,1866.985,0.592530007620871,1.28347592186034,3.11874888454669
2021/02/01,1808.175,-3.20067809263814,1.96630802577809,3.38225363118655
2021/03/01,1718.22826086957,-5.10243702836919,2.89936097219476,3.81084101031173
2021/04/01,1761.6775,2.49728010771984,3.95472534341777,3.54446239232859
2021/05/01,1855.56,5.19200571783596,5.3384267051457,3.78940262003937
2021/06/01,1834.56590909091,-1.13786455751452,3.17655685068396,3.82249603788663
2021/07/01,1807.09318181818,-1.50883142996068,3.76621146079429,3.39491489932213
2021/08/01,1783.96904761905,-1.28788934004685,0.186609781327172,2.66065597455857
2021/09/01,1777.25227272727,-0.377217940261276,0.599817596656484,2.61768392796774
2021/10/01,1776.85476190476,-0.0223690969515049,0.65278653806455,2.61851967480674
2021/11/01,1820.23409090909,2.4120300550451,1.51833907676341,2.70888827316474
2021/12/01,1786.65263157895,-1.86212832721031,2.14396218612364,2.75144482864366
2022/01/01,1816.765,1.67136160583168,2.28409612812791,2.80104793078079
2022/02/01,1856.295,2.15251187167534,2.19219800701408,2.70921440355661
2022/03/01,1947.82826086957,4.81324738633231,1.69226009205591,2.43715269021387
2022/04/01,1933.9,-0.717635017647962,2.76610185435231,2.43971772242722
2022/05/01,1849.83318181818,-4.44432263517925,4.6579942655702,2.44040459443245
2022/06/01,1837.06409090909,-0.6926768510052,2.15884496890714,2.42529857633875
2022/07/01,1737.38047619048,-5.57901891153891,2.55730067525755,2.89613317892464
2022/08/01,1764.13260869565,1.52806243477539,3.63590032342011,2.92520946365903
2022/09/01,1683.20818181818,-4.69575253361289,3.87355645194088,3.2146569030931
2022/10/01,1666.62666666667,-0.989998094252094,3.13073786705899,3.21500736969375
2022/11/01,1727.89863636364,3.61043856715563,4.16111852036109,3.33133684709544
2022/12/01,1797.40818181818,3.94397191119324,2.75739375684853,3.5212560944766
2023/01/01,1896.05954545455,5.34320809086586,0.919383543503355,3.82167590064319
2023/02/01,1853.409,-2.27511630710358,4.05532133511348,3.84611918717253
2023/03/01,1913.64826086957,3.1984858293079,3.92850736199826,3.68686563266323
2023/04/01,1999.6685,4.39699124297191,3.55700610846829,3.90419888241533
2023/05/01,1989.82695652174,-0.493373838817169,2.54891851801545,3.62640397906045
2023/06/01,1944.72863636364,-2.29252296760444,3.46174832019653,3.70707722849813
2023/07/01,1950.27,0.284537577152303,1.32182479991699,3.1864939386492
2023/08/01,1919.30217391304,-1.60061556408238,1.33377779710475,3.26315267294562
2023/09/01,1915.43476190476,-0.201704230783541,0.97870546983619,2.81429862970506
2023/10/01,1913.98454545455,-0.0757408057538855,0.846370952111084,2.76520052222703
2023/11/01,1985.77772727273,3.68234210342358,2.20699153687264,2.77108083373558
2023/12/01,2034.70428571429,2.43398546328798,1.91399701317867,2.66539973431383
2024/01/01,2034.00608695652,-0.0343203964236973,1.89140636634175,2.30223975275555
2024/02/01,2024.44619047619,-0.471111325614499,1.56646669747566,2.15251234358517
2024/03/01,2162.34619047619,6.58976545332431,3.95654058802241,2.66651954399001
2024/04/01,2333.55045454545,7.61970765032099,4.4041290004924,3.15525337345309
2024/05/01,2350.59652173913,0.727822697612655,3.71755367595776,3.1120171011021
2024/06/01,2328.2625,-0.954685373784315,4.54329409392769,2.98971812533078
2024/07/01,2393.96217391304,2.78275253959876,1.87180893888747,2.98436199175659
2024/08/01,2468.32863636364,3.05914495182127,2.24186190493075,2.81292605141196
2024/09/01,2569.04904761905,3.99945538923264,0.637827341912389,2.76186360432483
2024/10/01,2689.12869565217,4.56814261321865,0.762087354959216,2.70098402283232
2024/11/01,2652.19952380952,-1.38279314673054,3.28394175954865,2.94136542213283
2024/12/01,2640.60545454546,-0.438107500881509,3.19814028234751,3.05406167103519
2025/01/01,2707.46739130435,2.50054262738372,2.02519103133269,2.97419354993856
2025/02/01,2894.38,6.67572697591457,3.57478367373055,3.06481037739526
2025/03/01,2986.25619047619,3.12495669089658,2.25203711055481,2.84934847074103
2025/04/01,3222.01181818182,7.5985460063601,2.36194009038292,2.84602485533569
2025/05/01,3288.00954545455,2.02764275958811,2.95104676942967,2.7887798253579
2025/06/01,3351.85857142857,1.92326091266392,3.24691441858246,2.55039333233885
2025/07/01,3341.64913043478,-0.305055267457357,1.31768538568832,2.72792427021371
2025/08/01,3367.25619047619,0.763378917129641,1.11447078987809,2.78638963954444
2025/09/01,3666.52363636364,8.51457491730952,4.81332296229347,3.25907254969864
