,"Gold, Fixing Committee of the London Bullion Market Association, London 3 PM fixed price, US$ per troy ounce","Monthly log return","3-month volatility","12-month volatility"
1992M1,354.700958251953,,,
1992M2,353.779998779297,-0.2599815795328384,,
1992M3,344.183319091797,-2.750082779797621,,
1992M4,338.691589355469,-1.608449238772416,1.246481458450741,
1992M5,337.098937988281,-0.4713455579389469,1.139369361331299,
1992M6,341.021911621094,1.157026037266838,1.389991147179388,
1992M7,352.254486083984,3.240715403687654,1.860678729686222,
1992M8,342.892852783203,-2.693587040127227,3.010673455729372,
1992M9,345.006500244141,0.6145242333143851,2.973674095443919,
1992M10,344.892395019531,-0.03307882544350478,1.753154009187613,
1992M11,335.050537109375,-2.895109239659772,1.867624825289782,
1992M12,334.80712890625,-0.07267460721499384,1.641083136846755,
1993M1,329.030548095703,-1.740403360837542,1.418966884548386,1.824773563349033
1993M2,329.299987792969,0.08185545030102777,1.010431088620716,1.833654119150848
1993M3,330.096954345703,0.2417260044352537,1.101137486838653,1.713853799989986
1993M4,342.05712890625,3.559135434087044,1.963086006082458,1.994636054910123
1993M5,366.667999267578,6.947903777996453,3.353152162349912,2.796194259404825
1993M6,371.809997558594,1.392616006224727,2.799963676763915,2.800513413762123
1993M7,392.399993896484,5.389874759676879,2.865506185393549,3.035234727056669
1993M8,378.700012207031,-3.553734499509686,4.480189866672999,3.136273735232232
1993M9,354.399993896484,-6.631816563297374,6.244781795457889,3.806952752773627
1993M10,362.380004882813,2.226719697343581,4.497441950605934,3.848750251778794
1993M11,374.167510986328,3.201018899711896,5.417680574739201,3.774125953301014
1993M12,383.302001953125,2.411960783408184,0.5173950628882181,3.78284966075346
1994M1,387.077514648438,0.9801773908908428,1.125814771716891,3.675359353496397
1994M2,382.304992675781,-1.240626902959225,1.840442528364402,3.736293696698585
1994M3,383.877502441406,0.4104797443502241,1.153449918060757,3.732495044369878
1994M4,377.321044921875,-1.722709453301214,1.118708548514046,3.747839079124532
1994M5,381.589996337891,1.125032107979783,1.481593355883706,3.222059241674552
1994M6,385.743194580078,1.082512485683544,1.632008478587488,3.214016608060681
1994M7,385.399993896484,-0.08901088964598271,0.6889817773724496,2.787047245988175
1994M8,380.761352539063,-1.210893255773004,1.146792407639387,2.602911516162834
1994M9,391.928100585938,2.890559850922247,2.119684702493004,1.6646906717279
1994M10,389.594451904297,-0.5972074919991341,2.21220285542969,1.650185005926186
1994M11,384.441253662109,-1.331534021666269,2.255727272207025,1.514743645910845
1994M12,379.399993896484,-1.319994954464128,0.420672144339945,1.404148248617268
1995M1,378.549987792969,-0.2242909111126217,0.6359622376836013,1.363525298366332
1995M2,376.505249023438,-0.5416143530420139,0.563787471494498,1.328848312869891
1995M3,381.661895751953,1.36031382567964,1.018904406350092,1.390650324273146
1995M4,391.04443359375,2.428606740458021,1.504481853942504,1.451261671786675
1995M5,385.219055175781,-1.500904746773513,2.031784191271351,1.511882372593423
1995M6,387.490478515625,0.5879129953211455,1.966060932904504,1.488596673990456
1995M7,386.240478515625,-0.3231100103055944,1.04724423430593,1.491937853464485
1995M8,383.697631835938,-0.6605351497739229,0.6458123324565306,1.458812879044423
1995M9,383.217498779297,-0.125211539113834,0.2706753583709217,1.155934906406101
1995M10,383.069030761719,-0.03875000113200828,0.3368144238676878,1.149153488618645
1995M11,385.676300048828,0.6783206816928489,0.4410838906586738,1.10545805281573
1995M12,387.557678222656,0.4866268010381582,0.3712496222906854,1.025504957742191
1996M1,400.070587158203,3.177631469187074,1.501377538593844,1.329548416057201
1996M2,404.484222412109,1.09717311413044,1.410825992787838,1.301087260033492
1996M3,396.326324462891,-2.037480699188738,2.625254159925055,1.47768776482881
1996M4,393.144989013672,-0.8059450964540154,1.579271635576443,1.346080379350058
1996M5,391.94287109375,-0.3062380455685448,0.8910282639757338,1.262994920855146
1996M6,385.272491455078,-1.716523821415504,0.7150485671865638,1.360801633069821
1996M7,383.586364746094,-0.4386057072647899,0.7788347999729738,1.363331658131868
1996M8,387.471435546875,1.007733448134598,1.362996046069861,1.381185955594725
1996M9,382.964996337891,-1.169853972823201,1.108189811828068,1.427546069106111
1996M10,381.072723388672,-0.4953359682100931,1.11475551765186,1.434580503595065
1996M11,378.516662597656,-0.6730137324655949,0.3496174459073392,1.425775972793152
1996M12,368.977661132813,-2.552399135110182,1.139822190241483,1.564387770762529
1997M1,355.200012207031,-3.805505778784994,1.576645815877795,1.39881080261745
1997M2,346.713195800781,-2.418313236776596,0.7651316267106744,1.285157097399207
1997M3,351.805267333984,1.457989159859678,2.728076318211237,1.480249479343201
1997M4,344.583343505859,-2.074181752446044,2.145552691127015,1.510642557838246
1997M5,343.702789306641,-0.2558687841136338,1.76634285350008,1.513112569536568
1997M6,340.476318359375,-0.9431725784368492,0.9181349127615368,1.500628279876957
1997M7,324.088623046875,-4.932856725268024,2.525344276822159,1.857899460189701
1997M8,324.049987792969,-0.01192191093251807,2.614077493245065,1.758184087889112
1997M9,324.476196289063,0.1314391208607822,2.883378927852225,1.818780180151449
1997M10,323.883331298828,-0.182881605112033,0.1573621731583982,1.834779785717935
1997M11,305.346160888672,-5.893727559332502,3.391538307703543,2.23390423136374
1997M12,287.619995117188,-5.980593928605299,3.322518509226913,2.538669252468313
1998M1,289.5,0.6515149531424549,3.804221635949933,2.588158336318923
1998M2,297.455261230469,2.710853424547313,4.541787464787203,2.867948823209734
1998M3,295.954559326172,-0.5057904509177286,1.62926509811641,2.751360951572533
1998M4,308.285003662109,4.08187649295606,2.354895258236477,3.165267164389435
1998M5,298.978942871094,-3.065154594847713,3.621166620928956,3.214574117827493
1998M6,292.538635253906,-2.177640144301018,3.895494915113715,3.226674883149077
1998M7,292.752258300781,0.07299722538428495,1.617665360768336,3.026704159108732
1998M8,284.109985351563,-2.996528098598439,1.589440769898255,3.074064675768811
1998M9,288.981811523438,1.70023146715485,2.385002704773337,3.163086074307438
1998M10,295.714996337891,2.303239004938173,2.901456526782347,3.297559234966128
1998M11,293.716674804688,-0.6780528726893037,1.576280207290724,2.875902827275781
1998M12,291.678955078125,-0.6961883050896555,1.726508728699655,2.27214389487461
1999M1,286.9368286,-1.63916463740936,0.5497376770646576,2.318878026018939
1999M2,287.655,0.2499763269263775,0.9445709305750436,2.153084440381338
1999M3,286.2136364,-0.5023333005173668,0.9510703485385512,2.153051593496659
1999M4,282.6175,-1.264411907295319,0.7571993685507782,1.666923053152589
1999M5,276.91,-2.040184967002338,0.768935995514399,1.558834281537076
1999M6,261.3136364,-5.797118572203784,2.424245713074641,2.129375200867713
1999M7,256.6931818,-1.783983136516273,2.246680718935048,2.116452273961599
1999M8,256.9052632,0.08258646969002602,3.004448632157968,2.050636564136249
1999M9,264.3108696,2.84185555026446,2.327231241552373,2.200167596540996
1999M10,310.7815789,16.1964400030657,8.61795381225631,5.349988079962761
1999M11,293.1840909,-5.828963848000638,11.09539281073379,5.644130856907949
1999M12,282.9526316,-3.552120418000859,12.11272106445546,5.734941885334618
2000M1,284.065625,0.3925781282971686,3.147810010910612,5.720274507688323
2000M2,299.715,5.36267377088092,4.467214880805041,5.933812023275769
2000M3,286.924,-4.361465079087925,4.862469432424702,6.086362756104298
2000M4,279.6526316,-2.566914077165978,5.174579743191154,6.122868267343971
2000M5,276.7409091,-1.046650928894109,1.659297350728997,6.100746386278963
2000M6,285.7318182,3.197195003536874,2.987372921493773,5.872708338930312
2000M7,281.5857143,-1.461677977579074,2.578357784958068,5.860818391813048
2000M8,274.425,-2.575889295492337,3.062544329987614,5.938942960873435
2000M9,273.53,-0.3266694512872454,1.124625946947624,5.898067823212559
2000M10,269.9285714,-1.325393143212556,1.126956043748331,3.11184046373389
2000M11,266.2973684,-1.354376294519481,0.5851595781634947,2.750510118638201
2000M12,271.45,1.916434966827246,1.880092897769345,2.706023218274089
2001M1,265.4863636,-2.221448219377142,2.182204439433583,2.746094133330199
2001M2,262.0894737,-1.287753002360107,2.170279727087361,2.015130748018704
2001M3,263.0272727,0.3571777146449055,1.305558343496382,1.770151351538587
2001M4,260.3305556,-1.030553407625529,0.8848489855144888,1.677952639860975
2001M5,272.0931818,4.419239657159501,2.832148458371086,2.204078493270006
2001M6,270.202381,-0.6973350297485309,3.054794468346491,1.938567550776799
2001M7,267.5261905,-0.9953767523830342,3.043743206908947,1.921385368290011
2001M8,272.0921053,1.692316144827306,1.473259126013787,1.88204722916626
2001M9,284.4723529,4.449543958559071,2.722534354695307,2.284999204376188
2001M10,282.2671429,-0.7782133221999128,2.615188560785956,2.254283132208025
2001M11,277.184375,-1.817103928323706,3.358561587351375,2.290178851657318
2001M12,275.8357143,-0.4877448034011166,0.6989112169320069,2.243843544980052
2002M1,281,1.854921888456878,1.85916901290419,2.161973907737215
2002M2,295.2875,4.959478868613159,2.732477721932073,2.434377114886844
2002M3,294.0475,-0.4208139105503844,2.700765257584091,2.463065606917452
2002M4,302.6833333,2.894583547189836,2.714258750277428,2.439693654008475
2002M5,314.4931818,3.827524202796388,2.232734321222472,2.375074702696905
2002M6,321.1777778,2.103239833347625,0.8631106270390443,2.307595489796612
2002M7,313.2913043,-2.486135236147037,3.263377994915283,2.484018608507666
2002M8,310.2809524,-0.9655257282655794,2.337803059715885,2.564596785016562
2002M9,319.1357143,2.813826388585094,2.729021464500792,2.408799316367798
2002M10,316.5565217,-0.8114639779053339,2.138923704710538,2.410996414913501
2002M11,320.4357143,1.217986762442523,1.816961963518294,2.247351434260077
2002M12,332.0361111,3.556205454032318,2.18565296207948,2.272955294392936
2003M1,356.8590909090909,7.20972691527624,3.019835419813182,2.803078692717873
2003M2,358.97,0.5897819008986993,3.315910125383823,2.662789723982232
2003M3,340.55,-5.267686184955394,6.242588165763903,3.294408522046707
2003M4,328.18,-3.699971934032312,3.032316175072877,3.531784444447747
2003M5,355.6825,8.047624063410376,7.27737620645785,4.046888525471294
2003M6,356.352380952381,0.1881596444046257,5.984629755242274,4.038281311761468
2003M7,351.0195652173913,-1.507811215269128,5.098265088496816,3.973814272536332
2003M8,359.7675,2.461602620417574,1.991695522286895,3.946883509473084
2003M9,378.9454545454546,5.193428584326299,3.369612592660777,4.090677931352152
2003M10,378.9195652173912,-0.006832173909165396,2.601241863180364,4.057026683657612
2003M11,389.91,2.859198968079644,2.60465846647426,4.074336657534094
2003M12,406.9526315789473,4.278085108089609,2.182807385712785,4.110446133236982
2004M1,413.7880952380953,1.665720119331341,1.307802257938347,3.728095476034885
2004M2,404.8775,-2.176944331809485,3.246996714619919,3.854916475452405
2004M3,406.6673913043479,0.4411078735820863,1.962988477918976,3.326804439666241
2004M4,403.26,-0.841411574361288,1.30911555580639,3.009495956143299
2004M5,383.778947368421,-4.951478627156038,2.817134965432219,2.859333238329457
2004M6,392.3727272727272,2.214549397435739,3.59591217655201,2.890306288126748
2004M7,398.0909090909091,1.446817109030134,3.93445377071992,2.800050039049473
2004M8,400.5095238095238,0.6057152021711928,0.8046958796376255,2.765959070468831
2004M9,405.275,1.182830300289702,0.4301556480676288,2.419874608079805
2004M10,420.4642857142857,3.679369387535611,1.633662516241295,2.57067685375949
2004M11,439.375,4.399371966193639,1.688058619436186,2.713659133340305
2004M12,442.078947368421,0.6135217518898995,2.010409878748285,2.509137420991506
2005M1,424.03,-4.168427263788656,4.29353936900117,2.84554698709954
2005M2,423.35,-0.1604947357655659,2.56676388541736,2.750117960062531
2005M3,434.3214285714286,2.558561871750939,3.384010806073474,2.821962114839128
2005M4,429.2333333333334,-1.178420719416696,1.931945523289976,2.838676638119022
2005M5,421.8725,-1.729753592831859,2.333047232975863,2.391219934262345
2005M6,430.6568181818182,2.060839173077647,2.047981368136111,2.383285809172291
2005M7,424.4785714285714,-1.445000249260019,2.111105083396589,2.454412146137039
2005M8,437.9295454545454,3.119651738977774,2.389143566170661,2.565772734416721
2005M9,456.0477272727272,4.053942679788576,2.942428721106023,2.738436135240006
2005M10,469.8976190476191,2.991737005258244,0.5798768024600847,2.683542286378831
2005M11,476.6659090909091,1.430100610307674,1.319819200409431,2.461932504265512
2005M12,510.0972222222222,6.778549409390703,2.750289711119486,3.025752142033789
2006M1,549.8642857142856,7.507015517245587,3.318269182693243,3.022316020295892
2006M2,554.995,0.9287610165672178,3.606108691900471,2.961857551790535
2006M3,557.0934782608696,0.3773945675277625,3.96671426001161,3.008188934285995
2006M4,610.6527777777778,9.179546212151706,4.930472169406604,3.444354562197661
2006M5,675.3928571428571,10.07660196584302,5.359682931475829,3.668806696548078
2006M6,596.1454545454545,-12.48098436116186,12.77254865354444,6.000164484845336
2006M7,633.7095238095238,6.110599656913522,12.04312301354226,5.920441364744179
2006M8,632.5931818181818,-0.1763152326183953,9.456718753460455,6.007379025591592
2006M9,598.1857142857143,-5.592626804002499,5.857007760822526,6.489092438830993
2006M10,585.7795454545455,-2.095774824419792,2.746170968517755,6.602208760756243
2006M11,627.8272727272728,6.932156870972964,6.462735883106059,6.760541545418612
2006M12,629.7911764705883,0.3123213309998437,4.674838684680551,6.627106222589803
2007M1,631.1659090909092,0.2180459875648066,3.849467395440796,6.381619487574243
2007M2,664.745,5.183475007561563,2.839968055386247,6.485609595147959
2007M3,654.8954545454545,-1.492789695515626,3.46782723696652,6.537398588931786
2007M4,679.3684210526316,3.668796249039747,3.500207888828479,6.117293398748179
2007M5,666.8595238095237,-1.8584159252198,3.091001089780937,5.417908028633867
2007M6,655.4904761904762,-1.719564073132142,3.151819083684502,3.845928145137545
2007M7,665.2954545454545,1.484746051480645,1.89136701946763,3.478520019116761
2007M8,665.4113636363637,0.01742068044120882,1.604045050974656,3.476023699508078
2007M9,712.6525,6.858848298717223,3.60183172298852,3.374508425689707
2007M10,754.6043478260871,5.719964494796632,3.665633054230093,3.380258755740907
2007M11,806.2477272727273,6.619747994321953,0.6005324887703718,3.340718475219831
2007M12,803.2029411764706,-0.3783638465414013,3.807290993213246,3.379746694656594
2008M1,889.5954545454545,10.2159403180484,5.387415108353688,4.057648783374064
2008M2,922.297619047619,3.610115476592794,5.350765831151422,4.000766380205349
2008M3,968.4342105263158,4.881258259438921,3.505033487163459,3.807792236468887
2008M4,909.7045454545455,-6.256067982708051,6.096411729465379,4.687243558703848
2008M5,888.6625,-2.340234808039154,5.649834030003097,4.729221715090335
2008M6,889.4880952380952,0.09285999730640866,3.203190760243256,4.613471383808211
2008M7,939.7717391304348,5.499089170314645,4.012527562532067,4.674827189342009
2008M8,839.025,-11.3396511662491,8.597216618360896,6.205663599867755
2008M9,829.9318181818181,-1.08969527535847,8.485446878420385,6.054330354614765
2008M10,806.6195652173913,-2.849141209604694,5.480967145261495,5.986673772433187
2008M11,760.8625,-5.839948032641487,2.401578533185098,5.919399877732967
2008M12,816.0921052631579,7.007456446625518,6.722514964200719,6.30281114268786
2009M1,858.6904761904761,5.088130396309205,6.930157676063483,5.702253984938012
2009M2,943.1625,9.383006350865557,2.151472724282295,6.276256724338447
2009M3,924.2727272727273,-2.023140268626964,5.7607336141671,6.121300359706307
2009M4,890.2,-3.756103089503647,7.138388447097147,5.943424941008884
2009M5,928.6447368421053,4.22800944989029,4.199723919171472,6.028298041974111
2009M6,945.6704545454545,1.816790056364675,4.09506145702127,6.041704499573231
2009M7,934.2282608695652,-1.217335262135232,2.728603869040599,5.845456526974065
2009M8,949.375,1.608307432708606,1.694778161080499,4.643351640245314
2009M9,996.5909090909091,4.853649053203064,3.037909078892942,4.71318324804133
2009M10,1043.159090909091,4.56686115186037,1.796641758168857,4.571573933628934
2009M11,1127.035714285714,7.733722783150821,1.751479592707793,4.068369077496369
2009M12,1134.723684210526,0.6798247009774473,3.533070975698077,3.948806452654658
2010M1,1117.9625,-1.488133912881248,4.82182820838812,4.049386378698197
2010M2,1095.4125,-2.037682747204789,1.436830725569048,3.514103807415613
2010M3,1113.336956521739,1.623076801709064,1.974115688388566,3.359889363275816
2010M4,1148.6875,3.125821356750827,2.655848147774941,2.931747279142503
2010M5,1205.434210526316,4.821985647768887,1.60042870846282,2.975184443281134
2010M6,1232.920454545455,2.254586562921595,1.30560084692692,2.97309070123596
2010M7,1192.965909090909,-3.294314142595342,4.148416553088397,3.239317172481469
2010M8,1215.809523809524,1.896756274588089,3.105520719382702,3.236913688645637
2010M9,1270.977272727273,4.437598096656902,3.940929588232303,3.206370157141293
2010M10,1342.02380952381,5.439266957616931,1.826134332917671,3.278285567950792
2010M11,1369.886363636364,2.05490099358473,1.738510807679219,2.759898083849003
2010M12,1390.552631578947,1.497345465646365,2.133211436390886,2.744462047599671
2011M1,1356.4,-2.486711353609067,2.476887146466063,2.862335343584173
2011M2,1372.725,1.196368412265174,2.218421829721497,2.630411362059001
2011M3,1424.010869565217,3.667963069029504,3.097145835491633,2.678021069748206
2011M4,1473.805555555556,3.437042280645517,1.365205963844278,2.690852999404799
2011M5,1510.4375,2.455147507231398,0.643993186235311,2.554645197632382
2011M6,1528.659090909091,1.199159599994585,1.121735401178308,2.55872876704919
2011M7,1572.809523809524,2.84725857528399,0.8609575042904172,2.002755305767362
2011M8,1755.806818181818,11.00649510223334,5.251558508172074,3.202019858117605
2011M9,1771.852272727273,0.9097004436042463,5.35836627146222,3.22616858319963
2011M10,1665.214285714286,-6.207166589226764,8.649712977603734,4.007037797418052
2011M11,1738.977272727273,4.334335084478216,5.377440164291232,4.073788859365528
2011M12,1652.305555555556,-5.112554713908132,5.796049797882013,4.563596889713308
2012M1,1656.119047619048,0.2305323052390284,4.73697341854349,4.416230146848473
2012M2,1742.619047619048,5.091223929172015,5.103789450890535,4.520653776009327
2012M3,1673.772727272727,-4.030898474435604,4.564340633273882,4.798379758725023
2012M4,1650.065789473684,-1.426503705951207,4.698878638961947,4.81114978473525
2012M5,1585.504545454545,-3.991247764345979,1.492333540353834,4.983566539597224
2012M6,1596.697368421053,0.7034669343598126,2.350710286838915,4.978429914305879
2012M7,1593.909090909091,-0.1747804536416815,2.49589954760635,4.917393352880679
2012M8,1626.034090909091,1.995443033496426,1.091664684430545,3.618914443630865
2012M9,1744.45,7.02953427017627,3.695810583240668,4.235773324458424
2012M10,1747.010869565217,0.1466933252362466,3.562149387105846,3.779590857361076
2012M11,1721.136363636364,-1.492150377123995,4.521769885456749,3.598055092623362
2012M12,1688.529411764706,-1.912676964408617,1.08809139331602,3.29769656296814
2013M1,1670.954545454545,-1.046293232217586,0.4332535777274733,3.316488439304806
2013M2,1627.5875,-2.629619014496267,0.7928374368280939,2.98731190344804
2013M3,1592.8625,-2.15661450223872,0.8127594072156334,2.834971744749032
2013M4,1485.083333333333,-7.006182467089644,2.67383464861796,3.414638815294847
2013M5,1413.5,-4.940198925145392,2.433616639240888,3.503137496125118
2013M6,1342.3625,-5.163777685261016,1.133779140578346,3.656419238504425
2013M7,1286.723913043478,-4.233173547730433,0.4857805415122795,3.715375186880748
2013M8,1347.095238095238,4.585121296412889,5.380046148716501,4.017769916425695
2013M9,1348.797619047619,0.1262944240643112,4.409240713791248,3.053242645654774
2013M10,1316.184782608696,-2.447630766348869,3.558225904850632,2.966963262432994
2013M11,1275.821428571429,-3.114700649430625,1.711438098071131,2.960795959243105
2013M12,1225.402777777778,-4.032064072821708,0.7955047435591014,2.98600953585309
2014M1,1244.795454545455,1.570163474086821,3.004842230848312,3.203110323763525
2014M2,1300.975,4.414276047681525,4.297568910633124,3.764187070408135
2014M3,1336.083333333333,2.662846506066296,1.434714720708002,3.981271516524908
2014M4,1299,-2.814771073023751,3.771182883733244,3.618239857292544
2014M5,1287.525,-0.887296684549683,2.778577829719614,3.412067719828614
2014M6,1279.095238095238,-0.6568788082413213,1.184957730775877,3.121046542926805
2014M7,1310.967391304348,2.461234856471785,1.870311413687039,2.968625839183702
2014M8,1295.9875,-1.149237850342976,1.957914001306134,2.633374223158205
2014M9,1238.818181818182,-4.511510685252752,3.487108930825679,2.889431265506322
2014M10,1222.489130434783,-1.326879490184218,1.892014403450311,2.845902220958335
2014M11,1176.3,-3.851513208321239,1.680835503002063,2.911910269584169
2014M12,1202.289473684211,2.185371482701917,3.031876731223393,2.812057171625634
2015M1,1251.845238095238,4.03910194810501,4.12597667140554,3.0317837170288
2015M2,1227.1875,-1.989368750213622,3.087804819262736,2.743025966622209
2015M3,1178.629545454545,-4.037260441991148,4.198490776415911,2.725530182833564
2015M4,1197.91,1.622601029225621,2.865723234548805,2.764319398361262
2015M5,1199.052631578947,0.09533996487432735,2.928166216675309,2.772006761478055
2015M6,1181.504545454545,-1.474310648422671,1.548504189299083,2.7837315160624
2015M7,1130.036956521739,-4.453832775110228,2.310711570399268,2.794280656531425
2015M8,1117.475,-1.117866118526002,1.83181505344449,2.794385542234157
2015M9,1124.531818181818,0.6295111530253087,2.582711312899928,2.635991728696929
2015M10,1159.245454545455,3.040253583035515,2.087860381886168,2.850377624244671
2015M11,1085.702380952381,-6.554218998672258,4.991184930745435,3.226218019683203
2015M12,1068.252631578947,-1.62028742770319,4.797885426256797,3.105015744575485
2016M1,1097.375,2.689670527669096,4.625453345336088,2.925780868861479
2016M2,1199.911904761905,8.932717713646252,5.305928967622942,4.090238376358979
2016M3,1246.338095238095,3.796158665015789,3.331270854205981,4.044781901995363
2016M4,1242.261904761905,-0.3275893370959454,4.639375373169204,4.033225107250018
2016M5,1259.3975,1.369959731838173,2.072575358087591,4.044029732177011
2016M6,1276.404545454545,1.34137445694361,0.9719336487293756,4.006321304070447
2016M7,1337.326190476191,4.662506373010288,1.909258045513621,3.811404382725372
2016M8,1341.088636363637,0.2809459031148167,2.285916959451298,3.748145929840816
2016M9,1326.029545454545,-1.129252617359812,3.020242932310577,3.819836610620532
2016M10,1266.569047619048,-4.587746573017501,2.50512829796588,4.138648220489883
2016M11,1235.979545454545,-2.444789751162479,1.745665218575666,3.617635027987451
2016M12,1151.402777777778,-7.08828041349514,2.32403883210812,4.273609623918643
2017M1,1192.616666666666,3.516876689907952,5.316214653830559,4.316404139127743
2017M2,1234.3575,3.440081911396643,6.100842399074464,3.594067261689009
2017M3,1231.093478260869,-0.2647810623605121,2.161513453100829,3.415088301291515
2017M4,1265.627777777778,2.766548492968128,1.973516987219574,3.511985116470195
2017M5,1245.004761904762,-1.642891136528011,2.255781612350124,3.524924359980312
2017M6,1260.256818181818,1.217616941547238,2.236994012132188,3.520515593192878
2017M7,1236.221428571428,-1.92560318281218,1.738882079384412,3.209197314314745
2017M8,1282.315909090909,3.660825477017462,2.800514413143243,3.438915379417962
2017M9,1314.978571428571,2.515262291539047,2.950756579381348,3.5259308633426
2017M10,1279.513636363637,-2.734033587225376,3.409830022309643,3.346012493683366
2017M11,1282.284090909091,0.2162899588837014,2.631374483543191,3.249929918203837
2017M12,1261.255882352941,-1.653497713996313,1.492652713667525,2.390891370419527
2018M1,1331.665909090909,5.432276507503805,3.672211366808724,2.642422750988431
2018M2,1331.525,-0.01058197446977914,3.708820048210551,2.528428264812889
2018M3,1324.657142857143,-0.5171236066138576,3.298399980741924,2.537592461614366
2018M4,1334.74,0.7582850484189778,0.6421848333765614,2.447076683151874
2018M5,1303.02619047619,-2.404711825446341,1.591341454312954,2.515050849945887
2018M6,1281.566666666667,-1.660611023743077,1.653747937015483,2.564620007938274
2018M7,1238.525,-3.416213238642433,0.8811886147842338,2.705953184467261
2018M8,1201.245454545455,-3.056225809404753,0.9273142865398656,2.574903328111092
2018M9,1198.4725,-0.2311068077317853,1.744314158394386,2.393938353025853
2018M10,1215.393478260869,1.402004550405032,2.255517975352092,2.38366864197257
2018M11,1220.945454545455,0.4557646574012085,0.8199812043375293,2.390549532302549
2018M12,1247.923529411765,2.185547220130843,0.8661655696917036,2.464524755981522
2019M1,1291.745454545455,3.451337578433131,1.50376361566094,2.100583079840616
2019M2,1320.065,2.168660846574968,0.7357275287352171,2.214613278017829
2019M3,1300.897619047619,-1.462647542119816,2.548820314618473,2.248450660759073
2019M4,1286.445,-1.117190221493997,2.004268720161571,2.244692576110855
2019M5,1283.947619047619,-0.1943190872643199,0.6557043236301986,2.145412741048006
2019M6,1359.0425,5.684099837349355,3.689287344193809,2.654195501394942
2019M7,1412.978260869565,3.891931082040064,3.012892252385375,2.511224037725362
2019M8,1498.797619047619,5.896348086842174,1.101105936173518,2.494602210352971
2019M9,1511.314285714286,0.8316460785511691,2.550628623970492,2.43231433949237
2019M10,1494.8,-1.09872415200084,3.612676092280723,2.584301692455688
2019M11,1470.016666666667,-1.671868003433911,1.311640566881425,2.747107747064543
2019M12,1476.044444444444,0.4092098542313778,1.074960766047722,2.757415291435649
2020M1,1560.672727272727,5.575112660023875,3.731312673065836,2.961702789853199
2020M2,1597.1025,2.307408627866967,2.613031445942328,2.964496262996403
2020M3,1591.927272727273,-0.3245646597637878,2.955541842770206,2.874892617076369
2020M4,1682.93,5.559091853071048,2.94726260409268,2.929340594056441
2020M5,1716.381578947368,1.968201975105621,2.9655995155187,2.830915821519838
2020M6,1732.218181818182,0.9184431533019722,2.433519538114064,2.660365896627022
2020M7,1843.313043478261,6.216174641768053,2.805150747124253,2.884093994379579
2020M8,1968.030952380952,6.54690066913258,3.158450902910351,2.964564182168118
2020M9,1922.213636363636,-2.35560688163259,5.047102450606678,3.235517395781057
2020M10,1900.275,-1.147884498477029,4.829129542368726,3.239831546095979
2020M11,1863.492857142857,-1.95460056443828,0.6151138420764283,3.269851423082778
2020M12,1855.955263157895,-0.4053076725242364,0.7748676896151372,3.313505683731878
2021M1,1866.985,0.5925300076208928,1.283475921860296,3.118748884546692
2021M2,1808.175,-3.20067809263814,1.966308025778068,3.382253631186546
2021M3,1718.228260869565,-5.102437028369154,2.89936097219474,3.810841010311721
2021M4,1761.6775,2.497280107719837,3.954725343417745,3.544462392328584
2021M5,1855.56,5.19200571783594,5.338426705145668,3.789402620039358
2021M6,1834.565909090909,-1.137864557514515,3.176556850683938,3.822496037886624
2021M7,1807.093181818182,-1.508831429960687,3.766211460794269,3.394914899322117
2021M8,1783.969047619048,-1.287889340046862,0.186609781326945,2.660655974558558
2021M9,1777.252272727273,-0.3772179402612314,0.5998175966564459,2.617683927967725
2021M10,1776.854761904762,-0.0223690969515049,0.6527865380645046,2.618519674806733
2021M11,1820.234090909091,2.412030055045094,1.518339076763378,2.708888273164725
2021M12,1786.652631578947,-1.862128327210299,2.14396218612362,2.751444828643645
2022M1,1816.765,1.671361605831637,2.284096128127881,2.801047930780774
2022M2,1856.295,2.152511871675362,2.192198007014061,2.709214403556596
2022M3,1947.828260869565,4.813247386332334,1.692260092055921,2.437152690213871
2022M4,1933.9,-0.7176350176479958,2.766101854352331,2.439717722427217
2022M5,1849.833181818182,-4.444322635179262,4.657994265570212,2.440404594432455
2022M6,1837.064090909091,-0.6926768510051884,2.158844968907119,2.425298576338752
2022M7,1737.380476190476,-5.579018911538887,2.557300675257519,2.896133178924638
2022M8,1764.132608695652,1.528062434775408,3.635900323420093,2.925209463659027
2022M9,1683.208181818181,-4.695752533612898,3.873556451940875,3.214656903093097
2022M10,1666.626666666667,-0.9899980942521391,3.130737867058984,3.215007369693752
2022M11,1727.898636363636,3.610438567155672,4.161118520361113,3.331336847095444
2022M12,1797.408181818182,3.943971911193219,2.757393756848551,3.521256094476605
2023M1,1896.059545454545,5.34320809086586,0.9193835435033476,3.821675900643191
2023M2,1853.409,-2.275116307103592,4.055321335113481,3.846119187172536
2023M3,1913.648260869565,3.198485829307921,3.928507361998263,3.686865632663233
2023M4,1999.6685,4.396991242971905,3.557006108468299,3.904198882415337
2023M5,1989.826956521739,-0.4933738388171685,2.548918518015443,3.626403979060449
2023M6,1944.728636363636,-2.292522967604444,3.461748320196516,3.707077228498129
2023M7,1950.27,0.284537577152281,1.321824799916948,3.186493938649211
2023M8,1919.302173913043,-1.600615564082348,1.333777797104695,3.263152672945628
2023M9,1915.434761904762,-0.2017042307835744,0.9787054698361131,2.814298629705064
2023M10,1913.984545454546,-0.07574080575388546,0.8463709521110041,2.765200522227028
2023M11,1985.777727272728,3.682342103423561,2.206991536872627,2.771080833735575
2023M12,2034.704285714285,2.433985463288025,1.913997013178657,2.665399734313833
2024M1,2034.006086956522,-0.03432039642370841,1.891406366341745,2.302239752755555
2024M2,2024.44619047619,-0.4711113256144994,1.566466697475671,2.152512343585173
2024M3,2162.346190476191,6.589765453324288,3.956540588022399,2.666519543990007
2024M4,2333.550454545454,7.619707650321008,4.404129000492409,3.155253373453095
2024M5,2350.596521739131,0.7278226976126552,3.717553675957764,3.112017101102102
2024M6,2328.2625,-0.9546853737843145,4.543294093927695,2.989718125330783
2024M7,2393.962173913043,2.782752539598764,1.87180893888746,2.984361991756591
2024M8,2468.328636363637,3.059144951821251,2.241861904930739,2.812926051411961
2024M9,2569.049047619048,3.999455389232665,0.6378273419124016,2.761863604324836
2024M10,2689.128695652174,4.568142613218624,0.7620873549592242,2.700984022832318
2024M11,2652.199523809524,-1.38279314673054,3.283941759548641,2.941365422132826
2024M12,2640.605454545455,-0.438107500881487,3.19814028234749,3.054061671035183
2025M1,2707.467391304348,2.500542627383724,2.025191031332669,2.974193549938556
2025M2,2894.38,6.675726975914572,3.574783673730535,3.064810377395257
2025M3,2986.256190476191,3.12495669089656,2.252037110554816,2.849348470741028
2025M4,3222.011818181818,7.598546006360103,2.361940090382943,2.846024855335685
2025M5,3288.009545454546,2.027642759588134,2.951046769429668,2.788779825357895
2025M6,3351.858571428571,1.923260912663916,3.246914418582458,2.550393332338849
2025M7,3341.649130434783,-0.3050552674573788,1.317685385688323,2.727924270213711
2025M8,3367.256190476191,0.7633789171296412,1.114470789878081,2.786389639544438
2023M9,,,,
2023M10,,,,
2023M11,,,,
2023M12,,,,
2024M1,,,,
2024M2,,,,
2024M3,,,,
2024M4,,,,
2024M5,,,,
2024M6,,,,
2024M7,,,,
2024M8,,,,
2024M9,,,,
2024M10,,,,
2024M11,,,,
2024M12,,,,
2025M1,,,,
2025M2,,,,
2025M3,,,,
2025M4,,,,
2025M5,,,,
2025M6,,,,
2025M7,,,,
2025M8,,,,
2025M9,,,,
