Year,"Real GDP","Project Allocation (%)","Project Investment",Imports,"GDP impact",,,"Baseline GDP Growth","Projected Growth"
,,,,,I-M,Multiplier,"% of GDP",,
2020,100,,0,0,0,2,0,-0.063,-0.063
2021,110.6,,0,0,0,2,0,0.106,0.106
2022,122.766,,0,0,0,2,0,0.11,0.11
2023,132.341748,,0,0,0,2,0,0.078,0.0780000000000001
2024,142.2673791,,0,0,0,2,0,0.075,0.075
2025,150.803421846,,0,0,0,2,0,0.06,0.0600000000000001
2026,158.3435929383,0.05,0,0,0,2,0,0.05,0.05
2027,166.260772585215,0.1,0,0,0,2,0,0.05,0.05
2028,174.573811214476,0.15,0,0,0,2,0,0.05,0.05
2029,183.3025017752,0.2,0,0,0,2,0,0.05,0.05
2030,192.46762686396,0.2,0,0,0,2,0,0.05,0.05
2031,202.091008207158,0.15,0,0,0,2,0,0.05,0.05
2032,212.195558617516,0.1,0,0,0,2,0,0.05,0.05
2033,222.805336548391,0.05,0,0,0,2,0,0.05,0.05
2034,233.945603375811,,0,0,0,2,0,0.05,0.05
2035,245.642883544601,,0,0,0,2,0,0.05,0.05
2036,257.925027721832,,0,0,0,2,0,0.05,0.05
2037,270.821279107923,,0,0,0,2,0,0.05,0.05
2038,284.362343063319,,0,0,0,2,0,0.05,0.05
2039,298.580460216485,,0,0,0,2,0,0.05,0.05
2040,313.50948322731,,0,0,0,2,0,0.05,0.05
2041,329.184957388675,,0,0,0,2,0,0.05,0.05
2042,345.644205258109,,0,0,0,2,0,0.05,0.05
,,,,,,,,,
,,,,,,,,,
,Assumptions,,,,,,,,
,,,,,,,,,
,"total investment",6500,,,,,,,
,"import content share",0.270179353692877,,,,,,,
,"demand multiplier",0.8,,,,,,,
,"Project allocation",Bell-shape,,,,,,,
,,"Exchange Rate",2.746,,,,,,
,,,,,,,,,
,,,,,,,,,
,,,,,,,,,
"Scenario 2: Multiplier = 1",,,,,,,,,
,,,,,,,,,
Year,"Real GDP","Project Allocation (%)","Project Investment",Imports,"GDP impact",,,"Baseline GDP Growth","Projected Growth"
,,,,,I-M,Multiplier,"% of GDP",,
2020,100,,0,0,0,1,0,-0.063,-0.063
2021,110.6,,0,0,0,1,0,0.106,0.106
2022,122.766,,0,0,0,1,0,0.11,0.11
2023,132.341748,,0,0,0,1,0,0.078,0.0780000000000001
2024,142.2673791,,0,0,0,1,0,0.075,0.075
2025,150.803421846,,0,0,0,1,0,0.06,0.0600000000000001
2026,158.3435929383,0.05,0,0,0,1,0,0.05,0.05
2027,166.260772585215,0.1,0,0,0,1,0,0.05,0.05
2028,174.573811214476,0.15,0,0,0,1,0,0.05,0.05
2029,183.3025017752,0.2,0,0,0,1,0,0.05,0.05
2030,192.46762686396,0.2,0,0,0,1,0,0.05,0.05
2031,202.091008207158,0.15,0,0,0,1,0,0.05,0.05
2032,212.195558617516,0.1,0,0,0,1,0,0.05,0.05
2033,222.805336548391,0.05,0,0,0,1,0,0.05,0.05
2034,233.945603375811,,0,0,0,1,0,0.05,0.05
2035,245.642883544601,,0,0,0,1,0,0.05,0.05
2036,257.925027721832,,0,0,0,1,0,0.05,0.05
2037,270.821279107923,,0,0,0,1,0,0.05,0.05
2038,284.362343063319,,0,0,0,1,0,0.05,0.05
2039,298.580460216485,,0,0,0,1,0,0.05,0.05
2040,313.50948322731,,0,0,0,1,0,0.05,0.05
2041,329.184957388675,,0,0,0,1,0,0.05,0.05
2042,345.644205258109,,0,0,0,1,0,0.05,0.05
,,,,,,,,,
,,,,,,,,,
,,,,,,,,,
"Scenario 3: Import Content Share = 0.5",,,,,,,,,
,,,,,,,,,
Year,"Real GDP","Project Allocation (%)","Project Investment",Imports,"GDP impact",,,"Baseline GDP Growth","Projected Growth"
,,,,,I-M,Multiplier,"% of GDP",,
2020,100,,0,0,0,2,0,-0.063,-0.063
2021,110.6,,0,0,0,2,0,0.106,0.106
2022,122.766,,0,0,0,2,0,0.11,0.11
2023,132.341748,,0,0,0,2,0,0.078,0.0780000000000001
2024,142.2673791,,0,0,0,2,0,0.075,0.075
2025,150.803421846,,0,0,0,2,0,0.06,0.0600000000000001
2026,158.3435929383,0.05,0,0,0,2,0,0.05,0.05
2027,166.260772585215,0.1,0,0,0,2,0,0.05,0.05
2028,174.573811214476,0.15,0,0,0,2,0,0.05,0.05
2029,183.3025017752,0.2,0,0,0,2,0,0.05,0.05
2030,192.46762686396,0.2,0,0,0,2,0,0.05,0.05
2031,202.091008207158,0.15,0,0,0,2,0,0.05,0.05
2032,212.195558617516,0.1,0,0,0,2,0,0.05,0.05
2033,222.805336548391,0.05,0,0,0,2,0,0.05,0.05
2034,233.945603375811,,0,0,0,2,0,0.05,0.05
2035,245.642883544601,,0,0,0,2,0,0.05,0.05
2036,257.925027721832,,0,0,0,2,0,0.05,0.05
2037,270.821279107923,,0,0,0,2,0,0.05,0.05
2038,284.362343063319,,0,0,0,2,0,0.05,0.05
2039,298.580460216485,,0,0,0,2,0,0.05,0.05
2040,313.50948322731,,0,0,0,2,0,0.05,0.05
2041,329.184957388675,,0,0,0,2,0,0.05,0.05
2042,345.644205258109,,0,0,0,2,0,0.05,0.05
