Year,"Real GDP growth (%)","GDP Deflator (annual % change)","GDP Deflator (Index, 2020=100)"
2020,-0.063,0.073,100
2021,0.106,0.108,110.8
2022,0.11,0.086,120.3288
2023,0.078,0.025,123.33702
2024,0.075,0.03,127.0371306
2025,0.06,0.03,130.848244518
2026,0.05,0.03,134.77369185354
2027,0.05,0.03,138.816902609146
2028,0.05,0.073,148.950536499614
2029,0.05,0.073,159.823925664086
2030,0.05,0.073,171.491072237564
2031,0.05,0.073,184.009920510906
2032,0.05,0.073,197.442644708202
2033,0.05,0.073,211.855957771901
2034,0.05,0.073,227.32144268925
2035,0.05,0.073,243.915908005565
2036,0.05,0.073,261.721769289971
2037,0.05,0.073,280.827458448139
2038,0.05,0.073,301.327862914853
2039,0.05,0.073,323.324796907637
2040,0.05,0.073,346.927507081895
2041,0.05,0.073,372.253215098873
2042,0.05,0.073,399.427699801091
2043,0.05,0.073,428.585921886571
