Date,"Gold Price","Log Return","3m Vol","12m Vol"
2020/01/31,1545.427878095077,,,
2020/02/29,1542.473968839662,-0.191321505855929,,
2020/03/31,1601.229909844984,3.738442690503458,,
2020/04/30,1736.590173965022,8.115149282040115,4.155238945747863,
2020/05/31,1724.980682188713,-0.6707668736166655,4.392968098050937,
2020/06/30,1713.450208999872,-0.6706847847459094,5.072527360696166,
2020/07/31,1863.524607083961,8.396064077536955,5.234713593490471,
2020/08/31,1946.127267328978,4.33717364576454,4.54164383839295,
2020/09/30,1910.505108442011,-1.847371929674761,5.158345612462408,
2020/10/31,1972.882485537164,3.212800217929848,3.294393260862564,
2020/11/30,1937.357205838375,-1.817088464062324,2.912789024426473,
2020/12/31,1902.251703587213,-1.828648767851297,2.907350502608014,
2021/01/31,1935.056268170253,1.709811357830161,2.03960192420509,3.708113223259554
2021/02/28,1767.334347403148,-9.066401223288967,5.49291237657981,4.862729100263555
2021/03/31,1629.423874899367,-8.124589162565183,5.968377796726501,5.454932291353416
2021/04/30,1592.192703320418,-2.311437646204858,3.658535076539521,4.869010966166036
2021/05/31,1521.155995069956,-4.56415560167213,2.930988339581625,4.993315098208469
2021/06/30,1552.9912897795,2.071236662976371,3.374191330106594,5.074223982761217
2021/07/31,1491.49911518345,-4.040120377606024,3.688986498107018,4.218850313143645
2021/08/31,1396.775752549048,-6.561518506676481,4.439042599891786,3.927520072618745
2021/09/30,1510.512481717617,7.828243844607771,7.684191329854237,4.983907567462693
2021/10/31,1501.042955387212,-0.6288815024326772,7.231694263058445,4.738956841991842
2021/11/30,1513.669114078101,0.8376410234396305,4.519258516942959,4.823627714940341
2021/12/31,1416.656008760182,-6.623740931067289,3.953084208543623,4.998474951126777
2022/01/31,1385.526254732035,-2.22191362262588,3.750759455466835,4.826476451536405
2022/02/28,1400.215515296219,1.054612948549291,3.852895628086763,4.502219438930086
2022/03/31,1328.534540362558,-5.25496788711152,3.155573240703653,4.210653495111682
2022/04/30,1360.512390233383,2.378490091728396,4.079075502420556,4.363741420822241
2022/05/31,1326.878845748274,-2.503193449594037,3.865936226998317,4.26344495878923
2022/06/30,1314.22188010078,-0.9584687489663797,2.495071906206265,4.144115228967398
2022/07/31,1281.664256405871,-2.508533061146987,0.8933926240346216,4.078175021639339
2022/08/31,1413.082294446994,9.761390922544704,6.681680493637787,4.807412431513281
2022/09/30,1419.207307671931,0.4325138763103197,6.406100459687602,4.156064944882463
2022/10/31,1352.84926535287,-4.788554644779501,7.370983872113806,4.335601692899735
2022/11/30,1416.714106807903,4.612724560515945,4.710232983660548,4.599407090517052
2022/12/31,1339.502127616574,-5.604218249855117,5.677958526955478,4.485040924109208
2023/01/31,1360.348855317909,1.544317975023796,5.242496376134347,4.482822895702316
2023/02/28,1239.561480018956,-9.298350619398885,5.512283954505567,5.172510218429411
2023/03/31,1165.731013319204,-6.14093024449218,5.576674724061666,5.244346675745257
2023/04/30,1183.163083384511,1.48430617934564,5.543452918876627,5.196729411023421
2023/05/31,1233.819645310565,4.192332899977058,5.358077491848531,5.395502040528244
2023/06/30,1250.674710800047,1.356841405949846,1.601544462948769,5.423077376311523
2023/07/31,1249.696547961634,-0.07824141194120197,2.173218797871137,5.382937068381517
2023/08/31,1237.193583407385,-1.005518477946433,1.190241549181498,4.372114965426629
2023/09/30,1154.791116282101,-6.892609951837148,3.695792819243248,4.640633706036448
2023/10/31,1119.550500035208,-3.099221041973543,2.984159174431071,4.564014115588002
2023/11/30,1099.543756499986,-1.80319385479893,2.644857970356941,4.127906460292118
2023/12/31,1165.035359731044,5.785611131094568,4.799477234161444,4.540751233856719
2024/01/31,1191.165634790596,2.218091447842327,3.796662861196936,4.581254953029107
2024/02/29,1096.124026477486,-8.315200776813668,7.331556658748052,4.427658322241829
2024/03/31,1119.61462742144,2.120419846973981,6.053400733406482,4.196059300724841
2024/04/30,1103.768715874256,-1.425411402081574,5.306353026931843,4.165242429191003
2024/05/31,1072.384130765565,-2.884610001529834,2.573988590489632,3.922204350993471
2024/06/30,1111.230704419754,3.558381444204395,3.378352420365275,4.098592886841563
2024/07/31,1175.881548064313,5.654997612479728,4.450334001100892,4.52581207589901
2024/08/31,1238.105174624484,5.156400595580993,1.095297794399623,4.805097532351673
2024/09/30,1193.179090671099,-3.69608761611321,5.260829172222665,4.464413403173999
2024/10/31,1180.762753557803,-1.046061879256075,4.543488466951943,4.361605321416143
2024/11/30,1206.50023702615,2.156317157017841,2.930543451493224,4.325803769914188
2024/12/31,1273.158803060461,5.377725635611802,3.211898455070251,4.284243753464585
2025/01/31,1249.248720471649,-1.895871189226445,3.644697375404712,4.319631797226478
2025/02/28,1243.909693672674,-0.4282948833190817,3.846402328804673,3.368981690325594
2025/03/31,1182.868770552694,-5.031674870030152,2.351529723401867,3.771734391230183
2025/04/30,1119.780090507284,-5.481033120403353,2.796521465193379,4.121339798480346
2025/05/31,1172.054989457655,4.562629111970982,5.673443145836631,4.187938481054182
2025/06/30,1260.578333898858,7.281200142854146,6.722355457151606,4.538838299228695
2025/07/31,1262.343740663949,0.1399493920982965,3.604353539811291,4.303365969782797
2025/08/31,1333.953046877498,5.517664489460143,3.719931449958816,4.339319356065716
2025/09/30,1365.101180615882,2.308180125238156,2.705606341922608,4.137711419472174
2025/10/31,1328.39648324155,-2.725598773025606,4.155139570368204,4.244726696852124
2025/11/30,1359.398528447422,2.306978027542083,2.905906648398981,4.248737533875654
2025/12/31,1475.422178797803,8.19018283232983,5.463411877885249,4.577380231859197
