Year,"Real GDP","Project Allocation (%)","Project Investment",Imports,"GDP impact",,,"Baseline GDP Growth","Projected Growth"
,,,,,I-M,Multiplier,"% of GDP",,
2020,35090.1,0,0,0,0,0,0,0,
2021,38779.1,0,0,0,0,0,0.105129366972451,0.105129366972451,
2022,42812.1,0,0,0,0,0,0.103999319220921,0.103999319220921,
2023,46156.8,0,0,0,0,0,0.0781251094900742,0.0781251094900742,
2024,50541.696,0,0,0,0,0,0.095,0.095,
2025,54231.239808,0,0,0,0,0,0.073,0.073,
2026,57105.495517824,0.05,892.45,203.168352723506,266.135760549784,0.00466042292666415,0.053,0.0576604229266642,
2027,59960.7702937152,0.1,1784.9,406.336705447012,498.713302444571,0.00831732647865672,0.05,0.0583173264786567,
2028,62958.808808401,0.15,2677.35,609.505058170519,700.906252286542,0.0111327749929255,0.05,0.0611327749929255,
2029,66106.749248821,0.2,3569.8,812.673410894025,875.621452398994,0.0132455681507378,0.05,0.0632455681507378,
2030,69412.0867112621,0.2,3569.8,812.673410894025,820.415988657652,0.0118194975476013,0.05,0.0618194975476013,
2031,72882.6910468252,0.15,2677.35,609.505058170519,576.518305314209,0.00791022253752693,0.05,0.0579102225375269,
2032,76526.8255991664,0.1,1784.9,406.336705447012,360.113634446122,0.00470571765686887,0.05,0.0547057176568689,
2033,80353.1668791248,0.05,892.45,203.168352723506,168.704742570989,0.00209954067927119,0.05,0.0520995406792712,
2034,84370.825223081,0,0,0,0,0,0.05,0.05,
2035,88589.3664842351,0,0,0,0,0,0.05,0.05,
2036,93018.8348084468,0,0,0,0,0,0.05,0.05,
2037,97669.7765488692,0,0,0,0,0,0.05,0.05,
2038,102553.265376313,0,0,0,0,0,0.05,0.05,
2039,107680.928645128,0,0,0,0,0,0.05,0.05,
2040,113064.975077385,0,0,0,0,0,0.05,0.05,
2041,118718.223831254,0,0,0,0,0,0.05,0.05,
2042,124654.135022817,0,0,0,0,0,0.05,0.05,
,,,,,,,,,
,,,,,,,,,
,Assumptions,,,,,,,,
,,,,,,,,,
,"total investment",6500,,,,,,,
,"import content share",0.227652364528552,,,,,,,
,"demand multiplier",0.8,,,,,,,
,"Project allocation","Bell shape",,,,,,,
,,2.746,,,,,,,
,,,,,,,,,
,,,,,,,,,
,,,,,,,,,
,,,,,,,,,
,,,,,,,,,
,,,,,,,,,
,,,,,,,,,
,,,,,,,,,
,,,,,,,,,
,,,,,,,,,
,,,,,,,,,
,,,,,,,,,
,,,,,,,,,
"Scenario 2: Multiplier = 1",,,,,,,,,
Year,"Real GDP","Project Allocation (%)","Project Investment",Imports,"GDP impact","% of GDP","Baseline GDP Growth","Projected Growth",
2020,35090.1,0,0,0,0,0,0,0,
2021,38779.1,0,0,0,0,0,0.105129366972451,0.105129366972451,
2022,42812.1,0,0,0,0,0,0.103999319220921,0.103999319220921,
2023,46156.8,0,0,0,0,0,0.0781251094900742,0.0781251094900742,
2024,50541.696,0,0,0,0,0,0.095,0.095,
2025,54231.239808,0,0,0,0,0,0.073,0.073,
2026,57105.495517824,0.05,892.45,203.168352723506,332.66970068723,0.00582552865833019,0.053,0.0588255286583302,
2027,59960.7702937152,0.1,1784.9,406.336705447012,623.391628055714,0.0103966580983209,0.05,0.0603966580983209,
2028,62958.808808401,0.15,2677.35,609.505058170519,876.132815358178,0.0139159687411568,0.05,0.0639159687411568,
2029,66106.749248821,0.2,3569.8,812.673410894025,1094.52681549874,0.0165569601884223,0.05,0.0665569601884223,
2030,69412.0867112621,0.2,3569.8,812.673410894025,1025.51998582206,0.0147743719345016,0.05,0.0647743719345016,
2031,72882.6910468252,0.15,2677.35,609.505058170519,720.647881642761,0.00988777817190866,0.05,0.0598877781719087,
2032,76526.8255991664,0.1,1784.9,406.336705447012,450.142043057652,0.00588214707108608,0.05,0.0558821470710861,
2033,80353.1668791248,0.05,892.45,203.168352723506,210.880928213736,0.00262442584908899,0.05,0.052624425849089,
2034,84370.825223081,0,0,0,0,0,0.05,0.05,
2035,88589.3664842351,0,0,0,0,0,0.05,0.05,
2036,93018.8348084468,0,0,0,0,0,0.05,0.05,
2037,97669.7765488692,0,0,0,0,0,0.05,0.05,
2038,102553.265376313,0,0,0,0,0,0.05,0.05,
2039,107680.928645128,0,0,0,0,0,0.05,0.05,
2040,113064.975077385,0,0,0,0,0,0.05,0.05,
2041,118718.223831254,0,0,0,0,0,0.05,0.05,
2042,124654.135022817,0,0,0,0,0,0.05,0.05,
,,,,,,,,,
,,,,,,,,,
,,,,,,,,,
,,,,,,,,,
,Assumptions,,,,,,,,
,,,,,,,,,
,"total investment",6500,,,,,,,
,"import content share",0.227652364528552,,,,,,,
,"demand multiplier",1,,,,,,,
,"Project allocation","Bell shape",,,,,,,
,"Exchange rate",2.746,,,,,,,
,,,,,,,,,
,,,,,,,,,
,,,,,,,,,
,,,,,,,,,
,,,,,,,,,
,,,,,,,,,
,,,,,,,,,
,,,,,,,,,
,,,,,,,,,
,,,,,,,,,
,,,,,,,,,
,,,,,,,,,
,,,,,,,,,
,,,,,,,,,
"Scenario 3: Import Share = 0.5",,,,,,,,,
Year,"Real GDP","Project Allocation (%)","Project Investment",Imports,"GDP impact","% of GDP","Baseline GDP Growth","Projected Growth",
2020,35090.1,0,0,0,0,0,0,0,
2021,38779.1,0,0,0,0,0,0.105129366972451,0.105129366972451,
2022,42812.1,0,0,0,0,0,0.103999319220921,0.103999319220921,
2023,46156.8,0,0,0,0,0,0.0781251094900742,0.0781251094900742,
2024,50541.696,0,0,0,0,0,0.095,0.095,
2025,54231.239808,0,0,0,0,0,0.073,0.073,
2026,57105.495517824,0.05,892.45,446.225,172.290137450432,0.00301705003849684,0.053,0.0560170500384968,
2027,59960.7702937152,0.1,1784.9,892.45,322.855460119427,0.00538444483848245,0.05,0.0553844448384825,
2028,62958.808808401,0.15,2677.35,1338.675,453.750500484605,0.00720710110423911,0.05,0.0572071011042391,
2029,66106.749248821,0.2,3569.8,1784.9,566.857081050366,0.0085748745399166,0.05,0.0585748745399166,
2030,69412.0867112621,0.2,3569.8,1784.9,531.118340355158,0.00765166940686404,0.05,0.057651669406864,
2031,72882.6910468252,0.15,2677.35,1338.675,373.22461987101,0.00512089516057006,0.05,0.0551208951605701,
2032,76526.8255991664,0.1,1784.9,892.45,233.12923993501,0.00304637279946902,0.05,0.053046372799469,
2033,80353.1668791248,0.05,892.45,446.225,109.21554933486,0.00135919408751061,0.05,0.0513591940875106,
2034,84370.825223081,0,0,0,0,0,0.05,0.05,
2035,88589.3664842351,0,0,0,0,0,0.05,0.05,
2036,93018.8348084468,0,0,0,0,0,0.05,0.05,
2037,97669.7765488692,0,0,0,0,0,0.05,0.05,
2038,102553.265376313,0,0,0,0,0,0.05,0.05,
2039,107680.928645128,0,0,0,0,0,0.05,0.05,
2040,113064.975077385,0,0,0,0,0,0.05,0.05,
2041,118718.223831254,0,0,0,0,0,0.05,0.05,
2042,124654.135022817,0,0,0,0,0,0.05,0.05,
,,,,,,,,,
,,,,,,,,,
,,,,,,,,,
,,,,,,,,,
,Assumptions,,,,,,,,
,,,,,,,,,
,"total investment",6500,,,,,,,
,"import content share",0.5,,,,,,,
,"demand multiplier",0.8,,,,,,,
,"Project allocation","Bell shape",,,,,,,
,"Exchange rate",2.746,,,,,,,
