Year,"Real GDP Growth (%)","GDP Deflator (% change)","GDP Deflator Index"
2020,-6.3,7.3,107.3
2021,10.5,10.3,118.3519
2022,10.1,8.6,128.5301634
2023,7.5,2.9,132.2575381386
2024,7.5,7.275,141.879274038183
2025,6,7.275,152.200991224461
2026,5,7.275,163.273613336041
2027,5,7.275,175.151768706238
2028,5,7.275,187.894059879616
2029,5,7.275,201.563352735858
2030,5,7.275,216.227086647392
2031,5,7.275,231.95760720099
2032,5,7.275,248.832523124862
2033,5,7.275,266.935089182196
2034,5,7.275,286.354616920201
2035,5,7.275,307.186915301145
2036,5,7.275,329.534763389304
2037,5,7.275,353.508417425875
2038,5,7.275,379.226154793608
2039,5,7.275,406.814857554843
2040,5,7.275,436.410638441958
2041,5,7.275,468.15951238861
2042,5,7.275,502.218116914882
2043,5,7.275,538.754484920439
