"Economic Impact Analysis",Year,"Real GDP Growth (WEO)","Project Allocation (%)","Project Investment","Investment (USD Billion)","Investment (GEL Nominal)","Real Investment Shock",,"GDP Deflator Index (WEO)","Projected Growth"
Year,,,,,,I-M,Multiplier,"% of GDP",,
2020,2020,-6.3,,,0,0,0,,107.3,
2021,2021,10.5,,,0,0,0,,118.3519,
2022,2022,10.1,,,0,0,0,,128.5301634,
2023,2023,7.5,,,0,0,0,,132.2575381386,
2024,2024,7.5,,,0,0,0,,141.879274038183,
2025,2025,6,,,0,0,0,,152.200991224461,
2026,2026,5,,,0.195,0.53547,0.327958687909923,,163.273613336041,
2027,2027,5,,,0.52,1.42792,0.815247262729553,,175.151768706238,
2028,2028,5,,,0.91,2.49886,1.32993028177741,,187.894059879616,
2029,2029,5,,,1.625,4.46225,2.21382009151615,,201.563352735858,
2030,2030,5,,,1.625,4.46225,2.06368687160676,,216.227086647392,
2031,2031,5,,,0.91,2.49886,1.07729167848966,,231.95760720099,
2032,2032,5,,,0.52,1.42792,0.573847816221147,,248.832523124862,
2033,2033,5,,,0.195,0.53547,0.200599329837269,,266.935089182196,
2034,2034,5,,,0,0,0,,286.354616920201,
2035,2035,5,,,0,0,0,,307.186915301145,
2036,2036,5,,,0,0,0,,329.534763389304,
2037,2037,5,,,0,0,0,,353.508417425875,
2038,2038,5,,,0,0,0,,379.226154793608,
2039,2039,5,,,0,0,0,,406.814857554843,
2040,2040,5,,,0,0,0,,436.410638441958,
2041,2041,5,,,0,0,0,,468.15951238861,
2042,2042,5,,,0,0,0,,502.218116914882,
2043,,5,,,0,0,0,,538.754484920439,
,,,,,,,,,,
,,Assumptions,,,,,,,,
,,,,,,,,,,
,,Assumptions,2.746,,,,,,,
,,"Exchange Rate",0.8,,,,,,,
,,"Demand Multiplier",0.206896551724138,,,,,,,
,,"Import Content Share",,,,,,,,
