"Georgia - WEO Data (October 2024)",,,,,,,,,,,,,,,,,,,,,,,,
,,,,,,,,,,,,,,,,,,,,,,,,
Year,2020,2021,2022,2023,2024,2025,2026,2027,2028,2029,2030,2031,2032,2033,2034,2035,2036,2037,2038,2039,2040,2041,2042,2043
"Nominal GDP (bil. Lari)",49.789,60.724,72.86,80.246,89.8,98.569,107.12,116.412,126.511,137.486,,,,,,,,,,,,,,
"Real GDP Growth Rate (%)",-6.291,10.644,10.96,7.474,7.554,5.976,5,5,5,5,5,5,5,5,5,5,5,5,5,5,5,5,5,5
"GDP Deflator (Index)",106.847,117.779,127.359,130.515,135.797,140.652,145.575,150.67,155.943,161.401,167.04993018489068,172.89656925779175,178.94783690138988,185.21089498277198,191.69315602972208,198.4022920036829,205.34624337976544,212.5332285445529,219.9717535228219,227.67062204469227,235.63894596512085,243.88615604807072,252.42201312811918,261.25661966271497
,,,,,,,,,,,,,,,,,,,,,,,,
"Avg Deflator Growth Rate (recent 4 yrs)",0.03499935059194592,,,,,,,,,,,,,,,,,,,,,,,
,,,,,,,,,,,,,,,,,,,,,,,,
"Real GDP Level (Index, 2020=100)",100,110.644,122.7705824,131.946455728576,141.91369099431265,150.39445316813277,157.9141758265394,165.80988461786637,174.1003788487597,182.8053977911977,191.9456676807576,201.5429510647955,211.62009861803529,222.20110354893706,233.31115872638392,244.97671666270313,257.2255524958383,270.0868301206302,283.5911716266618,297.77073020799486,312.65926671839463,328.29223005431436,344.7068415570301,361.9421836348816
"Nominal GDP Extended (bil. Lari)",49.789,60.724,72.86,80.246,89.8,98.569,107.12,116.412,126.511,137.486,149.41551073748704,162.37720441074617,176.46331617186087,191.7713885232361,208.40742571284835,226.4866277849041,246.1341883088924,267.4861613110883,290.6904034117744,315.90759769222217,343.31236638143724,373.0944800677203,405.46017180850674,440.6335652383384
