,"Gold, Fixing Committee of the London Bullion Market Association, London 3 PM fixed price, US$ per troy ounce","Monthly log return","3-month volatility","12-month volatility"
1990M1,396.8983875205121,,,
1990M2,401.4488253692879,1.139976956003171,,
1990M3,400.9978390935626,-0.1124028158332666,,
1990M4,402.735426967749,0.4323799087606048,0.6279512840960683,
1990M5,412.6142893408805,2.423339488255154,1.334834402771912,
1990M6,394.4325011156714,-4.506520665494891,3.567903695451411,
1990M7,388.6934517681462,-1.46570345899397,3.473571314930135,
1990M8,383.2930334191529,-1.39911942714976,1.775150001770627,
1990M9,387.5833503524561,1.113112639525679,1.470036046049727,
1990M10,392.2399532629407,1.194285484176057,1.474429156296874,
1990M11,405.7240365975568,3.379943748961705,1.285963604969792,
1990M12,386.7873383458665,-4.779818700451709,4.223914970933759,
1991M1,391.7455460227834,1.273748305997375,4.236025180449038,2.526269471102092
1991M2,389.0388417922345,-0.6933322734431997,3.087999644476069,2.499167145062756
1991M3,397.5631877571127,2.167469537272551,1.463576136582287,2.596317417599783
1991M4,407.0837263005205,2.366499564001389,1.712034405085254,2.688839418714722
1991M5,382.5612814894169,-6.213002653403254,4.896934166542052,3.127408060185016
1991M6,382.0564923019003,-0.1320370198433033,4.412646341214431,2.879633016570037
1991M7,393.0400387534318,2.83430031799482,4.612139620874787,2.982433228530487
1991M8,389.4058662786296,-0.9289328718098075,1.983100444656509,2.964085028619597
1991M9,397.4914228306421,2.055119833553916,1.986354148373731,3.004631838236293
1991M10,386.9670506177437,-2.683380719453922,2.395692150831961,3.096309961051102
1991M11,378.9240703736595,-2.100370589321947,2.583969457936925,2.934233806929601
1991M12,385.3321542937723,1.676985777900758,2.367175459208982,2.672289565750843
1992M1,388.4261472124301,0.7997353703340913,1.976891667062472,2.654688582077348
1992M2,385.3886565407475,-0.7850731875353135,1.247859553525963,2.656775283176072
1992M3,382.1717068353778,-0.8382320648561923,0.9307148999629198,2.565906186259446
1992M4,385.5533939063981,0.8809687058430009,0.9775967766843926,2.457584368437742
1992M5,385.4753601146915,-0.0202414738921475,0.8599360136018486,1.65827331459508
1992M6,386.222561749298,0.1936513879180996,0.470874194081441,1.657451793000602
1992M7,379.8653241569223,-1.659700835743682,1.013943754229663,1.479227966874688
1992M8,372.9160663656297,-1.846340861509989,1.127779332870336,1.538118047179338
1992M9,374.428795525368,0.4048281597514596,1.249324913352903,1.366721010261338
1992M10,381.4884918004873,1.867903183755852,1.871005047024433,1.336328217662868
1992M11,365.594111512329,-4.255695152536415,3.197903549058497,1.717386018610404
1992M12,373.5676603741399,2.157540735667622,3.621968641808555,1.772359663034147
1993M1,367.0892927887775,-1.749401737786766,3.232009197837767,1.786714482942991
1993M2,369.3788992760028,0.6217821457839195,1.9683015921935,1.810221273453642
1993M3,377.7512620545397,2.241299760531458,2.007114378191662,1.948288773229725
1993M4,368.9045781499463,-2.369792732626849,2.33932082515691,2.0244636911858
1993M5,367.0072013531458,-0.5156544721551211,2.320229848906297,2.021780267133114
1993M6,355.8837192351629,-3.077742394322693,1.32308452321065,2.149626833101531
1993M7,370.4476510319987,4.010809585775562,3.589353251009856,2.50842211567167
1993M8,368.8679431193116,-0.4273439730673324,3.581652039162413,2.457152311048483
1993M9,379.0529843226856,2.723729337341184,2.28338365827809,2.587419095992532
1993M10,360.2686077965907,-5.082610963518757,3.927249305658809,2.91363666205813
1993M11,363.2518540367699,0.8246520461717086,4.071060462097537,2.673884120144885
1993M12,362.6330522507785,-0.1704958817934293,3.162671609054176,2.581741406388576
1994M1,371.357663614297,2.377420343206512,1.284087605554205,2.637751814231973
1994M2,358.4821270923545,-3.528684697232396,2.962301637760048,2.827852469945139
1994M3,360.3329876013534,0.5149765389116336,3.01943620194091,2.731901069528208
1994M4,361.8464600444733,0.4191408835477086,2.307441132575023,2.666322016574056
1994M5,357.9978117451828,-1.069310438951435,0.8883164826902399,2.67778276084089
1994M6,352.6562141097813,-1.503318925760324,1.008274303325261,2.560341278561304
1994M7,356.378038949578,1.049838990839819,1.366124263473416,2.255179620976123
1994M8,361.7715582281742,1.502088341950336,1.620474090479177,2.315024764587049
1994M9,346.0792918841611,-4.434504191052007,3.304685575442904,2.423582428846147
1994M10,353.4374362027355,2.103856970716842,3.613756657256499,2.127764873771047
1994M11,346.7424836015952,-1.912410355307286,3.297512376325467,2.159143532728303
1994M12,359.2185771796219,3.534867104450914,2.82403449461134,2.439737408256081
1995M1,339.3376916665136,-5.693530112595745,4.639199168285789,2.788592609331546
1995M2,345.2635290998875,1.731222573716446,4.891206416310515,2.725026357323546
1995M3,350.9612427296154,1.636781988744495,4.259682049559667,2.774803704380948
1995M4,358.3803920031787,2.091917199614921,0.2401970362764414,2.850787024055421
1995M5,346.2107981898947,-3.454713692382907,3.07938280025878,3.005020606017686
1995M6,341.9932032737046,-1.225696947132526,2.791062925642307,2.995792326201198
1995M7,357.9799837791401,4.568621020973159,4.141588589914571,3.29271115732237
1995M8,334.1995043188023,-6.873894063326961,5.721413036906984,3.802334758081914
1995M9,328.2348657645414,-1.800872667302051,5.733485667316465,3.637122206582041
1995M10,345.5140989828653,5.130404355098719,6.026072902595916,3.9233228975813
1995M11,338.2359628002579,-2.128968314295233,4.099771121009493,3.932458622288121
1995M12,333.8719296298916,-1.298629148661623,3.973252791597038,3.758019845777989
1996M1,344.8168238416356,3.225585542209777,2.881817386687735,3.536641145054583
1996M2,340.8204481750821,-1.165753697444252,2.574556103239223,3.516480545307894
1996M3,334.5164012653474,-1.866988311929523,2.760129790491161,3.503883403059623
1996M4,328.8579453089715,-1.706003020325783,0.3673135761940936,3.429070959632032
1996M5,342.5412126770871,4.07660991011368,3.386022454948025,3.568699619430323
1996M6,340.2005179119549,-0.6856777111980689,3.086504479931716,3.556443729270465
1996M7,334.3355217126781,-1.739015756160963,3.098666549644049,3.267123462829578
1996M8,346.5083572569193,3.57618926327521,2.814380794648316,2.792110086933948
1996M9,326.1994348911583,-6.039797962115597,4.816903263518562,3.303559928336131
1996M10,322.3552576133505,-1.185473589868725,4.808068020818064,2.87866608801266
1996M11,327.0770098031218,1.454142526878202,3.801122255495972,2.888995758784789
1996M12,330.531705858447,1.050694054073057,1.421899530312123,2.893259063103166
1997M1,331.6060403655297,0.3245051217725452,0.5724511191095041,2.706789554734768
1997M2,327.5785292857799,-1.221982850366468,1.16074945081035,2.708424450492434
1997M3,330.6451637704431,0.9317977171843886,1.11049539077329,2.684459177548724
1997M4,319.3024167715526,-3.490711892194855,2.211503766047248,2.827341920970705
1997M5,336.0992620799461,5.126787053113516,4.309250028446591,2.985143366543655
1997M6,325.2979814874743,-3.266491081139782,4.911867955666757,3.116670995871254
1997M7,332.2624229053228,2.118345874853794,4.25233867427908,3.161602674264114
1997M8,326.3886693290162,-1.783617870669637,2.781507477140869,2.975591898828288
1997M9,326.287004150527,-0.03115335332459731,1.954345580489457,2.410190490275947
1997M10,326.1749989574977,-0.03433309329768862,1.010869199224512,2.381356651582695
1997M11,324.5469250694455,-0.5003910964316026,0.2700013063510197,2.346771465964217
1997M12,324.9574710424826,0.1264182444864519,0.3255613113651065,2.321870482831981
1998M1,328.5065761928475,1.086254113996939,0.799126384459599,2.346063068449968
1998M2,320.4211267999285,-2.492070472960687,1.852123776885259,2.429517201082008
1998M3,322.8473239233127,0.7543378275058427,1.977108247087203,2.422637680677945
1998M4,316.9301783412761,-1.849803810312213,1.719167772940599,2.260851312723378
1998M5,325.7874090311808,2.756355708950706,2.309629652286956,1.828477485455781
1998M6,311.5607886253248,-4.465058184454406,3.656161000699837,2.029357499388547
1998M7,326.3459247273381,4.636347031014306,4.804837196115664,2.404388365830071
1998M8,313.9143408767854,-3.883778863745016,5.095193941473895,2.60240986764002
1998M9,304.3671426933929,-3.088546999221333,4.706359646961267,2.718144003475053
1998M10,313.3006525931924,2.892860197784198,3.704332210286285,2.896981918424565
1998M11,307.4214446684073,-1.894369080482361,3.165460922748475,2.931928454003208
1998M12,316.0593340628791,2.771037186587218,2.729420593140652,3.075231219692457
1999M1,305.9537313283251,-3.249607627246224,3.158344796719377,3.1598979358194
1999M2,306.4077657712893,0.1482897041423714,3.018627574623605,3.107102689938068
1999M3,296.6811654925018,-3.225873744131785,1.954961574538602,3.187268395203938
1999M4,304.7183161366182,2.672975090805072,2.959601123314124,3.304749641744211
1999M5,291.8002067966764,-4.331845143690621,3.765791126082235,3.336758746877733
1999M6,296.1451277296783,1.478028577047304,3.747222000790789,3.200725461942262
1999M7,309.6385294024802,4.455595239475048,4.469146905316735,3.175074809704064
1999M8,308.9469509651266,-0.2236000512274604,2.368414089156769,2.984014995251433
1999M9,305.9144425414947,-0.9864119115041774,2.946528814668209,2.853582693389177
1999M10,296.6497943340682,-3.075316391003061,1.476351919495732,2.831596639375265
1999M11,301.3788081512775,1.58156729349342,2.332545275469839,2.848715013529392
1999M12,300.811658056471,-0.1883624183117191,2.3506637387519,2.695362984902961
2000M1,293.0498118648447,-2.614174722904944,2.10639769867963,2.640226674618179
2000M2,321.5060621261715,9.267379832554644,6.277830908659157,3.83951357850389
2000M3,329.9319857631383,2.58701302123367,5.956103219078993,3.704679103895797
2000M4,334.8771501033277,1.487721898863734,4.210281448841631,3.668304445763571
2000M5,348.6722346354054,4.036857668805538,1.278578875640897,3.39187129300511
2000M6,362.1089426755116,3.781278802099981,1.403793491406163,3.456071429661488
2000M7,357.5070673444735,-1.278998243346407,2.998056270667681,3.433151018808183
2000M8,382.9459680254366,6.873877284254625,4.115822083072683,3.761646267172886
2000M9,391.555155364392,2.223248408777244,4.089895270017947,3.659043655774925
2000M10,400.895836282678,2.357524600484219,2.647131170320157,3.283101765124016
2000M11,418.8440641993134,4.379705516770809,1.208135823798306,3.310452299044093
2000M12,448.9132832327073,6.933104714038128,2.292923770151294,3.374925342424017
2001M1,451.1638727640153,0.5000891771805042,3.239211820296025,2.971372578286211
2001M2,452.3486043965224,0.2622503488235186,3.784630192582196,2.510096836078934
2001M3,475.0757776430539,4.902119195321445,2.612878951832953,2.576529892157239
2001M4,495.302879661647,4.169513036104922,2.494386912137106,2.54594066867315
2001M5,503.0736539584604,1.556713516893843,1.758558702714959,2.577764003443403
2001M6,506.6641376834455,0.7111745024617739,1.802857129012968,2.650460223430489
2001M7,511.477200667415,0.9454677177511849,0.4365491500825588,2.405800389343997
2001M8,537.7084290837694,5.001344895306427,2.41214271930528,2.18080648389802
2001M9,546.6929626661016,1.657087355516109,2.165663896695822,2.201121136033035
2001M10,564.4739611675803,3.200692184494608,1.673774404623869,2.199819563382786
2001M11,573.865280419051,1.650041039359822,0.8932417079123286,2.168346890739782
2001M12,590.9372465834049,2.931516434466432,0.828568418677113,1.703255350893125
2002M1,584.5835838633752,-1.081005870425424,2.049436168761453,1.903717781976647
2002M2,618.9188738824876,5.707443282162306,3.412944647668206,2.053588593650913
2002M3,617.5825890759236,-0.2161397081709258,3.695038809431888,2.06633367738604
2002M4,653.3078182202078,5.623560199914773,3.396026276678585,2.229409705607046
2002M5,630.5806891141165,-3.540728544221011,4.639309828900175,2.798439931778152
2002M6,674.1352859200435,6.678968811312604,5.62050249179447,3.086770957857446
2002M7,666.2631794895952,-1.174605483787927,5.34975671696819,3.233515724609873
2002M8,666.9535627390183,0.1035665528739056,4.214029501246375,3.156400506387505
2002M9,681.2216918587787,2.116736946824238,1.659292710059029,3.157363164158109
2002M10,695.5151376852796,2.076498443108877,1.150864487806548,3.129660359963999
2002M11,718.1623634790463,3.204290015282641,0.6398313116440074,3.157650641014513
2002M12,731.8156170691315,1.883291651887655,0.7134749902802292,3.140040515418506
2003M1,727.9145999419956,-0.5344859438458746,1.896010322188869,3.098430782337308
2003M2,748.1202676188701,2.738001709297787,1.69731912264835,2.870579092786801
2003M3,793.1945369704101,5.850475865605195,3.192815062026188,3.053870650558831
2003M4,799.4256671742837,0.7825044518025305,2.55590163963306,2.857430203550241
2003M5,791.6974442694177,-0.9714249793824064,3.54257283716087,2.50503894633925
2003M6,797.5754493792982,0.7397133539327156,1.000507698069166,2.01245815751628
2003M7,811.0332341959864,1.673259499950456,1.341259283764642,1.841767191338579
2003M8,831.2886891278641,2.466810164300404,0.8644935372822757,1.788286860783787
2003M9,816.2867905800374,-1.821138193766588,2.281338752435892,2.070948911315986
2003M10,841.1025421853872,2.994782915601672,2.641286065512554,2.110481232250308
2003M11,828.9570125510586,-1.454528220878414,2.68091615538064,2.211386840166709
2003M12,876.6410324962362,5.592929636935837,3.564019225360905,2.549675816332488
2004M1,893.2323647547574,1.87491583431838,3.525513830417889,2.468052709353247
2004M2,885.3006056740306,-0.8919499158491341,3.254044548200296,2.551059480797267
2004M3,934.5831540741764,5.417335059749981,3.162576927957064,2.484610535913112
2004M4,895.6723032794116,-4.252599222855168,4.909322249521874,2.970018253335788
2004M5,903.056782531843,0.8210820403814018,4.836931058858065,2.909195611583083
2004M6,946.654819125596,4.714909386560175,4.496671799281213,3.08581240456974
2004M7,974.5355130498685,2.90264332122194,1.948465082200195,3.114965799961692
2004M8,999.2226020348407,2.501661807360745,1.179234166232961,3.115934316110531
2004M9,969.8048717026372,-2.988269061824014,3.291478285603854,3.245674250167847
2004M10,1012.28658378982,4.287210725276931,3.791660410673526,3.322630651133918
2004M11,1002.257799793642,-0.9956461545173039,3.759692562688846,3.287440363555777
2004M12,1011.646657849697,0.9324102781275422,2.673345733347571,3.03621254322311
2005M1,1045.427922351999,3.284693909525521,2.143670953988974,3.09173669730504
2005M2,1052.954348320947,0.717358162057017,1.424236551946267,3.021594941674749
2005M3,1018.36314675919,-3.340329807730403,3.340333909321805,3.032595842278123
2005M4,1095.04640380326,7.260016005956886,5.34849721405087,3.137288134619605
2005M5,1105.450450346798,0.9456159003700096,5.332421443021568,3.134412008419404
2005M6,1074.268060009591,-2.861334400707347,5.112179139773152,3.230230971879536
2005M7,1108.707677735623,3.155552749178515,3.043562124798729,3.244185120010741
2005M8,1123.109641113065,1.290622056486727,3.080033546501318,3.214467366404897
2005M9,1130.103634370961,0.620803702533889,1.313492535526414,2.969551326193922
2005M10,1123.856701048968,-0.5543087177705622,0.9339267806282004,2.849525337588033
2005M11,1133.057863245533,0.8153798393533128,0.7410348413861632,2.788973524113052
2005M12,1160.012896412755,2.351107108616336,1.453498429840538,2.814771014611568
2006M1,1200.233098815356,3.40846642891788,1.303876594286312,2.823555770235953
2006M2,1197.730161239166,-0.2087553655923183,1.859892386213497,2.849020305211377
2006M3,1188.097414474313,-0.807501699243744,2.280978515915741,2.572713517960143
2006M4,1227.751987002951,3.283162805147308,2.209280643508476,1.901636153042537
2006M5,1151.638625690055,-6.399902426158437,4.860902423960715,2.850049349393324
2006M6,1261.669553942523,9.125006659601043,7.841255150533811,3.621641299538621
2006M7,1202.119856783164,-4.834934107666718,8.547435036163426,3.974825061090949
2006M8,1248.459818746516,3.782410099292641,7.04369582692045,4.073815211591514
2006M9,1241.264140251626,-0.5780318339379777,4.308775773588301,4.095438303222613
2006M10,1248.627256713337,0.5914424970035075,2.25696692867019,4.074759586754025
2006M11,1323.980184133966,5.859773750931859,3.429487939436207,4.320572673306503
2006M12,1293.843683771803,-2.302510274950885,4.138299919987298,4.425010296287095
2007M1,1327.316920518355,2.554216365544662,4.105634011285944,4.38787568012734
2007M2,1329.054658537688,0.1308354810690776,2.428365024046737,4.381596672767417
2007M3,1355.232065846062,1.95047995210669,1.261505619562738,4.358047930615624
2007M4,1356.62662941236,0.1028492886938644,1.058743618345552,4.309434406267072
2007M5,1331.598212538835,-1.862131448434508,1.906606674050588,3.784264629622348
2007M6,1406.260691081736,5.455430511179089,3.787215073405321,3.187776146225803
2007M7,1377.173680504785,-2.090084806275669,4.292114420113535,2.815243835122535
2007M8,1359.351671570931,-1.302546742151479,4.147796084768434,2.762381041523827
2007M9,1403.034558777521,3.162955887063032,2.8330009548133,2.814513756470009
2007M10,1470.112597659925,4.670156202974414,3.106057173613101,2.998222761993125
2007M11,1463.870019848711,-0.4255367563589758,2.617728626754402,2.672089632131867
2007M12,1441.39367440114,-1.54731523530238,3.313644136430666,2.599328347922068
2008M1,1453.412638109952,0.8303859722733009,1.189481111565209,2.546694284686788
2008M2,1466.2644684883,0.8803653907639782,1.387419318792827,2.539140063413515
2008M3,1549.677773329004,5.532903252600898,2.700687420820799,2.872953792801279
2008M4,1511.458063566947,-2.497223120314963,4.031896622992649,3.049064355303057
2008M5,1525.126714057464,0.9002707851288665,4.030863802817841,2.923199743759417
2008M6,1555.650459235043,1.981626213356047,2.337105965127578,2.61137414310516
2008M7,1543.70097597736,-0.7710995488285664,1.386861413238784,2.502249608924122
2008M8,1540.46239172639,-0.2100138711988954,1.454624952789311,2.431670949680459
2008M9,1554.47756531645,0.9056892596753988,0.8535446992989331,2.338221729872775
2008M10,1570.475087658431,1.023865886632023,0.6808350813751036,2.011315379240491
2008M11,1583.668652745768,0.8365910448538839,0.09470317208099627,1.988516489825591
2008M12,1620.209743605871,2.281152458763313,0.7855570284178929,1.908475529451191
2009M1,1610.762622143253,-0.584786702920536,1.432985209210551,1.961189384952291
2009M2,1644.967420685464,2.101283377074012,1.605248300609733,1.993929993147213
2009M3,1630.696591716464,-0.8713298557789508,1.63979210497471,1.437697931890202
2009M4,1648.042358081311,1.058085346721942,1.508163043037477,1.109755959518379
2009M5,1591.332377306713,-3.501649539867776,2.288828190003562,1.644012334206373
2009M6,1700.296760530985,6.623116236816184,5.070694118763837,2.423123710963015
2009M7,1693.472794189296,-0.4021472541507345,5.18767969278155,2.40446323394579
2009M8,1727.750766752204,2.00390994716238,3.570259213742527,2.407227805878205
2009M9,1607.236861944068,-7.230395801497173,4.790380850204852,3.374272157088681
2009M10,1789.94596712792,10.76689636741605,8.999674615178245,4.540626342036352
2009M11,1725.472383171104,-3.668457512388196,9.53038449227719,4.745123060418524
2009M12,1781.042734522682,3.16981403871903,7.221000154074484,4.778609822614442
2010M1,1718.054210193595,-3.600662138867287,3.92865332505124,4.934187553171263
2010M2,1788.3180113122,4.008314230243242,4.172108811862659,5.019116478207899
2010M3,1741.311822085894,-2.663676970209235,4.14909486456349,5.096086498973315
2010M4,1768.56682086235,1.553076295953008,3.37452880662824,5.102599224538371
2010M5,1872.05143366973,5.686534005937879,4.17517472876068,5.122437476008339
2010M6,1808.22916617836,-3.468684778631223,4.584786216822066,5.005795410629071
2010M7,1835.218910456205,1.481576649994543,4.582662718885328,5.004028141577552
2010M8,1871.401885607751,1.952404980869165,3.003192237976507,5.002801803281987
2010M9,1869.870402033421,-0.08186967117738733,1.064919173482132,4.361633790830023
2010M10,1869.242886464443,-0.03356494047935652,1.16079593637784,3.174632734531468
2010M11,1889.449143062207,1.075185255732063,0.6545273674558325,2.911690540201802
2010M12,1978.625933915372,4.611730313389852,2.42608209321333,3.04694643441429
2011M1,1897.810485712724,-4.170178528984321,4.418576601399812,3.126425302792814
2011M2,1894.25480402939,-0.1875327798294738,4.39727787608364,2.969237479498568
2011M3,1912.697851370406,0.9689215127014789,2.695960030997905,2.799996790269966
2011M4,1901.125564706037,-0.6068619816562817,0.8161206131559449,2.815326540191149
2011M5,1890.507652618709,-0.5600720973794043,0.8965772298050194,2.324508956823902
2011M6,1856.753441474391,-1.801589121515212,0.7036721245491485,2.135128786337313
2011M7,1778.39462117661,-4.311844192552694,1.911305788242222,2.455114371203721
2011M8,1865.687992700492,4.791882282669002,4.702004562154258,2.800491916357646
2011M9,1752.217745237051,-6.274761335768549,5.904821200006647,3.332002057504935
2011M10,1790.77382256251,2.176556094143523,5.784106072549548,3.422487736377107
2011M11,1740.015586632661,-2.875375852296495,4.252501310167099,3.461937509175013
2011M12,1751.084215312794,0.6341076678690609,2.589003608774728,3.077612438901457
2012M1,1751.440931878561,0.02036910811544002,1.874321587214654,2.921204520450792
2012M2,1737.764202506895,-0.7839492887237521,0.7111596908528645,2.917342083332551
2012M3,1727.79115117845,-0.5755544402818061,0.4174289104916427,2.869808870853548
2012M4,1754.866183147994,1.554880360124194,1.294366317158597,2.9529166235633
2012M5,1701.96589043775,-3.060861601273611,2.310143501223338,3.031865565347885
2012M6,1665.162224605594,-2.186143819772334,2.451715962547233,3.044549683246711
2012M7,1692.007693987173,1.599325756568464,2.476969160111721,2.919302278375572
2012M8,1685.839894768597,-0.3651914961370742,1.893188461939809,2.420003109414218
2012M9,1593.231478038846,-5.649956361120066,3.749225674193164,2.296102964642571
2012M10,1639.355762263136,2.853900689582361,4.293539311514064,2.382433639294304
2012M11,1629.197684119602,-0.621566146275831,4.275495343985941,2.285322172562637
2012M12,1583.850976359583,-2.822846692262252,2.862107807385088,2.339943079590201
2013M1,1623.472335300647,2.470806387052201,2.659297114250156,2.521402349642082
2013M2,1561.96492493966,-3.862267631474686,3.396345716039248,2.689244882738619
2013M3,1557.234575154504,-0.3033056020551954,3.174632119870987,2.693273051863085
2013M4,1534.669387812057,-1.45965646123806,1.815484254578211,2.585357039821027
2013M5,1527.1423469195,-0.4916733429792463,0.620432783438007,2.515204082949148
2013M6,1480.152740703293,-3.125295624951416,1.332123083967222,2.572706456631225
2013M7,1456.798473522171,-1.590408402750263,1.322816681715363,2.443346994182015
2013M8,1534.076617213235,5.168744612855829,4.412730291244846,3.067494343726239
2013M9,1448.376205602875,-5.748557701205435,5.510049075601589,3.081805982508468
2013M10,1431.051343395876,-1.203369140501681,5.484068783830238,2.85973038100525
2013M11,1384.361912713077,-3.317005867683859,2.274446584188036,2.921152803308408
2013M12,1415.016429899556,2.190182162823691,2.778271964913933,3.048170220915633
2014M1,1382.424249867227,-2.330248149045532,2.936468996462816,2.869742794734176
2014M2,1452.862026505182,4.969676163539828,3.684398912395298,3.268709259877266
2014M3,1421.473569556336,-2.184136382074596,4.173073958041653,3.297973246139618
2014M4,1361.007050473095,-4.346915457020888,4.87602171667843,3.455217612656023
2014M5,1428.233245346091,4.821328363822473,4.792543590333229,3.844818564604616
2014M6,1379.90645251456,-3.442247881796569,5.05242203547391,3.86509361185284
2014M7,1331.294518921969,-3.586391747829507,4.813128353734734,3.954241545628658
2014M8,1260.3491016987,-5.476304393192853,1.135042815108222,3.690820944271751
2014M9,1373.508758240037,8.597985569000466,7.638896717304585,4.477882206617378
2014M10,1263.871115864147,-8.31892778897554,9.058588036327862,5.025468552259828
2014M11,1244.325072244988,-1.55860529535282,8.515087157167102,4.978302960180023
2014M12,1299.3747936685,4.328994856227553,6.328977576745863,5.13439552321057
2015M1,1321.48176063975,1.687043211665826,2.948954002924987,5.150126173814075
2015M2,1281.181202274875,-3.097118627645717,3.764201430854701,4.909841400301106
2015M3,1247.243091627946,-2.684687781696347,2.651110949072061,4.922481717142578
2015M4,1234.512005936633,-1.025983376111106,1.096281650090248,4.814885449735963
2015M5,1227.262428818577,-0.5889733821578158,1.105614224790602,4.481077089415945
2015M6,1211.446429009565,-1.297097971023553,0.3572863678119896,4.428753517113813
2015M7,1186.636117605677,-2.069252929382306,0.7403705436024655,4.372147752963926
2015M8,1169.098025758889,-1.488997892907869,0.4020250338579694,4.14311081419699
2015M9,1151.889518516439,-1.482887973563828,0.3367880391483122,2.954144000300138
2015M10,1122.80960737384,-2.556953151923163,0.6183555845596621,2.077188105328057
2015M11,1120.342121601281,-0.220001771250808,1.169746363033667,2.079596372628321
2015M12,1075.636828270571,-4.072121980508441,1.940614526437172,1.50260718501787
2016M1,1097.836528210516,2.042856602001828,3.091718001061594,1.574609509410435
2016M2,1096.630273977481,-0.1099359856636261,3.101784347968409,1.542745049618488
2016M3,1112.393343033358,1.427176829603223,1.108775098513787,1.658596539694927
2016M4,1160.410052245424,4.22595769376429,2.198327551107681,2.23166210223187
2016M5,1207.71205372908,3.995426901134146,1.553610161412406,2.582781726734479
2016M6,1215.674808968323,0.6571615963187801,1.997225795815572,2.564310089348381
2016M7,1174.415360362138,-3.452886282376771,3.730814881724147,2.695011843774216
2016M8,1206.880407136939,2.726839634977422,3.145501368687632,2.76929242724325
2016M9,1273.519279699723,5.374529999686409,4.529947661541391,3.06729917114066
2016M10,1243.819382388965,-2.359736169655393,3.930699489528417,3.047931112890667
2016M11,1281.71569638756,3.00127754464026,3.962147322653748,3.086453714163508
2016M12,1320.620111087034,2.990183919571299,3.091985232675345,2.648357914380787
2017M1,1299.338871946114,-1.62458323466921,2.66754527940101,2.812939314503529
2017M2,1346.581966727656,3.571393026707599,2.846988151915002,2.833453586410022
2017M3,1326.147805263495,-1.529115276470256,2.972722332324925,2.984854237033539
2017M4,1364.637218835848,2.861026699829498,2.76264220874442,2.894710620752302
2017M5,1408.953894155974,3.195889042743642,2.636637542317894,2.836933866431916
2017M6,1373.548802811056,-2.544975235630538,3.222176086063892,3.044307763566576
2017M7,1450.163648716361,5.427865361051493,4.113097537710087,2.936305584888406
2017M8,1455.678049106243,0.3795393956661569,4.033289973490483,2.944039167651435
2017M9,1491.298453655323,2.417538067103168,2.539721246326484,2.710394062179671
2017M10,1500.439434755182,0.6110835832711895,1.115820258654979,2.469114790785748
2017M11,1553.765248006691,3.49231557672839,1.456017530656484,2.499004120863657
2017M12,1535.085000393609,-1.209542312023855,2.37078201081281,2.579993944885882
2018M1,1536.688428225117,0.1043975419670384,2.425966960347577,2.449604065927138
2018M2,1572.587084157621,2.309235771662649,1.778086460274321,2.373727766564249
2018M3,1604.749712421923,2.024571451386501,1.199264582760383,2.205351535096485
2018M4,1607.819629759213,0.1911191911986495,1.14956504920068,2.200035842699007
2018M5,1626.319229964109,1.144032632949815,0.916964178565308,2.123335158414976
2018M6,1620.67202326337,-0.3478427845555593,0.7554486856757815,1.848392693536326
2018M7,1640.458544491431,1.213491065350303,0.8820695480941455,1.339386729287104
2018M8,1634.087397735719,-0.3891321061083579,0.9135890057562533,1.390594140983136
2018M9,1759.485609268374,7.39370168766538,4.109661507297543,2.304967562076357
2018M10,1675.992201283424,-4.861614999356685,6.201725461395223,2.927793165169943
2018M11,1713.421544376575,2.208692564146435,6.151779630761403,2.847704115242614
2018M12,1731.015944796899,1.02162129544429,3.786177855920375,2.775415992057395
2019M1,1806.769815381528,4.283213106549782,1.650795506218231,2.911511657992745
2019M2,1783.168680291257,-1.314867936969184,2.81175136540854,2.989791665334226
2019M3,1857.73065013444,4.096372307937137,3.17949004930891,3.108809979987513
2019M4,1806.583405887068,-2.791822182884458,3.626525843834696,3.311216714628013
2019M5,1860.322784002263,2.931257203586195,3.686876596199389,3.359532695786797
2019M6,1837.528903884433,-1.232833046871289,2.958708400749873,3.404108554677734
2019M7,1968.479379573446,6.883967416287659,4.058858940603189,3.799952698270891
2019M8,1860.972810274483,-5.616198887277798,6.342324803340031,4.304646243925031
2019M9,1936.928097343758,4.000389583159937,6.545328519209389,3.949217818101999
2019M10,1968.388076246235,1.611170929661473,5.007028627419419,3.524761953949835
2019M11,1978.741614574954,0.5246122061025313,1.778107796171297,3.520557443736144
2019M12,1973.907976516988,-0.2445772313512688,0.9323861402815242,3.545269490737382
2020M1,1994.807172010663,1.053206788451872,0.6525983942716646,3.400814208620264
2020M2,2010.093094124486,0.7633646446657484,0.6811997572664722,3.33419635665471
2020M3,2010.737585934325,0.03205764513061492,0.52623885083821,3.194371029339001
2020M4,2064.037104230194,2.61622113788678,1.33202778182576,3.040984007398752
2020M5,2123.22793539804,2.827371741040289,1.556506046101167,3.035471437006733
2020M6,2018.902418778854,-5.038353502284043,4.4815683843685,3.46931079001133
2020M7,1993.838077837258,-1.249254315410162,3.93373838851307,2.920405685750138
2020M8,2054.699055676199,3.006792875075949,4.024831064130961,2.398477874513821
2020M9,2173.294652623053,5.611489694157092,3.46333633874883,2.626610882257523
2020M10,2041.647505429256,-6.24872066164735,6.233158188694427,3.334062203391372
2020M11,2151.629866893495,5.246854994597902,6.744699249738169,3.628117942907188
2020M12,2161.850484055539,0.4738927945827004,5.775277186899308,3.617059819884549
2021M1,2076.749293848264,-4.016072880490565,4.632184379339852,3.866835544078941
2021M2,2132.325453172305,2.640931452562093,3.395378108517392,3.923297248792561
2021M3,2185.602123712449,2.46782158425281,3.794438059992491,3.960177985420611
2021M4,2108.887071008032,-3.573100824146084,3.538759380224769,4.088179569634733
2021M5,2124.647237968959,0.7445429097894136,3.111925458280035,4.008971293742095
2021M6,2116.751334185874,-0.3723259094977741,2.241071299882048,3.688775292612538
2021M7,2106.365460580207,-0.4918592143568755,0.6819548351442493,3.664494758264779
2021M8,2130.30618597131,1.130178697699865,0.9039556860239177,3.584993298241057
2021M9,2113.629255106976,-0.7859222618555379,1.031901396392641,3.175835081430205
2021M10,2176.482630869276,2.93036056206555,1.858442701985138,2.658146619555024
2021M11,2149.711168910432,-1.237660860132064,2.287182705296399,2.238773114550213
2021M12,2201.914282466836,2.39936173425501,2.268710929254623,2.34298169049884
2022M1,2131.54059156704,-3.248210971153275,2.862554877607354,2.226352411267813
2022M2,2222.947210256131,4.19888869223303,3.885714608918383,2.41775233593728
2022M3,2253.61978396467,1.370382874172757,3.759236351248582,2.350038717081006
2022M4,2136.27876390557,-5.347229633953479,4.903317551578192,2.649514515789828
2022M5,2250.041193453184,5.188310422113012,5.333861841162187,3.02988216664657
2022M6,2296.707159829227,2.052790322730311,5.40970402649924,3.048838143827884
2022M7,2195.566154158896,-4.503648520651073,4.945577902679954,3.38989005174441
2022M8,2333.877852805495,6.10912563788399,5.355242320008069,3.777221265543508
2022M9,2285.662195091269,-2.087541537257301,5.562581850713332,3.843770150273677
2022M10,2242.921960562992,-1.887632078177373,4.675707620978436,3.835781152681933
2022M11,2280.786545453624,1.674089705649875,2.116431566923999,3.825160649219157
2022M12,2317.256650157253,1.586364806660434,2.031510607042402,3.79541480736968
2023M1,2303.496248004971,-0.5955931049573259,1.285826326189992,3.635896288604401
2023M2,2333.205901651267,1.28151687488332,1.181624197591119,3.470549285112246
2023M3,2274.00879018733,-2.569898447919095,1.9259120546026,3.556090225519857
2023M4,2332.875278317678,2.555727098498016,2.668615400189295,3.171627030725825
2023M5,2267.359990144427,-2.848537707588274,3.042908564006245,2.988715706185505
2023M6,2336.457579460177,3.001977265420207,3.256627671768682,3.057898517687485
2023M7,2307.516340851155,-1.246415840647637,3.023358064294575,2.735510712602646
2023M8,2323.640837707842,0.6963513174799655,2.12677765748244,2.078496804599266
2023M9,2425.175076959968,4.276843629768322,2.801804912510102,2.307025612529062
2023M10,2426.837230728228,0.0685139990533838,2.2702475334024,2.189584346080476
2023M11,2412.368917096568,-0.5979640585888978,2.643166701784632,2.191848419216246
2023M12,2339.417706089836,-3.070716302099529,1.653958057851014,2.379936567776064
2024M1,2384.81239441465,1.921840577204321,2.496315393182378,2.425552331044271
2024M2,2466.764205882323,3.378679306187251,3.382373599203605,2.574533202295759
2024M3,2423.516317492603,-1.768774437716429,2.653277794108348,2.497961085276073
2024M4,2537.487482689112,4.595490211702428,3.378381598567842,2.708794904630982
2024M5,2452.474801517185,-3.407677363147266,4.227697532502246,2.779286823413974
2024M6,2451.045065188604,-0.05831469670611563,4.019262403891259,2.682990350638701
2024M7,2434.853293254077,-0.6627985284277575,1.785029915316708,2.655602348045333
2024M8,2464.899094485121,1.226436581409926,0.9648139587226774,2.664509699067443
2024M9,2459.144821405234,-0.2337215426022682,0.9904021159043569,2.385564417027342
2024M10,2510.051379496085,2.048956692234097,1.156086862626416,2.449631626338159
2024M11,2530.84954840079,0.8251813403413738,1.142331048864691,2.43763217394111
2024M12,2452.498191884695,-3.144786105319704,2.715180530481983,2.44729293062014
2025M1,2433.438352322111,-0.7801958159688341,1.997046342731497,2.418006686728396
2025M2,2416.217030449311,-0.7102110521435533,1.385841548975894,2.203005134050768
2025M3,2542.235563454606,5.084073050195821,3.365716255134466,2.603424837896255
2025M4,2469.27998638822,-2.911723236606139,4.130236926557517,2.397022795992508
2025M5,2424.2535432904,-1.840294485376215,4.340268493935249,2.245893051444459
2025M6,2561.419412396998,5.503790299985082,4.58083705939004,2.767794368458326
2025M7,2677.142975389072,4.418860911974836,3.96420818911192,2.976759932537808
2025M8,2558.022705026201,-4.55155927212121,5.518990926390196,3.344437760667171
2025M9,2609.709193088525,2.000421565174648,4.641223618215367,3.373535720601691
2025M10,2579.2142119652,-1.175401131707646,3.276500838888068,3.36693294088736
2025M11,2578.224034585117,-0.03839803192646761,1.609110064625161,3.362199474253344
2025M12,2639.305464368207,2.341499764949413,1.794681099313263,3.243694757492647
2026M1,2584.90572370219,-2.082676409352944,2.214208753680511,3.315502592592435
