Year,"Baseline Real GDP (Bn GEL)","GDP Deflator (Index)","Baseline Growth (%)","Inv Shock (Bn USD)","Inv Shock (Bn GEL)","Real Inv Shock (Bn GEL)","Imports (Bn GEL)","Domestic Demand Shock (Bn GEL)","GDP Impact (Bn GEL)","New Real GDP (Bn GEL)","New Growth (%)"
2024,65.013,136.279,5.74,0,0,0,0,0,0,65.013,5.739704638605181
2025,68.415,142.652,5.232,0,0,0,0,0,0,68.415,5.232799593927373
2026,71.628,148.124,4.697,0.24260000000000004,1.1770952000000003,0.7946687910129354,3.855732973994763,-3.0610641829818275,-14.852283415827827,56.77571658417217,-17.01276535237569
2027,75.104,153.317,4.852,0.4852000000000001,2.3541904000000007,1.5355051298942717,7.4502708902470065,-5.914765760352735,-28.69844346923147,46.40555653076853,-18.26513283725708
2028,78.859,158.683,4.852,0.7278,3.5312856000000004,2.2253710857495763,10.797500508056945,-8.57212942230737,-41.59197195703536,37.26702804296463,-19.692746237715575
2029,82.802,164.237,4.852,0.9704000000000002,4.708380800000001,2.8668209964867852,13.909815474953882,-11.042994478467097,-53.58060920952236,29.22139079047765,-21.589157158470705
2030,86.81955304,174.6084497159174,4.852,0.9704000000000002,4.708380800000001,2.6965366267556883,13.0835957130186,-10.387059086262912,-50.39801068654765,36.42154235345235,24.6400029848032
2031,91.03203775350079,185.6348491034057,4.852,0.7278,3.5312856000000004,1.9022751477191329,9.229839016733234,-7.327563869014101,-35.55333989245642,55.47869786104437,52.32385636679555
2032,95.44891222530063,197.35755776831,4.852,0.4852000000000001,2.3541904000000007,1.192855458195185,5.787734683163038,-4.594879224967853,-22.294353999544025,73.1545582257566,31.86062587298708
2033,100.0800934464722,209.820547146162,4.852,0.24260000000000004,1.1770952000000003,0.5610009200767312,2.7219764642123,-2.1609755441355687,-10.48505334014578,89.59504010632642,22.473626086065778
2034,104.935979580495,223.0705654373673,4.852,0,0,0,0,0,0,104.935979580495,17.122532068698003
2035,110.0274733097406,237.1573129579316,4.852,0,0,0,0,0,0,110.0274733097406,4.85199999999999
,,,,,,,,,,,
,,,,,,,,,,,
"Scenario 2: Multiplier = 1",,,,,,,,,,,
,,Multiplier,1,,,,,,,,
Year,"Baseline Real GDP (Bn GEL)","GDP Deflator (Index)","Baseline Growth (%)","Inv Shock (Bn USD)","Inv Shock (Bn GEL)","Real Inv Shock (Bn GEL)","Imports (Bn GEL)","Domestic Demand Shock (Bn GEL)","GDP Impact (Bn GEL)","New Real GDP (Bn GEL)","New Growth (%)"
2024,65.013,136.279,5.74,0,0,0,0,0,0,65.013,5.739704638605181
2025,68.415,142.652,5.232,0,0,0,0,0,0,68.415,5.232799593927373
2026,71.628,148.124,4.697,0.24260000000000004,1.1770952000000003,0.7946687910129354,3.855732973994763,-3.0610641829818275,-3.0610641829818275,68.56693581701818,0.2220796857679952
2027,75.104,153.317,4.852,0.4852000000000001,2.3541904000000007,1.5355051298942717,7.4502708902470065,-5.914765760352735,-5.914765760352735,69.18923423964726,0.9075779969077047
2028,78.859,158.683,4.852,0.7278,3.5312856000000004,2.2253710857495763,10.797500508056945,-8.57212942230737,-8.57212942230737,70.28687057769262,1.5864264868773237
2029,82.802,164.237,4.852,0.9704000000000002,4.708380800000001,2.8668209964867852,13.909815474953882,-11.042994478467097,-11.042994478467097,71.75900552153291,2.094466479643642
2030,86.81955304,174.6084497159174,4.852,0.9704000000000002,4.708380800000001,2.6965366267556883,13.0835957130186,-10.387059086262912,-10.387059086262912,76.4324939537371,6.512755295642703
2031,91.03203775350079,185.6348491034057,4.852,0.7278,3.5312856000000004,1.9022751477191329,9.229839016733234,-7.327563869014101,-7.327563869014101,83.70447388448669,9.514251798654062
2032,95.44891222530063,197.35755776831,4.852,0.4852000000000001,2.3541904000000007,1.192855458195185,5.787734683163038,-4.594879224967853,-4.594879224967853,90.85403300033278,8.54143008617745
2033,100.0800934464722,209.820547146162,4.852,0.24260000000000004,1.1770952000000003,0.5610009200767312,2.7219764642123,-2.1609755441355687,-2.1609755441355687,97.91911790233664,7.776303009001251
2034,104.935979580495,223.0705654373673,4.852,0,0,0,0,0,0,104.935979580495,7.165977215151087
2035,110.0274733097406,237.1573129579316,4.852,0,0,0,0,0,0,110.0274733097406,4.85199999999999
,,,,,,,,,,,
,,,,,,,,,,,
"Scenario 3: Import Content = 0.5",,,,,,,,,,,
,,"Import Share",0.5,,,,,,,,
Year,"Baseline Real GDP (Bn GEL)","GDP Deflator (Index)","Baseline Growth (%)","Inv Shock (Bn USD)","Inv Shock (Bn GEL)","Real Inv Shock (Bn GEL)","Imports (Bn GEL)","Domestic Demand Shock (Bn GEL)","GDP Impact (Bn GEL)","New Real GDP (Bn GEL)","New Growth (%)"
2024,65.013,136.279,5.74,0,0,0,0,0,0,65.013,5.739704638605181
2025,68.415,142.652,5.232,0,0,0,0,0,0,68.415,5.232799593927373
2026,71.628,148.124,4.697,0.24260000000000004,1.1770952000000003,0.7946687910129354,0.3973343955064677,0.3973343955064677,1.9278664869973814,73.55586648699739,7.514238817506946
2027,75.104,153.317,4.852,0.4852000000000001,2.3541904000000007,1.5355051298942717,0.7677525649471358,0.7677525649471358,3.7251354451235033,78.8291354451235,7.1690664660422065
2028,78.859,158.683,4.852,0.7278,3.5312856000000004,2.2253710857495763,1.1126855428747882,1.1126855428747882,5.398750254028473,84.25775025402847,6.88655885701559
2029,82.802,164.237,4.852,0.9704000000000002,4.708380800000001,2.8668209964867852,1.4334104982433926,1.4334104982433926,6.954907737476941,89.75690773747695,6.526589502887381
2030,86.81955304,174.6084497159174,4.852,0.9704000000000002,4.708380800000001,2.6965366267556883,1.3482683133778441,1.3482683133778441,6.5417978565093,93.36135089650931,4.0157835757607785
2031,91.03203775350079,185.6348491034057,4.852,0.7278,3.5312856000000004,1.9022751477191329,0.9511375738595664,0.9511375738595664,4.614919508366617,95.6469572618674,2.4481290634833286
2032,95.44891222530063,197.35755776831,4.852,0.4852000000000001,2.3541904000000007,1.192855458195185,0.5964277290975925,0.5964277290975925,2.893867341581519,98.34277956688214,2.8185133978010146
2033,100.0800934464722,209.820547146162,4.852,0.24260000000000004,1.1770952000000003,0.5610009200767312,0.2805004600383656,0.2805004600383656,1.36098823210615,101.44108167857836,3.1505130578387552
2034,104.935979580495,223.0705654373673,4.852,0,0,0,0,0,0,104.935979580495,3.4452490490888277
2035,110.0274733097406,237.1573129579316,4.852,0,0,0,0,0,0,110.0274733097406,4.85199999999999
