1000,200,80,0.4,0,0
1000,200,80,0.4,0,0
1000,200,80,0.4,0,0
1000,200,80,0.4,0,0
1000,200,80,0.4,0,0
1000,200,80,0.4,0,0
1000,200,80,0.4,0,0
1000,200,80,0.4,0,0
1000,200,80,0.4,0,0
1000,200,80,0.4,0,0
1000,200,80,0.4,0,0
1000,200,80,0.4,0,0
1000,200,80,0.4,0,0
1000,200,80,0.4,0,0
1000,200,80,0.4,0,0
1000,200,80,0.4,0,0
1000,200,80,0.4,0,0
1000,200,80,0.4,0,0
1000,200,80,0.4,0,0
1000,200,80,0.4,0,0
1000,200,80,0.4,0,0
1000,200,80,0.4,0,0
1000,200,80,0.4,0,0
1000,200,80,0.4,0,0
1000,200,80,0.4,0,0
1000,200,80,0.4,0,0
1000,200,80,0.4,0,0
1000,200,80,0.4,0,0
1000,200,80,0.4,0,0
1000,200,80,0.4,0,0
1000,200,80,0.4,0,0
1000,200,80,0.4,0,0
1000,200,80,0.4,0,0
1000,200,80,0.4,0,0
1000,200,80,0.4,0,0
1000,200,80,0.4,0,0
1000,200,80,0.4,0,0
1000,200,80,0.4,0,0
,,,,,
,,,,,
,,,,,
,,,,,
,,,,,
,,,,,
,,,,,
0.4,,,,,
