"Scenario 1",,,,,,,,,,
Year,,"Real GDP Growth","Inv USD","Inv GEL","Real Inv",,,,Deflator,"GDP Shock"
2022,,0.104,0,0,0,,,,100,#VALUE!
2023,,0.062,0,0,0,,,,104,#VALUE!
2024,,0.048,0,0,0,,,,107.6,#VALUE!
2025,,0.05,0,0,0,,,,110.8,#VALUE!
2026,,0.05,0.325,0.8924500000000001,0.7821647677475899,,,,114.1,#VALUE!
2027,,0.05,0.65,1.7849000000000002,1.5177721088435376,,,,117.6,#VALUE!
2028,,0.05,0.975,2.67735,2.207768392461069,,,,121.26951400982209,#VALUE!
2029,,0.05,1.3,3.5698000000000003,2.854617557961495,,,,125.05352915117719,#VALUE!
2030,,0.05,1.3,3.5698000000000003,2.768239219537747,,,,128.95561824299642,#VALUE!
2031,,0.05,0.975,2.67735,2.01335596301189,,,,132.979465588132,#VALUE!
2032,,0.05,0.65,1.7849000000000002,1.3016223309623185,,,,137.12887045202916,#VALUE!
2033,,0.05,0.325,0.8924500000000001,0.6311181642435331,,,,141.40775064994412,#VALUE!
2034,,0.05,0,0,0,,,,145.82014624609548,#VALUE!
2035,,0.05,0,0,0,,,,150.37022336824134,#VALUE!
2036,,0.05,0,0,0,,,,155.0622781412842,#VALUE!
2037,,0.05,0,0,0,,,,159.9007407436173,#VALUE!
2038,,0.05,0,0,0,,,,164.89017959004275,#VALUE!
2039,,0.05,0,0,0,,,,170.03530564521063,#VALUE!
2040,,0.05,0,0,0,,,,175.3409768716518,#VALUE!
2041,,0.05,0,0,0,,,,180.81220281660435,#VALUE!
2042,,0.05,0,0,0,,,,186.45414934196427,#VALUE!
2043,,0.05,0,0,0,,,,192.27214350182652,#VALUE!
,,,,,,,,,,
,,,,,,,,,,
,,,,,,,,,,
,,,,,,,,,,
,,,,,,,,,,
"Scenario 2",,,2.746,,,,,,,
Year,,"Real GDP Growth","Inv USD","Inv GEL","Real Inv",,,,Deflator,"GDP Shock"
2022,,0.104,0,0,0,,,,100,0
2023,,0.062,0,0,0,,,,104,0
2024,,0.048,0,0,0,,,,107.6,0
2025,,0.05,0,0,0,,,,110.8,0
2026,,0.05,0.325,0.8924500000000001,0.7821647677475899,,,,114.1,0.7821647677475899
2027,,0.05,0.65,1.7849000000000002,1.5177721088435376,,,,117.6,1.5177721088435376
2028,,0.05,0.975,2.67735,2.207768392461069,,,,121.26951400982209,2.207768392461069
2029,,0.05,1.3,3.5698000000000003,2.854617557961495,,,,125.05352915117719,2.854617557961495
2030,,0.05,1.3,3.5698000000000003,2.768239219537747,,,,128.95561824299642,2.768239219537747
2031,,0.05,0.975,2.67735,2.01335596301189,,,,132.979465588132,2.01335596301189
2032,,0.05,0.65,1.7849000000000002,1.3016223309623185,,,,137.12887045202916,1.3016223309623185
2033,,0.05,0.325,0.8924500000000001,0.6311181642435331,,,,141.40775064994412,0.6311181642435331
2034,,0.05,0,0,0,,,,145.82014624609548,0
2035,,0.05,0,0,0,,,,150.37022336824134,0
2036,,0.05,0,0,0,,,,155.0622781412842,0
2037,,0.05,0,0,0,,,,159.9007407436173,0
2038,,0.05,0,0,0,,,,164.89017959004275,0
2039,,0.05,0,0,0,,,,170.03530564521063,0
2040,,0.05,0,0,0,,,,175.3409768716518,0
2041,,0.05,0,0,0,,,,180.81220281660435,0
2042,,0.05,0,0,0,,,,186.45414934196427,0
2043,,0.05,0,0,0,,,,192.27214350182652,0
,,,,,,,,,,
,,,,,,,,,,
,,,,,,,,,,
,,,,,,,,,,
,,,,,,,,,,
,,,,,,,,,,
"Scenario 3",,,,,,,,,,
Year,,"Real GDP Growth","Inv USD","Inv GEL","Real Inv",,,,Deflator,"GDP Shock"
2022,,0.104,0,0,0,,,,100,#VALUE!
2023,,0.062,0,0,0,,,,104,#VALUE!
2024,,0.048,0,0,0,,,,107.6,#VALUE!
2025,,0.05,0,0,0,,,,110.8,#VALUE!
2026,,0.05,0.325,0.8924500000000001,0.7821647677475899,,,,114.1,#VALUE!
2027,,0.05,0.65,1.7849000000000002,1.5177721088435376,,,,117.6,#VALUE!
2028,,0.05,0.975,2.67735,2.207768392461069,,,,121.26951400982209,#VALUE!
2029,,0.05,1.3,3.5698000000000003,2.854617557961495,,,,125.05352915117719,#VALUE!
2030,,0.05,1.3,3.5698000000000003,2.768239219537747,,,,128.95561824299642,#VALUE!
2031,,0.05,0.975,2.67735,2.01335596301189,,,,132.979465588132,#VALUE!
2032,,0.05,0.65,1.7849000000000002,1.3016223309623185,,,,137.12887045202916,#VALUE!
2033,,0.05,0.325,0.8924500000000001,0.6311181642435331,,,,141.40775064994412,#VALUE!
2034,,0.05,0,0,0,,,,145.82014624609548,#VALUE!
2035,,0.05,0,0,0,,,,150.37022336824134,#VALUE!
2036,,0.05,0,0,0,,,,155.0622781412842,#VALUE!
2037,,0.05,0,0,0,,,,159.9007407436173,#VALUE!
2038,,0.05,0,0,0,,,,164.89017959004275,#VALUE!
2039,,0.05,0,0,0,,,,170.03530564521063,#VALUE!
2040,,0.05,0,0,0,,,,175.3409768716518,#VALUE!
2041,,0.05,0,0,0,,,,180.81220281660435,#VALUE!
2042,,0.05,0,0,0,,,,186.45414934196427,#VALUE!
2043,,0.05,0,0,0,,,,192.27214350182652,#VALUE!
