Year,None,"Real GDP Growth",None,None,None,None,None,None,"GDP Deflator"
2022,,0.104,,,,,,,100
2023,,0.062,,,,,,,104
2024,,0.048,,,,,,,107.6
2025,,0.05,,,,,,,110.8
2026,,0.05,,,,,,,114.1
2027,,0.05,,,,,,,117.6
2028,,0.05,,,,,,,121.26951400982209
2029,,0.05,,,,,,,125.05352915117719
2030,,0.05,,,,,,,128.95561824299642
2031,,0.05,,,,,,,132.979465588132
2032,,0.05,,,,,,,137.12887045202916
2033,,0.05,,,,,,,141.40775064994412
2034,,0.05,,,,,,,145.82014624609548
2035,,0.05,,,,,,,150.37022336824134
2036,,0.05,,,,,,,155.0622781412842
2037,,0.05,,,,,,,159.9007407436173
2038,,0.05,,,,,,,164.89017959004275
2039,,0.05,,,,,,,170.03530564521063
2040,,0.05,,,,,,,175.3409768716518
2041,,0.05,,,,,,,180.81220281660435
2042,,0.05,,,,,,,186.45414934196427
2043,,0.05,,,,,,,192.27214350182652
