"Investment Spending Shock Analysis - Georgia (Demand Side)",,,,,,,,,,,,,,,,,,,
"Scenario 1: Base Case",,,,,,,,,,,,,,,,,,,
,,,,,,,,,,,,,,,,,,,
,Unit,2026,2027,2028,2029,2030,2031,2032,2033,2034,2035,2036,2037,2038,2039,2040,2041,2042,2043
"Nominal GDP (baseline)","Bil. GEL",107.12,116.412,126.511,137.486,149.413019424113,162.37446469385,176.460303702016,191.768076595773,208.40378504246,226.482626258876,246.129790716935,267.481329049573,290.685094159971,315.901765057893,343.30595951292,373.087443229345,405.45244391591,440.625079349907
"Real GDP (baseline)","Bil. GEL",73.584,77.263,81.126,85.183,89.44215,93.9142575,98.609970375,103.54046889375,108.717492338438,114.153366955359,119.861035303127,125.854087068284,132.146791421698,138.754130992783,145.691837542422,152.976429419543,160.62525089052,168.656513435046
"GDP Deflator",Index,145.575,150.67,155.943,161.401,167.049896971521,172.896500506166,178.947730164569,185.210747686066,191.692965464747,198.402055322156,205.34595758703,212.53289049282,219.971359904121,227.670169383515,235.638430610745,243.885574166553,252.421360693942,261.255892450072
"Real GDP growth rate (baseline)",%,5,5,5,5,5,5,5,5,5,5,5,5,5,5,5,5,5,5
,,,,,,,,,,,,,,,,,,,
"Project total","Bil. USD",6.5,,,,,,,,,,,,,,,,,
"Annual allocation (bell shape)",Share,0.05,0.1,0.15,0.2,0.2,0.15,0.1,0.05,0,0,0,0,0,0,0,0,0,0
"Annual spending","Bil. USD",0.325,0.65,0.975,1.3,1.3,0.975,0.65,0.325,0,0,0,0,0,0,0,0,0,0
"Annual spending (nominal)","Bil. GEL",0.89245,1.7849,2.67735,3.5698,3.5698,2.67735,1.7849,0.89245,0,0,0,0,0,0,0,0,0,0
"Annual spending (real)","Bil. GEL",0.61305169156792,1.1846419327006,1.71687732055944,2.2117582914604,2.13696629852372,1.54852758278038,0.997442101309987,0.481856485733059,0,0,0,0,0,0,0,0,0,0
,,,,,,,,,,,,,,,,,,,
"Import leakage (real)","Bil. GEL",0.141614064559871,0.273650593327182,0.396596207235399,0.510913004214429,0.493636160741071,0.357707658419056,0.230407699827702,0.111308159520238,0,0,0,0,0,0,0,0,0,0
"Net domestic demand shock (real)","Bil. GEL",0.471437627008049,0.910991339373422,1.32028111332404,1.70084528724597,1.64333013778265,1.19081992436132,0.767034401482285,0.370548326212821,0,0,0,0,0,0,0,0,0,0
"Multiplied demand impact (real)","Bil. GEL",0.377150101606439,0.728793071498738,1.05622489065923,1.36067622979678,1.31466411022612,0.952655939489058,0.613627521185828,0.296438660970256,0,0,0,0,0,0,0,0,0,0
,,,,,,,,,,,,,,,,,,,
"Real GDP (baseline)","Bil. GEL",73.584,77.263,81.126,85.183,89.44215,93.9142575,98.609970375,103.54046889375,108.717492338438,114.153366955359,119.861035303127,125.854087068284,132.146791421698,138.754130992783,145.691837542422,152.976429419543,160.62525089052,168.656513435046
"Real GDP (shocked)","Bil. GEL",73.9611501016065,77.9917930714988,82.1822248906592,86.5436762297968,90.7568141102261,94.8669134394891,99.2235978961859,103.83690755472,108.717492338438,114.153366955359,119.861035303127,125.854087068284,132.146791421698,138.754130992783,145.691837542422,152.976429419543,160.62525089052,168.656513435046
"Real GDP growth (baseline)",%,5,5,5,5,5,5,5,5,5,5,5,5,5,5,5,5,5,5
"Real GDP growth (shocked)",%,5.53817080708683,5.44967589654173,5.37291380814762,5.30704948051763,4.86822153156785,4.52869502919213,4.5924172071601,4.64940775818385,4.7002408860696,5,5,5,5,5,5,5,5,5
"Growth impact (pp)",pp,0.538170807086829,0.449675896541728,0.372913808147617,0.307049480517634,-0.131778468432149,-0.471304970807869,-0.407582792839896,-0.350592241816146,-0.299759113930405,0,0,0,0,0,0,0,0,0
"Cumulative real GDP impact","Bil. GEL",0.377150101606439,1.10594317310518,2.16216806376441,3.52284429356118,4.8375084037873,5.79016434327636,6.40379186446219,6.70023052543245,6.70023052543245,6.70023052543245,6.70023052543245,6.70023052543245,6.70023052543245,6.70023052543245,6.70023052543245,6.70023052543245,6.70023052543245,6.70023052543245
,,,,,,,,,,,,,,,,,,,
Assumptions,,,,,,,,,,,,,,,,,,,
Parameter,Value,Unit,Source,,,,,,,,,,,,,,,,
"Project total investment",6.5,"Bil. USD",,,,,,,,,,,,,,,,,
"Lari/USD exchange rate",2.746,GEL/USD,Assumption,,,,,,,,,,,,,,,,
"Demand multiplier",0.8,,"Small open economy",,,,,,,,,,,,,,,,
"Import content share",0.230998570769267,,"From SUT Calc",,,,,,,,,,,,,,,,
"Project duration",8,Years,,,,,,,,,,,,,,,,,
,,,,,,,,,,,,,,,,,,,
,,,,,,,,,,,,,,,,,,,
"Scenario 2: Demand Multiplier = 1",,,,,,,,,,,,,,,,,,,
,,2026,2027,2028,2029,2030,2031,2032,2033,2034,2035,2036,2037,2038,2039,2040,2041,2042,2043
"Nominal GDP (baseline)","Bil. GEL",107.12,116.412,126.511,137.486,149.413019424113,162.37446469385,176.460303702016,191.768076595773,208.40378504246,226.482626258876,246.129790716935,267.481329049573,290.685094159971,315.901765057893,343.30595951292,373.087443229345,405.45244391591,440.625079349907
"Real GDP (baseline)","Bil. GEL",73.584,77.263,81.126,85.183,89.44215,93.9142575,98.609970375,103.54046889375,108.717492338438,114.153366955359,119.861035303127,125.854087068284,132.146791421698,138.754130992783,145.691837542422,152.976429419543,160.62525089052,168.656513435046
"GDP Deflator",Index,145.575,150.67,155.943,161.401,167.049896971521,172.896500506166,178.947730164569,185.210747686066,191.692965464747,198.402055322156,205.34595758703,212.53289049282,219.971359904121,227.670169383515,235.638430610745,243.885574166553,252.421360693942,261.255892450072
"Real GDP growth rate (baseline)",%,5,5,5,5,5,5,5,5,5,5,5,5,5,5,5,5,5,5
,,,,,,,,,,,,,,,,,,,
"Project total","Bil. USD",6.5,,,,,,,,,,,,,,,,,
"Annual allocation (bell shape)",Share,0.05,0.1,0.15,0.2,0.2,0.15,0.1,0.05,0,0,0,0,0,0,0,0,0,0
"Annual spending","Bil. USD",0.325,0.65,0.975,1.3,1.3,0.975,0.65,0.325,0,0,0,0,0,0,0,0,0,0
"Annual spending (nominal)","Bil. GEL",0.89245,1.7849,2.67735,3.5698,3.5698,2.67735,1.7849,0.89245,0,0,0,0,0,0,0,0,0,0
"Annual spending (real)","Bil. GEL",0.61305169156792,1.1846419327006,1.71687732055944,2.2117582914604,2.13696629852372,1.54852758278038,0.997442101309987,0.481856485733059,0,0,0,0,0,0,0,0,0,0
,,,,,,,,,,,,,,,,,,,
"Import leakage (real)","Bil. GEL",0.141614064559871,0.273650593327182,0.396596207235399,0.510913004214429,0.493636160741071,0.357707658419056,0.230407699827702,0.111308159520238,0,0,0,0,0,0,0,0,0,0
"Net domestic demand shock (real)","Bil. GEL",0.471437627008049,0.910991339373422,1.32028111332404,1.70084528724597,1.64333013778265,1.19081992436132,0.767034401482285,0.370548326212821,0,0,0,0,0,0,0,0,0,0
"Multiplied demand impact (real)","Bil. GEL",0.471437627008049,0.910991339373422,1.32028111332404,1.70084528724597,1.64333013778265,1.19081992436132,0.767034401482285,0.370548326212821,0,0,0,0,0,0,0,0,0,0
,,,,,,,,,,,,,,,,,,,
"Real GDP (baseline)","Bil. GEL",73.584,77.263,81.126,85.183,89.44215,93.9142575,98.609970375,103.54046889375,108.717492338438,114.153366955359,119.861035303127,125.854087068284,132.146791421698,138.754130992783,145.691837542422,152.976429419543,160.62525089052,168.656513435046
"Real GDP (shocked)","Bil. GEL",74.0554376270081,78.1739913393734,82.4462811133241,86.883845287246,91.0854801377827,95.1050774243613,99.3770047764823,103.911017219963,108.717492338438,114.153366955359,119.861035303127,125.854087068284,132.146791421698,138.754130992783,145.691837542422,152.976429419543,160.62525089052,168.656513435046
"Real GDP growth (baseline)",%,5,5,5,5,5,5,5,5,5,5,5,5,5,5,5,5,5,5
"Real GDP growth (shocked)",%,5.67271350885852,5.56144672739514,5.46510380339096,5.38237033132205,4.83592184098862,4.41299456345659,4.4917973548978,4.56243620310191,4.62556834401895,5,5,5,5,5,5,5,5,5
"Growth impact (pp)",pp,0.672713508858518,0.561446727395136,0.465103803390958,0.382370331322051,-0.164078159011378,-0.587005436543415,-0.508202645102203,-0.437563796898095,-0.374431655981051,0,0,0,0,0,0,0,0,0
"Cumulative real GDP impact","Bil. GEL",0.471437627008049,1.38242896638147,2.70271007970551,4.40355536695148,6.04688550473413,7.23770542909545,8.00473983057774,8.37528815679056,8.37528815679056,8.37528815679056,8.37528815679056,8.37528815679056,8.37528815679056,8.37528815679056,8.37528815679056,8.37528815679056,8.37528815679056,8.37528815679056
,,,,,,,,,,,,,,,,,,,
"Assumptions (Scenario 2)",,,,,,,,,,,,,,,,,,,
Parameter,Value,Unit,,,,,,,,,,,,,,,,,
"Demand multiplier",1,,,,,,,,,,,,,,,,,,
"Import content share",0.230998570769267,,,,,,,,,,,,,,,,,,
,,,,,,,,,,,,,,,,,,,
,,,,,,,,,,,,,,,,,,,
"Scenario 3: Import Content Share = 0.5",,,,,,,,,,,,,,,,,,,
,,2026,2027,2028,2029,2030,2031,2032,2033,2034,2035,2036,2037,2038,2039,2040,2041,2042,2043
"Nominal GDP (baseline)","Bil. GEL",107.12,116.412,126.511,137.486,149.413019424113,162.37446469385,176.460303702016,191.768076595773,208.40378504246,226.482626258876,246.129790716935,267.481329049573,290.685094159971,315.901765057893,343.30595951292,373.087443229345,405.45244391591,440.625079349907
"Real GDP (baseline)","Bil. GEL",73.584,77.263,81.126,85.183,89.44215,93.9142575,98.609970375,103.54046889375,108.717492338438,114.153366955359,119.861035303127,125.854087068284,132.146791421698,138.754130992783,145.691837542422,152.976429419543,160.62525089052,168.656513435046
"GDP Deflator",Index,145.575,150.67,155.943,161.401,167.049896971521,172.896500506166,178.947730164569,185.210747686066,191.692965464747,198.402055322156,205.34595758703,212.53289049282,219.971359904121,227.670169383515,235.638430610745,243.885574166553,252.421360693942,261.255892450072
"Real GDP growth rate (baseline)",%,5,5,5,5,5,5,5,5,5,5,5,5,5,5,5,5,5,5
,,,,,,,,,,,,,,,,,,,
"Project total","Bil. USD",6.5,,,,,,,,,,,,,,,,,
"Annual allocation (bell shape)",Share,0.05,0.1,0.15,0.2,0.2,0.15,0.1,0.05,0,0,0,0,0,0,0,0,0,0
"Annual spending","Bil. USD",0.325,0.65,0.975,1.3,1.3,0.975,0.65,0.325,0,0,0,0,0,0,0,0,0,0
"Annual spending (nominal)","Bil. GEL",0.89245,1.7849,2.67735,3.5698,3.5698,2.67735,1.7849,0.89245,0,0,0,0,0,0,0,0,0,0
"Annual spending (real)","Bil. GEL",0.61305169156792,1.1846419327006,1.71687732055944,2.2117582914604,2.13696629852372,1.54852758278038,0.997442101309987,0.481856485733059,0,0,0,0,0,0,0,0,0,0
,,,,,,,,,,,,,,,,,,,
"Import leakage (real)","Bil. GEL",0.30652584578396,0.592320966350302,0.858438660279718,1.1058791457302,1.06848314926186,0.774263791390189,0.498721050654993,0.240928242866529,0,0,0,0,0,0,0,0,0,0
"Net domestic demand shock (real)","Bil. GEL",0.30652584578396,0.592320966350302,0.858438660279718,1.1058791457302,1.06848314926186,0.774263791390189,0.498721050654993,0.240928242866529,0,0,0,0,0,0,0,0,0,0
"Multiplied demand impact (real)","Bil. GEL",0.245220676627168,0.473856773080242,0.686750928223774,0.88470331658416,0.854786519409489,0.619411033112151,0.398976840523995,0.192742594293224,0,0,0,0,0,0,0,0,0,0
,,,,,,,,,,,,,,,,,,,
"Real GDP (baseline)","Bil. GEL",73.584,77.263,81.126,85.183,89.44215,93.9142575,98.609970375,103.54046889375,108.717492338438,114.153366955359,119.861035303127,125.854087068284,132.146791421698,138.754130992783,145.691837542422,152.976429419543,160.62525089052,168.656513435046
"Real GDP (shocked)","Bil. GEL",73.8292206766272,77.7368567730803,81.8127509282238,86.0677033165842,90.2969365194095,94.5336685331122,99.008947215524,103.733211488043,108.717492338438,114.153366955359,119.861035303127,125.854087068284,132.146791421698,138.754130992783,145.691837542422,152.976429419543,160.62525089052,168.656513435046
"Real GDP growth (baseline)",%,5,5,5,5,5,5,5,5,5,5,5,5,5,5,5,5,5,5
"Real GDP growth (shocked)",%,5.34991534906846,5.29280420494829,5.24319392928554,5.20084258270861,4.91384461284958,4.69199972558536,4.73405798363182,4.77155288020119,4.80490363587056,5,5,5,5,5,5,5,5,5
"Growth impact (pp)",pp,0.349915349068457,0.292804204948287,0.243193929285539,0.200842582708609,-0.0861553871504173,-0.308000274414639,-0.265942016368177,-0.228447119798809,-0.195096364129439,0,0,0,0,0,0,0,0,0
"Cumulative real GDP impact","Bil. GEL",0.245220676627168,0.71907744970741,1.40582837793118,2.29053169451534,3.14531821392483,3.76472924703698,4.16370608756098,4.3564486818542,4.3564486818542,4.3564486818542,4.3564486818542,4.3564486818542,4.3564486818542,4.3564486818542,4.3564486818542,4.3564486818542,4.3564486818542,4.3564486818542
,,,,,,,,,,,,,,,,,,,
"Assumptions (Scenario 3)",,,,,,,,,,,,,,,,,,,
Parameter,Value,Unit,,,,,,,,,,,,,,,,,
"Demand multiplier",0.8,,,,,,,,,,,,,,,,,,
"Import content share",0.5,,,,,,,,,,,,,,,,,,
