,Unit,2020,2021,2022,2023,2024,2025,2026,2027,2028,2029,2030,2031,2032,2033,2034,2035,2036,2037,2038,2039,2040,2041,2042,2043
"Real GDP growth rate",%,-6.291,10.644,10.96,7.474,7.554,5.976,5,5,5,5,5,5,5,5,5,5,5,5,5,5,5,5,5,5
"Nominal GDP","Bil. GEL",49.789,60.724,72.86,80.246,89.8,98.569,107.12,116.412,126.511,137.486,149.413019424113,162.37446469385,176.460303702016,191.768076595773,208.40378504246,226.482626258876,246.129790716935,267.481329049573,290.685094159971,315.901765057893,343.30595951292,373.087443229345,405.45244391591,440.625079349907
"GDP (current prices, USD)","Bil. USD",16.013,18.849,24.985,30.536,33.191,35.908,38.602,41.502,44.235,47.409,,,,,,,,,,,,,,
"GDP (PPP)","Bil. Int$",62.509,70.151,83.389,92.846,102.245,110.324,117.99,126.166,134.902,144.245,,,,,,,,,,,,,,
"GDP deflator",Index,106.847,117.779,127.359,130.515,135.797,140.652,145.575,150.67,155.943,161.401,167.049896971521,172.896500506166,178.947730164569,185.210747686066,191.692965464747,198.402055322156,205.34595758703,212.53289049282,219.971359904121,227.670169383515,235.638430610745,243.885574166553,252.421360693942,261.255892450072
"Real GDP","Bil. GEL",46.598,51.558,57.208,61.484,66.128,70.08,73.584,77.263,81.126,85.183,89.44215,93.9142575,98.609970375,103.54046889375,108.717492338438,114.153366955359,119.861035303127,125.854087068284,132.146791421698,138.754130992783,145.691837542422,152.976429419543,160.62525089052,168.656513435046
Population,Millions,3.717,3.729,3.689,3.736,3.737,3.736,3.732,3.729,3.726,3.723,,,,,,,,,,,,,,
"GDP deflator growth rate",%,,10.2314524507005,8.13387785598452,2.47803453230631,4.0470444010267,3.57518943717461,3.50012797542871,3.49991413360811,3.49970133404129,,3.49991448102605,3.49991448102605,3.49991448102605,3.49991448102605,3.49991448102605,3.49991448102605,3.49991448102605,3.49991448102605,3.49991448102605,3.49991448102605,3.49991448102605,3.49991448102605,3.49991448102605,3.49991448102605
"Avg deflator growth (recent 4y)",%,3.49991448102604,,,,,,,,,,,,,,,,,,,,,,,
,,,,,,,,,,,,,,,,,,,,,,,,,
"Source: IMF WEO October 2024",,,,,,,,,,,,,,,,,,,,,,,,,
