"Investment Spending Shock Analysis - Georgia",,,,,,,,,,,,,,,,,,,,,
"Scenario 1: Base Case (Demand Multiplier = 0.8)",,,,,,,,,,,,,,,,,,,,,
Variable,Unit,2024,2025,2026,2027,2028,2029,2030,2031,2032,2033,2034,2035,2036,2037,2038,2039,2040,2041,2042,2043
"Baseline Nominal GDP","Millions GEL",93022.28,106244.68470416286,119195.8211593352,133344.7052309905,149173.10221279666,166880.3750793232,186689.5517590609,208850.13423197565,233641.24107495605,261375.12303637344,292401.095919372,327109.940309628,365938.823563347,409376.8060492809,457971.0009973824,512333.46553907153,573148.9097336434,641183.3206781063,717293.610323466,802438.4085143289
"Baseline Real GDP","Millions GEL",67660,72531.52,76375.69056,80194.475088,84204.19884240002,88414.40878452003,92835.12922374603,97476.88568493334,102350.72996918001,107468.26646763903,112841.67979102099,118483.76378057204,124407.95196960065,130628.34956808068,137159.76704648472,144017.75539880895,151218.6431687494,158779.57532718687,166718.55409354623,175054.48179822354
"Real GDP Growth Rate",%,9.4,7.2,5.3,5,5,5,5,5,5,5,5,5,5,5,5,5,5,5,5,5
"GDP Deflator","Index (2019=100)",137.4848950635531,146.48070894441872,156.06513052172815,166.27667315568436,177.15637018528622,188.74793981378895,201.09796078283279,214.2560595411563,228.2751096599999,243.21144429651616,259.1250825589348,276.0799706830926,294.1442389894538,313.3904756531602,333.8960183872081,355.7432652108315,379.02000555186135,403.81977301353845,430.24222122331423,458.3935242739224
,,,,,,,,,,,,,,,,,,,,,
"Investment Shock Analysis",,,,,,,,,,,,,,,,,,,,,
"Total Investment","Billions USD",6.5,,,,,,,,,,,,,,,,,,,
"Total Investment","Millions GEL",17849,,,,,,,,,,,,,,,,,,,
"Project Allocation",%,0,0,0.05,0.1,0.15,0.2,0.2,0.15,0.1,0.05,0,0,0,0,0,0,0,0,0,0
"Annual Investment Spending (nominal)","Millions GEL",0,0,892.45,1784.9,2677.35,3569.8,3569.8,2677.35,1784.9,892.45,0,0,0,0,0,0,0,0,0,0
"Investment Deflator","Index (2019=100)",137.4848950635531,146.48070894441872,156.06513052172815,166.27667315568436,177.15637018528622,188.74793981378895,201.09796078283279,214.2560595411563,228.2751096599999,243.21144429651616,259.1250825589348,276.0799706830926,294.1442389894538,313.3904756531602,333.8960183872081,355.7432652108315,379.02000555186135,403.81977301353845,430.24222122331423,458.3935242739224
"Annual Investment Spending (real)","Millions GEL",0,0,571.8445863060671,1073.451835501185,1511.2919717195516,1891.3054116096948,1775.1547485133647,1249.6029310600243,781.9074110438435,366.9440813450997,0,0,0,0,0,0,0,0,0,0
"Import Leakage (nominal)","Millions GEL",0,0,206.15467448303255,412.3093489660651,618.4640234490976,824.6186979321302,824.6186979321302,618.4640234490976,412.3093489660651,206.15467448303255,0,0,0,0,0,0,0,0,0,0
"Import Leakage (real)","Millions GEL",0,0,132.09528213884437,247.9658397904203,349.10628548228425,436.88884697002015,410.0582098008652,288.65649110395276,180.61949442502578,84.76355834295975,0,0,0,0,0,0,0,0,0,0
"Net Domestic Investment (nominal)","Millions GEL",0,0,686.2953255169675,1372.590651033935,2058.8859765509023,2745.18130206787,2745.18130206787,2058.8859765509023,1372.590651033935,686.2953255169675,0,0,0,0,0,0,0,0,0,0
"Net Domestic Investment (real)","Millions GEL",0,0,439.7493041672227,825.4859957107648,1162.1856862372674,1454.4165646396746,1365.0965387124995,960.9464399560716,601.2879166188177,282.1805230021399,0,0,0,0,0,0,0,0,0,0
"GDP Impact (real, with multiplier)","Millions GEL",0,0,351.7994433337782,660.3887965686118,929.748548989814,1163.5332517117397,1092.0772309699996,768.7571519648573,481.03033329505416,225.74441840171195,0,0,0,0,0,0,0,0,0,0
"GDP Impact (% of Baseline GDP)",%,0,0,0.4606170376389696,0.823484156288754,1.1041593670761825,1.3159995838997862,1.1763620518456288,0.7886558403698378,0.4699823180937768,0.21005681567375836,0,0,0,0,0,0,0,0,0,0
"New Real GDP (with shock)","Millions GEL",67660,72531.52,76727.49000333378,80854.86388456862,85133.94739138983,89577.94203623176,93927.20645471603,98245.6428368982,102831.76030247507,107694.01088604073,112841.67979102099,118483.76378057204,124407.95196960065,130628.34956808068,137159.76704648472,144017.75539880895,151218.6431687494,158779.57532718687,166718.55409354623,175054.48179822354
"New Real GDP Growth Rate",%,,7.200000000000006,5.785029740633818,5.3792635221815654,5.292301911397912,5.22000304345267,4.8552850396195835,4.597641668672603,4.668011051839205,4.728354906367027,4.779902672979097,5.000000000000004,5.000000000000004,5.000000000000004,5.000000000000004,5.000000000000004,5.000000000000004,5.000000000000004,5.000000000000004,5.000000000000004
"GDP Impact (nominal, with multiplier)","Millions GEL",0,0,549.0362604135739,1098.0725208271479,1647.1087812407222,2196.1450416542957,2196.1450416542957,1647.1087812407218,1098.0725208271479,549.036260413574,0,0,0,0,0,0,0,0,0,0
"New Nominal GDP (with shock)","Millions GEL",93022.28,106244.68470416286,119744.85741974878,134442.77775181766,150820.2109940374,169076.52012097748,188885.6968007152,210497.2430132164,234739.3135957832,261924.15929678702,292401.095919372,327109.940309628,365938.823563347,409376.8060492809,457971.0009973824,512333.46553907153,573148.9097336434,641183.3206781063,717293.610323466,802438.4085143289
"GDP Impact (USD)","Millions USD",0,0,199.9403715999905,399.880743199981,599.8211147999717,799.761486399962,799.761486399962,599.8211147999715,399.880743199981,199.94037159999056,0,0,0,0,0,0,0,0,0,0
,,,,,,,,,,,,,,,,,,,,,
,,,,,,,,,,,,,,,,,,,,,
Assumptions,,,,,,,,,,,,,,,,,,,,,
,,"Exchange Rate (GEL/USD)",2.746,,,,,,,,,,,,,,,,,,
,,"Demand Multiplier",0.8,,,,,,,,,,,,,,,,,,
,,"Import Content Share",0.23099857076926722,,,,,,,,,,,,,,,,,,
,,"Project Duration (years)",8,,,,,,,,,,,,,,,,,,
,,,,,,,,,,,,,,,,,,,,,
"Scenario 2: Demand Multiplier = 1.0",,,,,,,,,,,,,,,,,,,,,
Variable,Unit,2024,2025,2026,2027,2028,2029,2030,2031,2032,2033,2034,2035,2036,2037,2038,2039,2040,2041,2042,2043
"Baseline Nominal GDP","Millions GEL",93022.28,106244.68470416286,119195.8211593352,133344.7052309905,149173.10221279666,166880.3750793232,186689.5517590609,208850.13423197565,233641.24107495605,261375.12303637344,292401.095919372,327109.940309628,365938.823563347,409376.8060492809,457971.0009973824,512333.46553907153,573148.9097336434,641183.3206781063,717293.610323466,802438.4085143289
"Baseline Real GDP","Millions GEL",67660,72531.52,76375.69056,80194.475088,84204.19884240002,88414.40878452003,92835.12922374603,97476.88568493334,102350.72996918001,107468.26646763903,112841.67979102099,118483.76378057204,124407.95196960065,130628.34956808068,137159.76704648472,144017.75539880895,151218.6431687494,158779.57532718687,166718.55409354623,175054.48179822354
"Real GDP Growth Rate",%,9.4,7.2,5.3,5,5,5,5,5,5,5,5,5,5,5,5,5,5,5,5,5
"GDP Deflator","Index (2019=100)",137.4848950635531,146.48070894441872,156.06513052172815,166.27667315568436,177.15637018528622,188.74793981378895,201.09796078283279,214.2560595411563,228.2751096599999,243.21144429651616,259.1250825589348,276.0799706830926,294.1442389894538,313.3904756531602,333.8960183872081,355.7432652108315,379.02000555186135,403.81977301353845,430.24222122331423,458.3935242739224
,,,,,,,,,,,,,,,,,,,,,
"Investment Shock Analysis",,,,,,,,,,,,,,,,,,,,,
"Total Investment","Billions USD",6.5,,,,,,,,,,,,,,,,,,,
"Total Investment","Millions GEL",17849,,,,,,,,,,,,,,,,,,,
"Project Allocation",%,0,0,0.05,0.1,0.15,0.2,0.2,0.15,0.1,0.05,0,0,0,0,0,0,0,0,0,0
"Annual Investment Spending (nominal)","Millions GEL",0,0,892.45,1784.9,2677.35,3569.8,3569.8,2677.35,1784.9,892.45,0,0,0,0,0,0,0,0,0,0
"Investment Deflator","Index (2019=100)",137.4848950635531,146.48070894441872,156.06513052172815,166.27667315568436,177.15637018528622,188.74793981378895,201.09796078283279,214.2560595411563,228.2751096599999,243.21144429651616,259.1250825589348,276.0799706830926,294.1442389894538,313.3904756531602,333.8960183872081,355.7432652108315,379.02000555186135,403.81977301353845,430.24222122331423,458.3935242739224
"Annual Investment Spending (real)","Millions GEL",0,0,571.8445863060671,1073.451835501185,1511.2919717195516,1891.3054116096948,1775.1547485133647,1249.6029310600243,781.9074110438435,366.9440813450997,0,0,0,0,0,0,0,0,0,0
"Import Leakage (nominal)","Millions GEL",0,0,206.15467448303255,412.3093489660651,618.4640234490976,824.6186979321302,824.6186979321302,618.4640234490976,412.3093489660651,206.15467448303255,0,0,0,0,0,0,0,0,0,0
"Import Leakage (real)","Millions GEL",0,0,132.09528213884437,247.9658397904203,349.10628548228425,436.88884697002015,410.0582098008652,288.65649110395276,180.61949442502578,84.76355834295975,0,0,0,0,0,0,0,0,0,0
"Net Domestic Investment (nominal)","Millions GEL",0,0,686.2953255169675,1372.590651033935,2058.8859765509023,2745.18130206787,2745.18130206787,2058.8859765509023,1372.590651033935,686.2953255169675,0,0,0,0,0,0,0,0,0,0
"Net Domestic Investment (real)","Millions GEL",0,0,439.7493041672227,825.4859957107648,1162.1856862372674,1454.4165646396746,1365.0965387124995,960.9464399560716,601.2879166188177,282.1805230021399,0,0,0,0,0,0,0,0,0,0
"GDP Impact (real, with multiplier)","Millions GEL",0,0,439.7493041672227,825.4859957107648,1162.1856862372674,1454.4165646396746,1365.0965387124995,960.9464399560716,601.2879166188177,282.1805230021399,0,0,0,0,0,0,0,0,0,0
"GDP Impact (% of Baseline GDP)",%,0,0,0.575771297048712,1.0293551953609423,1.3801992088452277,1.6449994798747327,1.4704525648070357,0.9858198004622974,0.587477897617221,0.2625710195921979,0,0,0,0,0,0,0,0,0,0
"New Real GDP (with shock)","Millions GEL",67660,72531.52,76815.43986416723,81019.96108371078,85366.38452863728,89868.8253491597,94200.22576245853,98437.8321248894,102952.01788579884,107750.44699064117,112841.67979102099,118483.76378057204,124407.95196960065,130628.34956808068,137159.76704648472,144017.75539880895,151218.6431687494,158779.57532718687,166718.55409354623,175054.48179822354
"New Real GDP Growth Rate",%,,7.200000000000006,5.906287175792291,5.473536605373086,5.364632847003881,5.274255018978824,4.819691807999504,4.498509773338233,4.585824030726537,4.660840266545407,4.7250224408090125,5.000000000000004,5.000000000000004,5.000000000000004,5.000000000000004,5.000000000000004,5.000000000000004,5.000000000000004,5.000000000000004,5.000000000000004
"GDP Impact (nominal, with multiplier)","Millions GEL",0,0,686.2953255169674,1372.5906510339348,2058.8859765509023,2745.1813020678696,2745.18130206787,2058.8859765509023,1372.5906510339348,686.2953255169675,0,0,0,0,0,0,0,0,0,0
"New Nominal GDP (with shock)","Millions GEL",93022.28,106244.68470416286,119882.11648485217,134717.29588202445,151231.98818934755,169625.55638139107,189434.7330611288,210909.02020852655,235013.83172599,262061.4183618904,292401.095919372,327109.940309628,365938.823563347,409376.8060492809,457971.0009973824,512333.46553907153,573148.9097336434,641183.3206781063,717293.610323466,802438.4085143289
"GDP Impact (USD)","Millions USD",0,0,249.92546449998812,499.85092899997625,749.7763934999645,999.7018579999525,999.7018579999527,749.7763934999645,499.85092899997625,249.92546449998818,0,0,0,0,0,0,0,0,0,0
,,,,,,,,,,,,,,,,,,,,,
,,,,,,,,,,,,,,,,,,,,,
Assumptions,,,,,,,,,,,,,,,,,,,,,
,,"Exchange Rate (GEL/USD)",2.746,,,,,,,,,,,,,,,,,,
,,"Demand Multiplier",1,,,,,,,,,,,,,,,,,,
,,"Import Content Share",0.23099857076926722,,,,,,,,,,,,,,,,,,
,,"Project Duration (years)",8,,,,,,,,,,,,,,,,,,
,,,,,,,,,,,,,,,,,,,,,
,,,,,,,,,,,,,,,,,,,,,
"Scenario 3: Import Content Share = 0.5",,,,,,,,,,,,,,,,,,,,,
Variable,Unit,2024,2025,2026,2027,2028,2029,2030,2031,2032,2033,2034,2035,2036,2037,2038,2039,2040,2041,2042,2043
"Baseline Nominal GDP","Millions GEL",93022.28,106244.68470416286,119195.8211593352,133344.7052309905,149173.10221279666,166880.3750793232,186689.5517590609,208850.13423197565,233641.24107495605,261375.12303637344,292401.095919372,327109.940309628,365938.823563347,409376.8060492809,457971.0009973824,512333.46553907153,573148.9097336434,641183.3206781063,717293.610323466,802438.4085143289
"Baseline Real GDP","Millions GEL",67660,72531.52,76375.69056,80194.475088,84204.19884240002,88414.40878452003,92835.12922374603,97476.88568493334,102350.72996918001,107468.26646763903,112841.67979102099,118483.76378057204,124407.95196960065,130628.34956808068,137159.76704648472,144017.75539880895,151218.6431687494,158779.57532718687,166718.55409354623,175054.48179822354
"Real GDP Growth Rate",%,9.4,7.2,5.3,5,5,5,5,5,5,5,5,5,5,5,5,5,5,5,5,5
"GDP Deflator","Index (2019=100)",137.4848950635531,146.48070894441872,156.06513052172815,166.27667315568436,177.15637018528622,188.74793981378895,201.09796078283279,214.2560595411563,228.2751096599999,243.21144429651616,259.1250825589348,276.0799706830926,294.1442389894538,313.3904756531602,333.8960183872081,355.7432652108315,379.02000555186135,403.81977301353845,430.24222122331423,458.3935242739224
,,,,,,,,,,,,,,,,,,,,,
"Investment Shock Analysis",,,,,,,,,,,,,,,,,,,,,
"Total Investment","Billions USD",6.5,,,,,,,,,,,,,,,,,,,
"Total Investment","Millions GEL",17849,,,,,,,,,,,,,,,,,,,
"Project Allocation",%,0,0,0.05,0.1,0.15,0.2,0.2,0.15,0.1,0.05,0,0,0,0,0,0,0,0,0,0
"Annual Investment Spending (nominal)","Millions GEL",0,0,892.45,1784.9,2677.35,3569.8,3569.8,2677.35,1784.9,892.45,0,0,0,0,0,0,0,0,0,0
"Investment Deflator","Index (2019=100)",137.4848950635531,146.48070894441872,156.06513052172815,166.27667315568436,177.15637018528622,188.74793981378895,201.09796078283279,214.2560595411563,228.2751096599999,243.21144429651616,259.1250825589348,276.0799706830926,294.1442389894538,313.3904756531602,333.8960183872081,355.7432652108315,379.02000555186135,403.81977301353845,430.24222122331423,458.3935242739224
"Annual Investment Spending (real)","Millions GEL",0,0,571.8445863060671,1073.451835501185,1511.2919717195516,1891.3054116096948,1775.1547485133647,1249.6029310600243,781.9074110438435,366.9440813450997,0,0,0,0,0,0,0,0,0,0
"Import Leakage (nominal)","Millions GEL",0,0,446.225,892.45,1338.675,1784.9,1784.9,1338.675,892.45,446.225,0,0,0,0,0,0,0,0,0,0
"Import Leakage (real)","Millions GEL",0,0,285.92229315303354,536.7259177505925,755.6459858597758,945.6527058048474,887.5773742566823,624.8014655300121,390.95370552192173,183.47204067254984,0,0,0,0,0,0,0,0,0,0
"Net Domestic Investment (nominal)","Millions GEL",0,0,446.225,892.45,1338.675,1784.9,1784.9,1338.675,892.45,446.225,0,0,0,0,0,0,0,0,0,0
"Net Domestic Investment (real)","Millions GEL",0,0,285.92229315303354,536.7259177505925,755.6459858597758,945.6527058048474,887.5773742566823,624.8014655300121,390.95370552192173,183.47204067254984,0,0,0,0,0,0,0,0,0,0
"GDP Impact (real, with multiplier)","Millions GEL",0,0,228.73783452242685,429.3807342004741,604.5167886878206,756.522164643878,710.0618994053459,499.84117242400976,312.76296441753743,146.77763253803988,0,0,0,0,0,0,0,0,0,0
"GDP Impact (% of Baseline GDP)",%,0,0,0.29949036512178256,0.5354243340695236,0.7179176299975951,0.8556548361790699,0.7648633715950289,0.5127791772498825,0.3055796128779121,0.13657764972159267,0,0,0,0,0,0,0,0,0,0
"New Real GDP (with shock)","Millions GEL",67660,72531.52,76604.42839452243,80623.85582220048,84808.71563108783,89170.9309491639,93545.19112315138,97976.72685735735,102663.49293359755,107615.04410017707,112841.67979102099,118483.76378057204,124407.95196960065,130628.34956808068,137159.76704648472,144017.75539880895,151218.6431687494,158779.57532718687,166718.55409354623,175054.48179822354
"New Real GDP Growth Rate",%,,7.200000000000006,5.615363354473235,5.246990953287312,5.19059745556727,5.143593185694972,4.905477746420783,4.73732073343236,4.783550366061506,4.823088544028176,4.856789061925704,5.000000000000004,5.000000000000004,5.000000000000004,5.000000000000004,5.000000000000004,5.000000000000004,5.000000000000004,5.000000000000004,5.000000000000004
"GDP Impact (nominal, with multiplier)","Millions GEL",0,0,356.98,713.9600000000002,1070.94,1427.9200000000003,1427.92,1070.94,713.9600000000002,356.9800000000001,0,0,0,0,0,0,0,0,0,0
"New Nominal GDP (with shock)","Millions GEL",93022.28,106244.68470416286,119552.8011593352,134058.6652309905,150244.04221279666,168308.2950793232,188117.47175906092,209921.07423197565,234355.20107495604,261732.10303637345,292401.095919372,327109.940309628,365938.823563347,409376.8060492809,457971.0009973824,512333.46553907153,573148.9097336434,641183.3206781063,717293.610323466,802438.4085143289
"GDP Impact (USD)","Millions USD",0,0,130,260.00000000000006,390,520.0000000000001,520,390,260.00000000000006,130.00000000000003,0,0,0,0,0,0,0,0,0,0
,,,,,,,,,,,,,,,,,,,,,
,,,,,,,,,,,,,,,,,,,,,
Assumptions,,,,,,,,,,,,,,,,,,,,,
,,"Exchange Rate (GEL/USD)",2.746,,,,,,,,,,,,,,,,,,
,,"Demand Multiplier",0.8,,,,,,,,,,,,,,,,,,
,,"Import Content Share",0.5,,,,,,,,,,,,,,,,,,
,,"Project Duration (years)",8,,,,,,,,,,,,,,,,,,
