"Georgia - WEO Data (IMF October 2024)",,,,,,,,,,,,,,,,,,,,,,,,,
Indicator,Unit,2020,2021,2022,2023,2024,2025,2026,2027,2028,2029,2030,2031,2032,2033,2034,2035,2036,2037,2038,2039,2040,2041,2042,2043
"Real GDP Growth Rate","% change",-6.3,10.6,11,7.8,9.4,7.2,5.3,5,5,5,5,5,5,5,5,5,5,5,5,5,5,5,5,5
"Nominal GDP (USD)","Billions USD",16.01,18.85,24.98,30.78,33.77,37.4,40.18,42.41,44.72,47.2,49.8,,,,,,,,,,,,,
"Nominal GDP (GEL)","Millions GEL",49788.54,60724.14,72860.06,80882.76,93022.28,,,,,,,,,,,,,,,,,,,
"Real GDP (GEL, constant 2019 prices)","Millions GEL",46597.88,51557.76,57208.25,61688.65,67660,72531.52,76375.69056,80194.475088,84204.19884240002,88414.40878452003,92835.12922374603,97476.88568493334,102350.72996918001,107468.26646763903,112841.67979102099,118483.76378057204,124407.95196960065,130628.34956808068,137159.76704648472,144017.75539880895,151218.6431687494,158779.57532718687,166718.55409354623,175054.48179822354
"GDP Deflator","Index (2019=100)",106.8472213757364,117.7788561799426,127.3593581345348,131.1144918878918,137.4848950635531,146.48070894441872,156.06513052172815,166.27667315568436,177.15637018528622,188.74793981378895,201.09796078283279,214.2560595411563,228.2751096599999,243.21144429651616,259.1250825589348,276.0799706830926,294.1442389894538,313.3904756531602,333.8960183872081,355.7432652108315,379.02000555186135,403.81977301353845,430.24222122331423,458.3935242739224
"GDP Deflator Growth Rate","% change",6.847221375736412,10.231089459747643,8.134313972242268,2.9484553065902697,4.858656799820604,6.543128884600196,6.543128884600196,6.543128884600196,6.543128884600196,6.543128884600196,6.543128884600196,6.543128884600196,6.543128884600196,6.543128884600196,6.543128884600196,6.543128884600196,6.543128884600196,6.543128884600196,6.543128884600196,6.543128884600196,6.543128884600196,6.543128884600196,6.543128884600196,6.543128884600196
"Avg Deflator Growth Rate (2021-2024)","% change",6.543128884600196,,,,,,,,,,,,,,,,,,,,,,,
"Nominal GDP (GEL, projected)","Millions GEL",49788.54,60724.14,72860.06,80882.76,93022.28,106244.68470416286,119195.8211593352,133344.7052309905,149173.10221279666,166880.3750793232,186689.5517590609,208850.13423197565,233641.24107495605,261375.12303637344,292401.095919372,327109.940309628,365938.823563347,409376.8060492809,457971.0009973824,512333.46553907153,573148.9097336434,641183.3206781063,717293.610323466,802438.4085143289
