"Investment Spending Shock - Demand Side Analysis (Georgia)",,,,,,,,,,,,,,,,,,,,,
"Scenario 1: Base Case",,,,,,,,,,,,,,,,,,,,,
,Description,2024,2025,2026,2027,2028,2029,2030,2031,2032,2033,2034,2035,2036,2037,2038,2039,2040,2041,2042,2043
4,"Nominal GDP",89.8,98.569,107.12,116.412,126.511,137.486,149.413049130865,162.374529261428,176.460408955164,191.768229107473,208.403992219922,226.482896438808,246.130133271067,267.481754501496,290.685614314455,315.902393143976,343.306710342179,373.088333370914,405.453491889943,440.626305841395
5,"Real GDP",66.128,70.08,73.584,77.263,81.126,85.183,89.44215,93.9142575,98.609970375,103.54046889375,108.717492338438,114.153366955359,119.861035303127,125.854087068284,132.146791421698,138.754130992783,145.691837542422,152.976429419543,160.62525089052,168.656513435046
6,"Real GDP Growth Rate",0.07554,0.05976,0.05,0.05,0.05,0.05,0.05,0.05,0.05,0.05,0.05,0.05,0.05,0.05,0.05,0.05,0.05,0.05,0.05,0.05
7,"GDP Deflator",135.797,140.652,145.575,150.67,155.943,161.401,167.049930184891,172.896569257792,178.94783690139,185.210894982772,191.693156029722,198.402292003683,205.346243379765,212.533228544553,219.971753522822,227.670622044692,235.638945965121,243.886156048071,252.422013128119,261.256619662715
,,,,,,,,,,,,,,,,,,,,,
,"INVESTMENT PROJECT",,,,,,,,,,,,,,,,,,,,
10,"Total Investment (USD)",6.5,,,,,,,,,,,,,,,,,,,
11,"Investment Duration",8,,,,,,,,,,,,,,,,,,,
12,"Investment Allocation (bell shape)",0,0,0.05,0.1,0.15,0.2,0.2,0.15,0.1,0.05,0,0,0,0,0,0,0,0,0,0
13,"Annual Investment (USD)",0,0,0.325,0.65,0.975,1.3,1.3,0.975,0.65,0.325,0,0,0,0,0,0,0,0,0,0
14,"Annual Investment (GEL, nominal)",0,0,0.89245,1.7849,2.67735,3.5698,3.5698,2.67735,1.7849,0.89245,0,0,0,0,0,0,0,0,0,0
15,"Investment Deflator (=GDP Deflator)",135.797,140.652,145.575,150.67,155.943,161.401,167.049930184891,172.896569257792,178.94783690139,185.210894982772,191.693156029722,198.402292003683,205.346243379765,212.533228544553,219.971753522822,227.670622044692,235.638945965121,243.886156048071,252.422013128119,261.256619662715
16,"Annual Investment (GEL, real)",0,0,0.61305169156792,1.1846419327006,1.71687732055944,2.2117582914604,2.13696587364565,1.54852696701461,0.997441506366785,0.481856102516547,0,0,0,0,0,0,0,0,0,0
,,,,,,,,,,,,,,,,,,,,,
18,"Domestic Demand Impact Factor",0.603463220494481,,,,,,,,,,,,,,,,,,,
,,,,,,,,,,,,,,,,,,,,,
,RESULTS,,,,,,,,,,,,,,,,,,,,
21,"Investment Shock (real)",0,0,0.369954148123167,0.714887835840313,1.03607231705873,1.33471478152006,1.28958030819701,0.934479070537189,0.601919263686967,0.290782435439554,0,0,0,0,0,0,0,0,0,0
22,"Real GDP with Shock",66.128,70.08,73.9539541481232,77.9778878358403,82.1620723170587,86.5177147815201,90.731730308197,94.8487365705372,99.211889638687,103.83125132919,108.717492338438,114.153366955359,119.861035303127,125.854087068284,132.146791421698,138.754130992783,145.691837542422,152.976429419543,160.62525089052,168.656513435046
23,"Real GDP Growth with Shock",0.07554,0.0597628841035567,0.0552790260862326,0.0544113392457362,0.0536586024236383,0.0530128116493112,0.0487069675536211,0.0453755951567945,0.0460011722444502,0.0465605655463828,0.0470594444995802,0.05,0.05,0.05,0.05,0.05,0.05,0.05,0.05,0.05
24,"Shock Impact on Growth (pp)",0,2.88410355667873E-06,0.00527902608623258,0.00441133924573615,0.00365860242363829,0.00301281164931115,-0.00129303244637886,-0.00462440484320555,-0.00399882775554979,-0.00343943445361723,-0.00294055550041979,0,0,0,0,0,0,0,0,0
25,"Investment Shock as % of GDP",0,0,0.00502764389164991,0.00925265438619149,0.0127711500266096,0.0156687928520957,0.0144180378959697,0.00995034295551119,0.00610404060966605,0.00280839403709815,0,0,0,0,0,0,0,0,0,0
,,,,,,,,,,,,,,,,,,,,,
,,,,,,,,,,,,,,,,,,,,,
,,,,,,,,,,,,,,,,,,,,,
,ASSUMPTIONS,,,,,,,,,,,,,,,,,,,,
30,"Exchange Rate (Lari/USD)",GEL/USD,2.746,,,,,,,,,,,,,,,,,,
31,"Demand Multiplier",ratio,0.8,,,,,,,,,,,,,,,,,,
32,"Import Content Share",%,0.245670974381899,,,,,,,,,,,,,,,,,,
33,"Project Allocation",shape,"Bell shape",,,,,,,,,,,,,,,,,,
,,,,,,,,,,,,,,,,,,,,,
,,,,,,,,,,,,,,,,,,,,,
,"Scenario 2: Higher Demand Multiplier (= 1.0)",,,,,,,,,,,,,,,,,,,,
,Description,2024,2025,2026,2027,2028,2029,2030,2031,2032,2033,2034,2035,2036,2037,2038,2039,2040,2041,2042,2043
,"Nominal GDP",89.8,98.569,107.12,116.412,126.511,137.486,149.413049130865,162.374529261428,176.460408955164,191.768229107473,208.403992219922,226.482896438808,246.130133271067,267.481754501496,290.685614314455,315.902393143976,343.306710342179,373.088333370914,405.453491889943,440.626305841395
,"Real GDP",66.128,70.08,73.584,77.263,81.126,85.183,89.44215,93.9142575,98.609970375,103.54046889375,108.717492338438,114.153366955359,119.861035303127,125.854087068284,132.146791421698,138.754130992783,145.691837542422,152.976429419543,160.62525089052,168.656513435046
,"Real GDP Growth Rate",0.07554,0.05976,0.05,0.05,0.05,0.05,0.05,0.05,0.05,0.05,0.05,0.05,0.05,0.05,0.05,0.05,0.05,0.05,0.05,0.05
,"GDP Deflator",135.797,140.652,145.575,150.67,155.943,161.401,167.049930184891,172.896569257792,178.94783690139,185.210894982772,191.693156029722,198.402292003683,205.346243379765,212.533228544553,219.971753522822,227.670622044692,235.638945965121,243.886156048071,252.422013128119,261.256619662715
,,,,,,,,,,,,,,,,,,,,,
,"INVESTMENT PROJECT",,,,,,,,,,,,,,,,,,,,
,"Total Investment (USD)",6.5,,,,,,,,,,,,,,,,,,,
,"Investment Allocation (bell shape)",0,0,0.05,0.1,0.15,0.2,0.2,0.15,0.1,0.05,0,0,0,0,0,0,0,0,0,0
,"Annual Investment (USD)",0,0,0,0,0,0,0,0,0,0,0,0,0,0,0,0,0,0,0,0
,"Annual Investment (GEL, nominal)",0,0,0,0,0,0,0,0,0,0,0,0,0,0,0,0,0,0,0,0
,"Investment Deflator (=GDP Deflator)",135.797,140.652,145.575,150.67,155.943,161.401,167.049930184891,172.896569257792,178.94783690139,185.210894982772,191.693156029722,198.402292003683,205.346243379765,212.533228544553,219.971753522822,227.670622044692,235.638945965121,243.886156048071,252.422013128119,261.256619662715
,"Annual Investment (GEL, real)",0,0,0,0,0,0,0,0,0,0,0,0,0,0,0,0,0,0,0,0
,,,,,,,,,,,,,,,,,,,,,
,ASSUMPTIONS,,,,,,,,,,,,,,,,,,,,
,"Demand Multiplier",,1,,,,,,,,,,,,,,,,,,
,"Import Content Share",,0.245670974381899,,,,,,,,,,,,,,,,,,
,"Domestic Demand Impact Factor",,0.754329025618101,,,,,,,,,,,,,,,,,,
,,,,,,,,,,,,,,,,,,,,,
,RESULTS,,,,,,,,,,,,,,,,,,,,
,"Investment Shock (real)",0,0,0,0,0,0,0,0,0,0,0,0,0,0,0,0,0,0,0,0
,"Real GDP with Shock",66.128,70.08,73.584,77.263,81.126,85.183,89.44215,93.9142575,98.609970375,103.54046889375,108.717492338438,114.153366955359,119.861035303127,125.854087068284,132.146791421698,138.754130992783,145.691837542422,152.976429419543,160.62525089052,168.656513435046
,"Real GDP Growth with Shock",0.07554,0.0597628841035567,0.05,0.0499972820178301,0.0499980585791389,0.0500086285531149,0.05,0.05,0.05,0.05,0.05,0.05,0.05,0.05,0.05,0.05,0.05,0.05,0.05,0.05
,"Shock Impact on Growth (pp)",0,2.88410355667873E-06,0,-2.71798216995578E-06,-1.94142086114291E-06,8.62855311493938E-06,0,0,0,0,0,0,0,0,0,0,0,0,0,0
,"Investment Shock as % of GDP",0,0,0,0,0,0,0,0,0,0,0,0,0,0,0,0,0,0,0,0
,,,,,,,,,,,,,,,,,,,,,
,,,,,,,,,,,,,,,,,,,,,
,"Scenario 3: Higher Import Content (= 50%)",,,,,,,,,,,,,,,,,,,,
,Description,2024,2025,2026,2027,2028,2029,2030,2031,2032,2033,2034,2035,2036,2037,2038,2039,2040,2041,2042,2043
,"Nominal GDP",89.8,98.569,107.12,116.412,126.511,137.486,149.413049130865,162.374529261428,176.460408955164,191.768229107473,208.403992219922,226.482896438808,246.130133271067,267.481754501496,290.685614314455,315.902393143976,343.306710342179,373.088333370914,405.453491889943,440.626305841395
,"Real GDP",66.128,70.08,73.584,77.263,81.126,85.183,89.44215,93.9142575,98.609970375,103.54046889375,108.717492338438,114.153366955359,119.861035303127,125.854087068284,132.146791421698,138.754130992783,145.691837542422,152.976429419543,160.62525089052,168.656513435046
,"Real GDP Growth Rate",0.07554,0.05976,0.05,0.05,0.05,0.05,0.05,0.05,0.05,0.05,0.05,0.05,0.05,0.05,0.05,0.05,0.05,0.05,0.05,0.05
,"GDP Deflator",135.797,140.652,145.575,150.67,155.943,161.401,167.049930184891,172.896569257792,178.94783690139,185.210894982772,191.693156029722,198.402292003683,205.346243379765,212.533228544553,219.971753522822,227.670622044692,235.638945965121,243.886156048071,252.422013128119,261.256619662715
,,,,,,,,,,,,,,,,,,,,,
,"INVESTMENT PROJECT",,,,,,,,,,,,,,,,,,,,
,"Total Investment (USD)",6.5,,,,,,,,,,,,,,,,,,,
,"Investment Allocation (bell shape)",0,0,0.05,0.1,0.15,0.2,0.2,0.15,0.1,0.05,0,0,0,0,0,0,0,0,0,0
,"Annual Investment (USD)",0,0,0,0,0,0,0,0,0,0,0,0,0,0,0,0,0,0,0,0
,"Annual Investment (GEL, nominal)",0,0,0,0,0,0,0,0,0,0,0,0,0,0,0,0,0,0,0,0
,"Investment Deflator (=GDP Deflator)",135.797,140.652,145.575,150.67,155.943,161.401,167.049930184891,172.896569257792,178.94783690139,185.210894982772,191.693156029722,198.402292003683,205.346243379765,212.533228544553,219.971753522822,227.670622044692,235.638945965121,243.886156048071,252.422013128119,261.256619662715
,"Annual Investment (GEL, real)",0,0,0,0,0,0,0,0,0,0,0,0,0,0,0,0,0,0,0,0
,,,,,,,,,,,,,,,,,,,,,
,ASSUMPTIONS,,,,,,,,,,,,,,,,,,,,
,"Demand Multiplier",,0.8,,,,,,,,,,,,,,,,,,
,"Import Content Share",,0.5,,,,,,,,,,,,,,,,,,
,"Domestic Demand Impact Factor",,0.4,,,,,,,,,,,,,,,,,,
,,,,,,,,,,,,,,,,,,,,,
,RESULTS,,,,,,,,,,,,,,,,,,,,
,"Investment Shock (real)",0,0,0,0,0,0,0,0,0,0,0,0,0,0,0,0,0,0,0,0
,"Real GDP with Shock",66.128,70.08,73.584,77.263,81.126,85.183,89.44215,93.9142575,98.609970375,103.54046889375,108.717492338438,114.153366955359,119.861035303127,125.854087068284,132.146791421698,138.754130992783,145.691837542422,152.976429419543,160.62525089052,168.656513435046
,"Real GDP Growth with Shock",0.07554,0.0597628841035567,0.05,0.0499972820178301,0.0499980585791389,0.0500086285531149,0.05,0.05,0.05,0.05,0.05,0.05,0.05,0.05,0.05,0.05,0.05,0.05,0.05,0.05
,"Shock Impact on Growth (pp)",0,2.88410355667873E-06,0,-2.71798216995578E-06,-1.94142086114291E-06,8.62855311493938E-06,0,0,0,0,0,0,0,0,0,0,0,0,0,0
,"Investment Shock as % of GDP",0,0,0,0,0,0,0,0,0,0,0,0,0,0,0,0,0,0,0,0
