"Georgia - WEO Data (October 2024)",,,,,,,,,,,,,,,,,,,,,,,,
,,,,,,,,,,,,,,,,,,,,,,,,
,2020,2021,2022,2023,2024,2025,2026,2027,2028,2029,2030,2031,2032,2033,2034,2035,2036,2037,2038,2039,2040,2041,2042,2043
"Real GDP Growth Rate (%)",-6.291,10.644,10.96,7.474,7.554,5.976,5,5,5,5,5,5,5,5,5,5,5,5,5,5,5,5,5,5
"Nominal GDP (bil. GEL)",49.789,60.724,72.86,80.246,89.8,98.569,107.12,116.412,126.511,137.486,149.41281675125848,162.37427672304923,176.46013450925255,191.76793085356604,208.40366809269213,226.48254419376156,246.1297504690027,267.4813384916143,290.6851622159995,315.90190182628766,343.3061764030168,373.08775311289276,405.4528612949349,440.6256205426991
"Nominal GDP (bil. USD)",16.013,18.849,24.985,30.536,33.191,35.908,38.602,41.502,44.235,47.409,54.41107674845538,59.13120055464284,64.26079188246634,69.8353717602207,75.89354264118431,82.47725571513531,89.63210140895946,97.40762508798773,105.85767014420959,115.04075084715501,125.02045753933606,135.8658969821168,147.6521709012873,160.4608960461395
"GDP Deflator (Index)",106.847,117.779,127.359,130.515,135.797,140.652,145.575,150.67,155.943,161.401,167.04993018489068,172.89656925779175,178.94783690138988,185.21089498277198,191.69315602972208,198.4022920036829,205.34624337976544,212.5332285445529,219.9717535228219,227.67062204469227,235.63894596512085,243.88615604807072,252.42201312811918,261.25661966271497
"GDP Deflator Growth Rate (%)",,0.1023145245070054,0.08133877855984517,0.024780345323063058,0.040470444010267004,0.035751894371746085,0.03500127975428713,0.03499914133608106,0.03499701334041294,0.03499996793700255,0.03499935059194592,0.03499935059194592,0.03499935059194592,0.03499935059194592,0.03499935059194592,0.03499935059194592,0.03499935059194592,0.03499935059194592,0.03499935059194592,0.03499935059194592,0.03499935059194592,0.03499935059194592,0.03499935059194592,0.03499935059194592
"Real GDP (bil. GEL, implied)",46.59840706805058,51.55757817607552,57.20836375913756,61.48412059916485,66.12811770510393,70.08005574040897,73.58406319766443,77.26289241388466,81.12643722385742,85.1828675163103,89.44201089212581,93.9141114367321,98.60981700856871,103.54030785899715,108.71732325194702,114.15318941454437,119.8608488852716,125.85389132953517,132.14658589601194,138.75391519081253,145.69161095035318,152.97619149787084,160.6250010727644,168.65625112640262
"Average Deflator Growth (recent 4 yrs)",0.03499935059194592,,,,,,,,,,,,,,,,,,,,,,,
