"Scenario 1: Baseline (Demand Multiplier = 0.8, SUT Import Content)",,,,,,,,,,,,,,,,,,,,,
,Variable,,,,,,,,,,,,,,,,,,,,
,,2024,2025,2026,2027,2028,2029,2030,2031,2032,2033,2034,2035,2036,2037,2038,2039,2040,2041,2042,2043
1,"Nominal GDP (bil. GEL)",89.8,98.569,107.12,116.412,126.511,137.486,149.41281675125848,162.37427672304923,176.46013450925255,191.76793085356604,208.40366809269213,226.48254419376156,246.1297504690027,267.4813384916143,290.6851622159995,315.90190182628766,343.3061764030168,373.08775311289276,405.4528612949349,440.6256205426991
2,"Real GDP (bil. GEL)",66.12811770510393,70.08005574040897,73.58406319766443,77.26289241388466,81.12643722385742,85.1828675163103,89.44201089212581,93.9141114367321,98.60981700856871,103.54030785899715,108.71732325194702,114.15318941454437,119.8608488852716,125.85389132953517,132.14658589601194,138.75391519081253,145.69161095035318,152.97619149787084,160.6250010727644,168.65625112640262
3,"Real GDP Growth Rate (%)",7.554,5.976,5,5,5,5,5,5,5,5,5,5,5,5,5,5,5,5,5,5
4,"GDP Deflator (Index)",135.797,140.652,145.575,150.67,155.943,161.401,167.04993018489068,172.89656925779175,178.94783690138988,185.21089498277198,191.69315602972208,198.4022920036829,205.34624337976544,212.5332285445529,219.9717535228219,227.67062204469227,235.63894596512085,243.88615604807072,252.42201312811918,261.25661966271497
5,"Total Investment (bil. USD)",6.5,,,,,,,,,,,,,,,,,,,
6,"Allocation Share (%)",0,0,0.05,0.1,0.15,0.2,0.2,0.15,0.1,0.05,0,0,0,0,0,0,0,0,0,0
7,"Investment per Year (bil. USD)",0,0,0.325,0.65,0.975,1.3,1.3,0.975,0.65,0.325,0,0,0,0,0,0,0,0,0,0
8,"Investment per Year (bil. GEL, nominal)",0,0,0.8924500000000001,1.7849000000000002,2.67735,3.5698000000000003,3.5698000000000003,2.67735,1.7849000000000002,0.8924500000000001,0,0,0,0,0,0,0,0,0,0
9,"Investment per Year (bil. GEL, real)",0,0,0.8325058055984889,1.6087082053494395,2.331467895000096,3.0035014070544794,2.901935547434585,2.1028531653968323,1.3544956424009027,0.6543461315343955,0,0,0,0,0,0,0,0,0,0
10,"Domestic Demand Impact (bil. GEL, nominal)",0,0,0.549036260413574,1.098072520827148,1.6471087812407221,2.196145041654296,2.196145041654296,1.6471087812407221,1.098072520827148,0.549036260413574,0,0,0,0,0,0,0,0,0,0
11,"Domestic Demand Impact (bil. GEL, real)",0,0,0.5121585234784964,0.989679127303141,1.4343217147685137,1.8477574997771293,1.785274066810132,1.2936776717220277,0.8332872679144749,0.402554488289241,0,0,0,0,0,0,0,0,0,0
12,"Impact as % of Nominal GDP",0,0,0.5125431855989302,0.9432640284739958,1.3019490646985024,1.5973590341229624,1.469850505067731,1.0143902189939134,0.6222779575006905,0.2863024375190334,0,0,0,0,0,0,0,0,0,0
13,"Impact as % of Real GDP",0,0,0.6960182697477793,1.2809242527468323,1.768007771388625,2.1691656475679597,1.9960128903668262,1.3775114856871646,0.8450347979472129,0.3887901210777219,0,0,0,0,0,0,0,0,0,0
14,"New Nominal GDP (bil. GEL)",89.8,98.569,107.66903626041358,117.51007252082715,128.1581087812407,139.68214504165428,151.60896179291277,164.02138550428995,177.5582070300797,192.31696711397962,208.40366809269213,226.48254419376156,246.1297504690027,267.4813384916143,290.6851622159995,315.90190182628766,343.3061764030168,373.08775311289276,405.4528612949349,440.6256205426991
15,"New Real GDP (bil. GEL)",66.12811770510393,70.08005574040897,74.09622172114292,78.25257154118779,82.56075893862594,87.03062501608743,91.22728495893594,95.20778910845412,99.44310427648318,103.9428623472864,108.71732325194702,114.15318941454437,119.8608488852716,125.85389132953517,132.14658589601194,138.75391519081253,145.69161095035318,152.97619149787084,160.6250010727644,168.65625112640262
16,"New Real GDP Growth Rate (%)",7.554,5.976184068823143,5.73082589376166,5.609395085875035,5.505489867729851,5.4140322047963485,4.822049642953585,4.363282488687381,4.44849650190331,4.524957364859072,4.593351382520661,5.000000000000004,5.000000000000004,5.000000000000004,5.000000000000004,5.000000000000004,5.000000000000004,5.000000000000004,5.000000000000004,5.000000000000004
,,,,,,,,,,,,,,,,,,,,,
17,"Baseline Real GDP Growth (%)",7.554,5.976,5,5,5,5,5,5,5,5,5,5,5,5,5,5,5,5,5,5
18,"Growth Difference (pp)",0,0.00018406882314270234,0.7308258937616596,0.6093950858750352,0.5054898677298514,0.4140322047963485,-0.1779503570464147,-0.6367175113126189,-0.5515034980966904,-0.4750426351409276,-0.40664861747933934,4.440892098500626E-15,4.440892098500626E-15,4.440892098500626E-15,4.440892098500626E-15,4.440892098500626E-15,4.440892098500626E-15,4.440892098500626E-15,4.440892098500626E-15,4.440892098500626E-15
,,,,,,,,,,,,,,,,,,,,,
,,,,,,,,,,,,,,,,,,,,,
,,,,,,,,,,,,,,,,,,,,,
,,,,,,,,,,,,,,,,,,,,,
,,,,,,,,,,,,,,,,,,,,,
,,,,,,,,,,,,,,,,,,,,,
Assumptions,,,,,,,,,,,,,,,,,,,,,
,,"Exchange Rate (GEL/USD)",2.746,,,,,,,,,,,,,,,,,,
,,"Demand Multiplier",0.8,,,,,,,,,,,,,,,,,,
,,"Import Content Share",0.23099857076926722,,,,,,,,,,,,,,,,,,
,,"Project Allocation","Bell Shape",,,,,,,,,,,,,,,,,,
,,,,,,,,,,,,,,,,,,,,,
,,,,,,,,,,,,,,,,,,,,,
"Scenario 2: Demand Multiplier = 1.0 (SUT Import Content)",,,,,,,,,,,,,,,,,,,,,
,,,,,,,,,,,,,,,,,,,,,
,Variable,2024,2025,2026,2027,2028,2029,2030,2031,2032,2033,2034,2035,2036,2037,2038,2039,2040,2041,2042,2043
1,"Nominal GDP (bil. GEL)",89.8,98.569,107.12,116.412,126.511,137.486,149.41281675125848,162.37427672304923,176.46013450925255,191.76793085356604,208.40366809269213,226.48254419376156,246.1297504690027,267.4813384916143,290.6851622159995,315.90190182628766,343.3061764030168,373.08775311289276,405.4528612949349,440.6256205426991
2,"Real GDP (bil. GEL)",66.12811770510393,70.08005574040897,73.58406319766443,77.26289241388466,81.12643722385742,85.1828675163103,89.44201089212581,93.9141114367321,98.60981700856871,103.54030785899715,108.71732325194702,114.15318941454437,119.8608488852716,125.85389132953517,132.14658589601194,138.75391519081253,145.69161095035318,152.97619149787084,160.6250010727644,168.65625112640262
3,"Real GDP Growth Rate (%)",7.554,5.976,5,5,5,5,5,5,5,5,5,5,5,5,5,5,5,5,5,5
4,"GDP Deflator (Index)",135.797,140.652,145.575,150.67,155.943,161.401,167.04993018489068,172.89656925779175,178.94783690138988,185.21089498277198,191.69315602972208,198.4022920036829,205.34624337976544,212.5332285445529,219.9717535228219,227.67062204469227,235.63894596512085,243.88615604807072,252.42201312811918,261.25661966271497
5,"Total Investment (bil. USD)",6.5,,,,,,,,,,,,,,,,,,,
6,"Allocation Share (%)",0,0,0.05,0.1,0.15,0.2,0.2,0.15,0.1,0.05,0,0,0,0,0,0,0,0,0,0
7,"Investment per Year (bil. USD)",0,0,0.325,0.65,0.975,1.3,1.3,0.975,0.65,0.325,0,0,0,0,0,0,0,0,0,0
8,"Investment per Year (bil. GEL, nominal)",0,0,0.8924500000000001,1.7849000000000002,2.67735,3.5698000000000003,3.5698000000000003,2.67735,1.7849000000000002,0.8924500000000001,0,0,0,0,0,0,0,0,0,0
9,"Investment per Year (bil. GEL, real)",0,0,0.8325058055984889,1.6087082053494395,2.331467895000096,3.0035014070544794,2.901935547434585,2.1028531653968323,1.3544956424009027,0.6543461315343955,0,0,0,0,0,0,0,0,0,0
10,"Domestic Demand Impact (bil. GEL, nominal)",0,0,0.6862953255169675,1.372590651033935,2.0588859765509024,2.74518130206787,2.74518130206787,2.0588859765509024,1.372590651033935,0.6862953255169675,0,0,0,0,0,0,0,0,0,0
11,"Domestic Demand Impact (bil. GEL, real)",0,0,0.6401981543481206,1.2370989091289262,1.792902143460642,2.3096968747214115,2.231592583512665,1.6170970896525345,1.0416090848930937,0.5031931103615512,0,0,0,0,0,0,0,0,0,0
12,"Impact as % of Nominal GDP",0,0,0.6406789819986627,1.1790800355924946,1.6274363308731277,1.996698792653703,1.8373131313346638,1.2679877737423917,0.7778474468758632,0.35787804689879166,0,0,0,0,0,0,0,0,0,0
13,"Impact as % of Real GDP",0,0,0.8700228371847242,1.6011553159335403,2.2100097142357815,2.711457059459949,2.495016112958533,1.7218893571089557,1.056293497434016,0.4859876513471523,0,0,0,0,0,0,0,0,0,0
14,"New Nominal GDP (bil. GEL)",89.8,98.569,107.80629532551697,117.78459065103394,128.5698859765509,140.23118130206785,152.15799805332634,164.43316269960013,177.8327251602865,192.454226179083,208.40366809269213,226.48254419376156,246.1297504690027,267.4813384916143,290.6851622159995,315.90190182628766,343.3061764030168,373.08775311289276,405.4528612949349,440.6256205426991
15,"New Real GDP (bil. GEL)",66.12811770510393,70.08005574040897,74.22426135201256,78.49999132301359,82.91933936731806,87.4925643910317,91.67360347563847,95.53120852638463,99.65142609346181,104.0435009693587,108.71732325194702,114.15318941454437,119.8608488852716,125.85389132953517,132.14658589601194,138.75391519081253,145.69161095035318,152.97619149787084,160.6250010727644,168.65625112640262
16,"New Real GDP Growth Rate (%)",7.554,5.976184068823143,5.913530701166381,5.760555771276921,5.629743353880934,5.515269487923757,4.778736471730771,4.207977983292954,4.312954510503464,4.407438054903112,4.492180904182352,5.000000000000004,5.000000000000004,5.000000000000004,5.000000000000004,5.000000000000004,5.000000000000004,5.000000000000004,5.000000000000004,5.000000000000004
,,,,,,,,,,,,,,,,,,,,,
17,"Baseline Real GDP Growth (%)",7.554,5.976,5,5,5,5,5,5,5,5,5,5,5,5,5,5,5,5,5,5
18,"Growth Difference (pp)",0,0.00018406882314270234,0.9135307011663807,0.7605557712769206,0.6297433538809338,0.5152694879237574,-0.2212635282692288,-0.7920220167070458,-0.6870454894965361,-0.5925619450968878,-0.5078190958176476,4.440892098500626E-15,4.440892098500626E-15,4.440892098500626E-15,4.440892098500626E-15,4.440892098500626E-15,4.440892098500626E-15,4.440892098500626E-15,4.440892098500626E-15,4.440892098500626E-15
,,,,,,,,,,,,,,,,,,,,,
"Assumptions (Scenario 2)",,"Exchange Rate (GEL/USD)",2.746,,,,,,,,,,,,,,,,,,
,,"Demand Multiplier",1,,,,,,,,,,,,,,,,,,
,,"Import Content Share",0.23099857076926722,,,,,,,,,,,,,,,,,,
,,"Project Allocation","Bell Shape",,,,,,,,,,,,,,,,,,
,,,,,,,,,,,,,,,,,,,,,
,,,,,,,,,,,,,,,,,,,,,
"Scenario 3: Import Content Share = 0.5 (Demand Multiplier = 0.8)",,,,,,,,,,,,,,,,,,,,,
,,,,,,,,,,,,,,,,,,,,,
,Variable,2024,2025,2026,2027,2028,2029,2030,2031,2032,2033,2034,2035,2036,2037,2038,2039,2040,2041,2042,2043
1,"Nominal GDP (bil. GEL)",89.8,98.569,107.12,116.412,126.511,137.486,149.41281675125848,162.37427672304923,176.46013450925255,191.76793085356604,208.40366809269213,226.48254419376156,246.1297504690027,267.4813384916143,290.6851622159995,315.90190182628766,343.3061764030168,373.08775311289276,405.4528612949349,440.6256205426991
2,"Real GDP (bil. GEL)",66.12811770510393,70.08005574040897,73.58406319766443,77.26289241388466,81.12643722385742,85.1828675163103,89.44201089212581,93.9141114367321,98.60981700856871,103.54030785899715,108.71732325194702,114.15318941454437,119.8608488852716,125.85389132953517,132.14658589601194,138.75391519081253,145.69161095035318,152.97619149787084,160.6250010727644,168.65625112640262
3,"Real GDP Growth Rate (%)",7.554,5.976,5,5,5,5,5,5,5,5,5,5,5,5,5,5,5,5,5,5
4,"GDP Deflator (Index)",135.797,140.652,145.575,150.67,155.943,161.401,167.04993018489068,172.89656925779175,178.94783690138988,185.21089498277198,191.69315602972208,198.4022920036829,205.34624337976544,212.5332285445529,219.9717535228219,227.67062204469227,235.63894596512085,243.88615604807072,252.42201312811918,261.25661966271497
5,"Total Investment (bil. USD)",6.5,,,,,,,,,,,,,,,,,,,
6,"Allocation Share (%)",0,0,0.05,0.1,0.15,0.2,0.2,0.15,0.1,0.05,0,0,0,0,0,0,0,0,0,0
7,"Investment per Year (bil. USD)",0,0,0.325,0.65,0.975,1.3,1.3,0.975,0.65,0.325,0,0,0,0,0,0,0,0,0,0
8,"Investment per Year (bil. GEL, nominal)",0,0,0.8924500000000001,1.7849000000000002,2.67735,3.5698000000000003,3.5698000000000003,2.67735,1.7849000000000002,0.8924500000000001,0,0,0,0,0,0,0,0,0,0
9,"Investment per Year (bil. GEL, real)",0,0,0.8325058055984889,1.6087082053494395,2.331467895000096,3.0035014070544794,2.901935547434585,2.1028531653968323,1.3544956424009027,0.6543461315343955,0,0,0,0,0,0,0,0,0,0
10,"Domestic Demand Impact (bil. GEL, nominal)",0,0,0.3569800000000001,0.7139600000000002,1.07094,1.4279200000000003,1.4279200000000003,1.07094,0.7139600000000002,0.3569800000000001,0,0,0,0,0,0,0,0,0,0
11,"Domestic Demand Impact (bil. GEL, real)",0,0,0.3330023222393956,0.6434832821397758,0.9325871580000386,1.2014005628217919,1.1607742189738341,0.841141266158733,0.5417982569603611,0.2617384526137582,0,0,0,0,0,0,0,0,0,0
12,"Impact as % of Nominal GDP",0,0,0.33325242718446607,0.6133044703295194,0.8465192750037546,1.0385930203802571,0.9556877589539006,0.6595502819862469,0.4046013010165558,0.1861520841420508,0,0,0,0,0,0,0,0,0,0
13,"Impact as % of Real GDP",0,0,0.45254679854368945,0.8328490715733774,1.149547779876849,1.4103781638857777,1.297795306026628,0.8956494964288637,0.5494364287414523,0.2527889457023808,0,0,0,0,0,0,0,0,0,0
14,"New Nominal GDP (bil. GEL)",89.8,98.569,107.47698,117.12596,127.58193999999999,138.91392,150.84073675125848,163.44521672304924,177.17409450925254,192.12491085356604,208.40366809269213,226.48254419376156,246.1297504690027,267.4813384916143,290.6851622159995,315.90190182628766,343.3061764030168,373.08775311289276,405.4528612949349,440.6256205426991
15,"New Real GDP (bil. GEL)",66.12811770510393,70.08005574040897,73.91706551990383,77.90637569602443,82.05902438185745,86.38426807913208,90.60278511109964,94.75525270289083,99.15161526552907,103.80204631161091,108.71732325194702,114.15318941454437,119.8608488852716,125.85389132953517,132.14658589601194,138.75391519081253,145.69161095035318,152.97619149787084,160.6250010727644,168.65625112640262
16,"New Real GDP Growth Rate (%)",7.554,5.976184068823143,5.475180832772075,5.397008320150887,5.33030660036844,5.270893396376897,4.883432048186354,4.583156673052957,4.639703274733731,4.6902221750275475,4.735240888778414,5.000000000000004,5.000000000000004,5.000000000000004,5.000000000000004,5.000000000000004,5.000000000000004,5.000000000000004,5.000000000000004,5.000000000000004
,,,,,,,,,,,,,,,,,,,,,
17,"Baseline Real GDP Growth (%)",7.554,5.976,5,5,5,5,5,5,5,5,5,5,5,5,5,5,5,5,5,5
18,"Growth Difference (pp)",0,0.00018406882314270234,0.47518083277207523,0.3970083201508867,0.3303066003684396,0.2708933963768967,-0.11656795181364643,-0.41684332694704285,-0.3602967252662692,-0.30977782497245254,-0.26475911122158635,4.440892098500626E-15,4.440892098500626E-15,4.440892098500626E-15,4.440892098500626E-15,4.440892098500626E-15,4.440892098500626E-15,4.440892098500626E-15,4.440892098500626E-15,4.440892098500626E-15
,,,,,,,,,,,,,,,,,,,,,
"Assumptions (Scenario 3)",,"Exchange Rate (GEL/USD)",2.746,,,,,,,,,,,,,,,,,,
,,"Demand Multiplier",0.8,,,,,,,,,,,,,,,,,,
,,"Import Content Share",0.5,,,,,,,,,,,,,,,,,,
,,"Project Allocation","Bell Shape",,,,,,,,,,,,,,,,,,
