Year,"Real GDP Growth (%)","GDP Deflator Index","Deflator Growth (%)",,"Avg Deflator Growth (2021-2024)","(Fixed Anchor)"
2020,-6.3,100,,,,0.050000000000000044
2021,10.6,105,0.050000000000000044,,,
2022,11,110.25,0.050000000000000044,,,
2023,7.8,115.7625,0.050000000000000044,,,
2024,9.4,121.550625,0.050000000000000044,,,
2025,7.2,127.62815625,0.050000000000000044,,,
2026,5.3,134.0095640625,0.050000000000000044,,,
2027,5,140.71004226562502,0.050000000000000044,,,
2028,5,147.7455443789063,0.050000000000000044,,,
2029,5,155.1328215978516,0.050000000000000044,,,
2030,5,162.88946267774418,0.050000000000000044,,,
2031,5,171.03393581163138,0.050000000000000044,,,
2032,5,179.58563260221297,0.050000000000000044,,,
2033,5,188.56491423232362,0.050000000000000044,,,
2034,5,197.99315994393982,0.050000000000000044,,,
2035,5,207.89281794113683,0.050000000000000044,,,
2036,5,218.2874588381937,0.050000000000000044,,,
2037,5,229.2018317801034,0.050000000000000044,,,
2038,5,240.66192336910856,0.050000000000000044,,,
2039,5,252.695019537564,0.050000000000000044,,,
2040,5,265.3297705144422,0.050000000000000044,,,
2041,5,278.59625904016434,0.050000000000000044,,,
2042,5,292.52607199217255,0.050000000000000044,,,
2043,5,307.1523755917812,0.050000000000000044,,,
