"Unnamed: 0","Gold, Fixing Committee...","Monthly log return","3-month volatility","12-month volatility"
1833M1,18.93,,,
1833M2,18.93,0,,
1833M3,18.93,0,,
1833M4,18.93,0,0,
1833M5,18.93,0,0,
1833M6,18.93,0,0,
1833M7,18.93,0,0,
1833M8,18.93,0,0,
1833M9,18.93,0,0,
1833M10,18.93,0,0,
1833M11,18.93,0,0,
1833M12,18.93,0,0,
1834M1,18.93,0,0,0
1834M2,18.93,0,0,0
1834M3,18.93,0,0,0
1834M4,18.93,0,0,0
1834M5,18.93,0,0,0
1834M6,18.93,0,0,0
1834M7,18.93,0,0,0
1834M8,18.93,0,0,0
1834M9,18.93,0,0,0
1834M10,18.93,0,0,0
1834M11,18.93,0,0,0
1834M12,18.93,0,0,0
1835M1,18.93,0,0,0
1835M2,18.93,0,0,0
1835M3,18.93,0,0,0
1835M4,18.93,0,0,0
1835M5,18.93,0,0,0
1835M6,18.93,0,0,0
1835M7,18.93,0,0,0
1835M8,18.93,0,0,0
1835M9,18.93,0,0,0
1835M10,18.93,0,0,0
1835M11,18.93,0,0,0
1835M12,18.93,0,0,0
1836M1,18.93,0,0,0
1836M2,18.93,0,0,0
1836M3,18.93,0,0,0
1836M4,18.93,0,0,0
1836M5,18.93,0,0,0
1836M6,18.93,0,0,0
1836M7,18.93,0,0,0
1836M8,18.93,0,0,0
1836M9,18.93,0,0,0
1836M10,18.93,0,0,0
1836M11,18.93,0,0,0
1836M12,18.93,0,0,0
1837M1,18.93,0,0,0
1837M2,18.93,0,0,0
1837M3,18.93,0,0,0
1837M4,18.93,0,0,0
1837M5,18.93,0,0,0
1837M6,18.93,0,0,0
1837M7,18.93,0,0,0
1837M8,18.93,0,0,0
1837M9,18.93,0,0,0
1837M10,18.93,0,0,0
1837M11,18.93,0,0,0
1837M12,18.93,0,0,0
1838M1,18.93,0,0,0
1838M2,18.93,0,0,0
1838M3,18.93,0,0,0
1838M4,18.93,0,0,0
1838M5,18.93,0,0,0
1838M6,18.93,0,0,0
1838M7,18.93,0,0,0
1838M8,18.93,0,0,0
1838M9,18.93,0,0,0
1838M10,18.93,0,0,0
1838M11,18.93,0,0,0
1838M12,18.93,0,0,0
1839M1,18.93,0,0,0
1839M2,18.93,0,0,0
1839M3,18.93,0,0,0
1839M4,18.93,0,0,0
1839M5,18.93,0,0,0
1839M6,18.93,0,0,0
1839M7,18.93,0,0,0
1839M8,18.93,0,0,0
1839M9,18.93,0,0,0
1839M10,18.93,0,0,0
1839M11,18.93,0,0,0
1839M12,18.93,0,0,0
1840M1,18.93,0,0,0
1840M2,18.93,0,0,0
1840M3,18.93,0,0,0
1840M4,18.93,0,0,0
1840M5,18.93,0,0,0
1840M6,18.93,0,0,0
1840M7,18.93,0,0,0
1840M8,18.93,0,0,0
1840M9,18.93,0,0,0
1840M10,18.93,0,0,0
1840M11,18.93,0,0,0
1840M12,18.93,0,0,0
1841M1,18.93,0,0,0
1841M2,18.93,0,0,0
1841M3,18.93,0,0,0
1841M4,18.93,0,0,0
1841M5,18.93,0,0,0
1841M6,18.93,0,0,0
1841M7,18.93,0,0,0
1841M8,18.93,0,0,0
1841M9,18.93,0,0,0
1841M10,18.93,0,0,0
1841M11,18.93,0,0,0
1841M12,18.93,0,0,0
1842M1,18.93,0,0,0
1842M2,18.93,0,0,0
1842M3,18.93,0,0,0
1842M4,18.93,0,0,0
1842M5,18.93,0,0,0
1842M6,18.93,0,0,0
1842M7,18.93,0,0,0
1842M8,18.93,0,0,0
1842M9,18.93,0,0,0
1842M10,18.93,0,0,0
1842M11,18.93,0,0,0
1842M12,18.93,0,0,0
1843M1,18.93,0,0,0
1843M2,18.93,0,0,0
1843M3,18.93,0,0,0
1843M4,18.93,0,0,0
1843M5,18.93,0,0,0
1843M6,18.93,0,0,0
1843M7,18.93,0,0,0
1843M8,18.93,0,0,0
1843M9,18.93,0,0,0
1843M10,18.93,0,0,0
1843M11,18.93,0,0,0
1843M12,18.93,0,0,0
1844M1,18.93,0,0,0
1844M2,18.93,0,0,0
1844M3,18.93,0,0,0
1844M4,18.93,0,0,0
1844M5,18.93,0,0,0
1844M6,18.93,0,0,0
1844M7,18.93,0,0,0
1844M8,18.93,0,0,0
1844M9,18.93,0,0,0
1844M10,18.93,0,0,0
1844M11,18.93,0,0,0
1844M12,18.93,0,0,0
1845M1,18.93,0,0,0
1845M2,18.93,0,0,0
1845M3,18.93,0,0,0
1845M4,18.93,0,0,0
1845M5,18.93,0,0,0
1845M6,18.93,0,0,0
1845M7,18.93,0,0,0
1845M8,18.93,0,0,0
1845M9,18.93,0,0,0
1845M10,18.93,0,0,0
1845M11,18.93,0,0,0
1845M12,18.93,0,0,0
1846M1,18.93,0,0,0
1846M2,18.93,0,0,0
1846M3,18.93,0,0,0
1846M4,18.93,0,0,0
1846M5,18.93,0,0,0
1846M6,18.93,0,0,0
1846M7,18.93,0,0,0
1846M8,18.93,0,0,0
1846M9,18.93,0,0,0
1846M10,18.93,0,0,0
1846M11,18.93,0,0,0
1846M12,18.93,0,0,0
1847M1,18.93,0,0,0
1847M2,18.93,0,0,0
1847M3,18.93,0,0,0
1847M4,18.93,0,0,0
1847M5,18.93,0,0,0
1847M6,18.93,0,0,0
1847M7,18.93,0,0,0
1847M8,18.93,0,0,0
1847M9,18.93,0,0,0
1847M10,18.93,0,0,0
1847M11,18.93,0,0,0
1847M12,18.93,0,0,0
1848M1,18.93,0,0,0
1848M2,18.93,0,0,0
1848M3,18.93,0,0,0
1848M4,18.93,0,0,0
1848M5,18.93,0,0,0
1848M6,18.93,0,0,0
1848M7,18.93,0,0,0
1848M8,18.93,0,0,0
1848M9,18.93,0,0,0
1848M10,18.93,0,0,0
1848M11,18.93,0,0,0
1848M12,18.93,0,0,0
1849M1,18.93,0,0,0
1849M2,18.93,0,0,0
1849M3,18.93,0,0,0
1849M4,18.93,0,0,0
1849M5,18.93,0,0,0
1849M6,18.93,0,0,0
1849M7,18.93,0,0,0
1849M8,18.93,0,0,0
1849M9,18.93,0,0,0
1849M10,18.93,0,0,0
1849M11,18.93,0,0,0
1849M12,18.93,0,0,0
1850M1,18.93,0,0,0
1850M2,18.93,0,0,0
1850M3,18.93,0,0,0
1850M4,18.93,0,0,0
1850M5,18.93,0,0,0
1850M6,18.93,0,0,0
1850M7,18.93,0,0,0
1850M8,18.93,0,0,0
1850M9,18.93,0,0,0
1850M10,18.93,0,0,0
1850M11,18.93,0,0,0
1850M12,18.93,0,0,0
1851M1,18.93,0,0,0
1851M2,18.93,0,0,0
1851M3,18.93,0,0,0
1851M4,18.93,0,0,0
1851M5,18.93,0,0,0
1851M6,18.93,0,0,0
1851M7,18.93,0,0,0
1851M8,18.93,0,0,0
1851M9,18.93,0,0,0
1851M10,18.93,0,0,0
1851M11,18.93,0,0,0
1851M12,18.93,0,0,0
1852M1,18.93,0,0,0
1852M2,18.93,0,0,0
1852M3,18.93,0,0,0
1852M4,18.93,0,0,0
1852M5,18.93,0,0,0
1852M6,18.93,0,0,0
1852M7,18.93,0,0,0
1852M8,18.93,0,0,0
1852M9,18.93,0,0,0
1852M10,18.93,0,0,0
1852M11,18.93,0,0,0
1852M12,18.93,0,0,0
1853M1,18.93,0,0,0
1853M2,18.93,0,0,0
1853M3,18.93,0,0,0
1853M4,18.93,0,0,0
1853M5,18.93,0,0,0
1853M6,18.93,0,0,0
1853M7,18.93,0,0,0
1853M8,18.93,0,0,0
1853M9,18.93,0,0,0
1853M10,18.93,0,0,0
1853M11,18.93,0,0,0
1853M12,18.93,0,0,0
1854M1,18.93,0,0,0
1854M2,18.93,0,0,0
1854M3,18.93,0,0,0
1854M4,18.93,0,0,0
1854M5,18.93,0,0,0
1854M6,18.93,0,0,0
1854M7,18.93,0,0,0
1854M8,18.93,0,0,0
1854M9,18.93,0,0,0
1854M10,18.93,0,0,0
1854M11,18.93,0,0,0
1854M12,18.93,0,0,0
1855M1,18.93,0,0,0
1855M2,18.93,0,0,0
1855M3,18.93,0,0,0
1855M4,18.93,0,0,0
1855M5,18.93,0,0,0
1855M6,18.93,0,0,0
1855M7,18.93,0,0,0
1855M8,18.93,0,0,0
1855M9,18.93,0,0,0
1855M10,18.93,0,0,0
1855M11,18.93,0,0,0
1855M12,18.93,0,0,0
1856M1,18.93,0,0,0
1856M2,18.93,0,0,0
1856M3,18.93,0,0,0
1856M4,18.93,0,0,0
1856M5,18.93,0,0,0
1856M6,18.93,0,0,0
1856M7,18.93,0,0,0
1856M8,18.93,0,0,0
1856M9,18.93,0,0,0
1856M10,18.93,0,0,0
1856M11,18.93,0,0,0
1856M12,18.93,0,0,0
1857M1,18.93,0,0,0
1857M2,18.93,0,0,0
1857M3,18.93,0,0,0
1857M4,18.93,0,0,0
1857M5,18.93,0,0,0
1857M6,18.93,0,0,0
1857M7,18.93,0,0,0
1857M8,18.93,0,0,0
1857M9,18.93,0,0,0
1857M10,18.93,0,0,0
1857M11,18.93,0,0,0
1857M12,18.93,0,0,0
1858M1,18.93,0,0,0
1858M2,18.93,0,0,0
1858M3,18.93,0,0,0
1858M4,18.93,0,0,0
1858M5,18.93,0,0,0
1858M6,18.93,0,0,0
1858M7,18.93,0,0,0
1858M8,18.93,0,0,0
1858M9,18.93,0,0,0
1858M10,18.93,0,0,0
1858M11,18.93,0,0,0
1858M12,18.93,0,0,0
1859M1,18.93,0,0,0
1859M2,18.93,0,0,0
1859M3,18.93,0,0,0
1859M4,18.93,0,0,0
1859M5,18.93,0,0,0
1859M6,18.93,0,0,0
1859M7,18.93,0,0,0
1859M8,18.93,0,0,0
1859M9,18.93,0,0,0
1859M10,18.93,0,0,0
1859M11,18.93,0,0,0
1859M12,18.93,0,0,0
1860M1,18.93,0,0,0
1860M2,18.93,0,0,0
1860M3,18.93,0,0,0
1860M4,18.93,0,0,0
1860M5,18.93,0,0,0
1860M6,18.93,0,0,0
1860M7,18.93,0,0,0
1860M8,18.93,0,0,0
1860M9,18.93,0,0,0
1860M10,18.93,0,0,0
1860M11,18.93,0,0,0
1860M12,18.93,0,0,0
1861M1,18.93,0,0,0
1861M2,18.93,0,0,0
1861M3,18.93,0,0,0
1861M4,18.93,0,0,0
1861M5,18.93,0,0,0
1861M6,18.93,0,0,0
1861M7,18.93,0,0,0
1861M8,18.93,0,0,0
1861M9,18.93,0,0,0
1861M10,18.93,0,0,0
1861M11,18.93,0,0,0
1861M12,18.93,0,0,0
1862M1,18.93,0,0,0
1862M2,18.93,0,0,0
1862M3,18.93,0,0,0
1862M4,18.93,0,0,0
1862M5,18.93,0,0,0
1862M6,18.93,0,0,0
1862M7,18.93,0,0,0
1862M8,18.93,0,0,0
1862M9,18.93,0,0,0
1862M10,18.93,0,0,0
1862M11,18.93,0,0,0
1862M12,18.93,0,0,0
1863M1,18.93,0,0,0
1863M2,18.93,0,0,0
1863M3,18.93,0,0,0
1863M4,18.93,0,0,0
1863M5,18.93,0,0,0
1863M6,18.93,0,0,0
1863M7,18.93,0,0,0
1863M8,18.93,0,0,0
1863M9,18.93,0,0,0
1863M10,18.93,0,0,0
1863M11,18.93,0,0,0
1863M12,18.93,0,0,0
1864M1,18.93,0,0,0
1864M2,18.93,0,0,0
1864M3,18.93,0,0,0
1864M4,18.93,0,0,0
1864M5,18.93,0,0,0
1864M6,18.93,0,0,0
1864M7,18.93,0,0,0
1864M8,18.93,0,0,0
1864M9,18.93,0,0,0
1864M10,18.93,0,0,0
1864M11,18.93,0,0,0
1864M12,18.93,0,0,0
1865M1,18.93,0,0,0
1865M2,18.93,0,0,0
1865M3,18.93,0,0,0
1865M4,18.93,0,0,0
1865M5,18.93,0,0,0
1865M6,18.93,0,0,0
1865M7,18.93,0,0,0
1865M8,18.93,0,0,0
1865M9,18.93,0,0,0
1865M10,18.93,0,0,0
1865M11,18.93,0,0,0
1865M12,18.93,0,0,0
1866M1,18.93,0,0,0
1866M2,18.93,0,0,0
1866M3,18.93,0,0,0
1866M4,18.93,0,0,0
1866M5,18.93,0,0,0
1866M6,18.93,0,0,0
1866M7,18.93,0,0,0
1866M8,18.93,0,0,0
1866M9,18.93,0,0,0
1866M10,18.93,0,0,0
1866M11,18.93,0,0,0
1866M12,18.93,0,0,0
1867M1,18.93,0,0,0
1867M2,18.93,0,0,0
1867M3,18.93,0,0,0
1867M4,18.93,0,0,0
1867M5,18.93,0,0,0
1867M6,18.93,0,0,0
1867M7,18.93,0,0,0
1867M8,18.93,0,0,0
1867M9,18.93,0,0,0
1867M10,18.93,0,0,0
1867M11,18.93,0,0,0
1867M12,18.93,0,0,0
1868M1,18.93,0,0,0
1868M2,18.93,0,0,0
1868M3,18.93,0,0,0
1868M4,18.93,0,0,0
1868M5,18.93,0,0,0
1868M6,18.93,0,0,0
1868M7,18.93,0,0,0
1868M8,18.93,0,0,0
1868M9,18.93,0,0,0
1868M10,18.93,0,0,0
1868M11,18.93,0,0,0
1868M12,18.93,0,0,0
1869M1,18.93,0,0,0
1869M2,18.93,0,0,0
1869M3,18.93,0,0,0
1869M4,18.93,0,0,0
1869M5,18.93,0,0,0
1869M6,18.93,0,0,0
1869M7,18.93,0,0,0
1869M8,18.93,0,0,0
1869M9,18.93,0,0,0
1869M10,18.93,0,0,0
1869M11,18.93,0,0,0
1869M12,18.93,0,0,0
1870M1,18.93,0,0,0
1870M2,18.93,0,0,0
1870M3,18.93,0,0,0
1870M4,18.93,0,0,0
1870M5,18.93,0,0,0
1870M6,18.93,0,0,0
1870M7,18.93,0,0,0
1870M8,18.93,0,0,0
1870M9,18.93,0,0,0
1870M10,18.93,0,0,0
1870M11,18.93,0,0,0
1870M12,18.93,0,0,0
1871M1,18.93,0,0,0
1871M2,18.93,0,0,0
1871M3,18.93,0,0,0
1871M4,18.93,0,0,0
1871M5,18.93,0,0,0
1871M6,18.93,0,0,0
1871M7,18.93,0,0,0
1871M8,18.93,0,0,0
1871M9,18.93,0,0,0
1871M10,18.93,0,0,0
1871M11,18.93,0,0,0
1871M12,18.93,0,0,0
1872M1,18.94,0.05281225367007637,0.03049116887292939,0.0152455844364647
1872M2,18.94,0,0.03049116887292939,0.0152455844364647
1872M3,18.94,0,0.03049116887292939,0.0152455844364647
1872M4,18.94,0,0,0.0152455844364647
1872M5,18.94,0,0,0.0152455844364647
1872M6,18.94,0,0,0.0152455844364647
1872M7,18.94,0,0,0.0152455844364647
1872M8,18.94,0,0,0.0152455844364647
1872M9,18.94,0,0,0.0152455844364647
1872M10,18.94,0,0,0.0152455844364647
1872M11,18.94,0,0,0.0152455844364647
1872M12,18.94,0,0,0.0152455844364647
1873M1,18.94,0,0,0
1873M2,18.94,0,0,0
1873M3,18.94,0,0,0
1873M4,18.94,0,0,0
1873M5,18.94,0,0,0
1873M6,18.94,0,0,0
1873M7,18.94,0,0,0
1873M8,18.94,0,0,0
1873M9,18.94,0,0,0
1873M10,18.94,0,0,0
1873M11,18.94,0,0,0
1873M12,18.94,0,0,0
1874M1,18.94,0,0,0
1874M2,18.94,0,0,0
1874M3,18.94,0,0,0
1874M4,18.94,0,0,0
1874M5,18.94,0,0,0
1874M6,18.94,0,0,0
1874M7,18.94,0,0,0
1874M8,18.94,0,0,0
1874M9,18.94,0,0,0
1874M10,18.94,0,0,0
1874M11,18.94,0,0,0
1874M12,18.94,0,0,0
1875M1,18.94,0,0,0
1875M2,18.94,0,0,0
1875M3,18.94,0,0,0
1875M4,18.94,0,0,0
1875M5,18.94,0,0,0
1875M6,18.94,0,0,0
1875M7,18.94,0,0,0
1875M8,18.94,0,0,0
1875M9,18.94,0,0,0
1875M10,18.94,0,0,0
1875M11,18.94,0,0,0
1875M12,18.94,0,0,0
1876M1,18.94,0,0,0
1876M2,18.94,0,0,0
1876M3,18.94,0,0,0
1876M4,18.94,0,0,0
1876M5,18.94,0,0,0
1876M6,18.94,0,0,0
1876M7,18.94,0,0,0
1876M8,18.94,0,0,0
1876M9,18.94,0,0,0
1876M10,18.94,0,0,0
1876M11,18.94,0,0,0
1876M12,18.94,0,0,0
1877M1,18.94,0,0,0
1877M2,18.94,0,0,0
1877M3,18.94,0,0,0
1877M4,18.94,0,0,0
1877M5,18.94,0,0,0
1877M6,18.94,0,0,0
1877M7,18.94,0,0,0
1877M8,18.94,0,0,0
1877M9,18.94,0,0,0
1877M10,18.94,0,0,0
1877M11,18.94,0,0,0
1877M12,18.94,0,0,0
1878M1,18.94,0,0,0
1878M2,18.94,0,0,0
1878M3,18.94,0,0,0
1878M4,18.94,0,0,0
1878M5,18.94,0,0,0
1878M6,18.94,0,0,0
1878M7,18.94,0,0,0
1878M8,18.94,0,0,0
1878M9,18.94,0,0,0
1878M10,18.94,0,0,0
1878M11,18.94,0,0,0
1878M12,18.94,0,0,0
1879M1,18.94,0,0,0
1879M2,18.94,0,0,0
1879M3,18.94,0,0,0
1879M4,18.94,0,0,0
1879M5,18.94,0,0,0
1879M6,18.94,0,0,0
1879M7,18.94,0,0,0
1879M8,18.94,0,0,0
1879M9,18.94,0,0,0
1879M10,18.94,0,0,0
1879M11,18.94,0,0,0
1879M12,18.94,0,0,0
1880M1,18.94,0,0,0
1880M2,18.94,0,0,0
1880M3,18.94,0,0,0
1880M4,18.94,0,0,0
1880M5,18.94,0,0,0
1880M6,18.94,0,0,0
1880M7,18.94,0,0,0
1880M8,18.94,0,0,0
1880M9,18.94,0,0,0
1880M10,18.94,0,0,0
1880M11,18.94,0,0,0
1880M12,18.94,0,0,0
1881M1,18.94,0,0,0
1881M2,18.94,0,0,0
1881M3,18.94,0,0,0
1881M4,18.94,0,0,0
1881M5,18.94,0,0,0
1881M6,18.94,0,0,0
1881M7,18.94,0,0,0
1881M8,18.94,0,0,0
1881M9,18.94,0,0,0
1881M10,18.94,0,0,0
1881M11,18.94,0,0,0
1881M12,18.94,0,0,0
1882M1,18.94,0,0,0
1882M2,18.94,0,0,0
1882M3,18.94,0,0,0
1882M4,18.94,0,0,0
1882M5,18.94,0,0,0
1882M6,18.94,0,0,0
1882M7,18.94,0,0,0
1882M8,18.94,0,0,0
1882M9,18.94,0,0,0
1882M10,18.94,0,0,0
1882M11,18.94,0,0,0
1882M12,18.94,0,0,0
1883M1,18.94,0,0,0
1883M2,18.94,0,0,0
1883M3,18.94,0,0,0
1883M4,18.94,0,0,0
1883M5,18.94,0,0,0
1883M6,18.94,0,0,0
1883M7,18.94,0,0,0
1883M8,18.94,0,0,0
1883M9,18.94,0,0,0
1883M10,18.94,0,0,0
1883M11,18.94,0,0,0
1883M12,18.94,0,0,0
1884M1,18.94,0,0,0
1884M2,18.94,0,0,0
1884M3,18.94,0,0,0
1884M4,18.94,0,0,0
1884M5,18.94,0,0,0
1884M6,18.94,0,0,0
1884M7,18.94,0,0,0
1884M8,18.94,0,0,0
1884M9,18.94,0,0,0
1884M10,18.94,0,0,0
1884M11,18.94,0,0,0
1884M12,18.94,0,0,0
1885M1,18.94,0,0,0
1885M2,18.94,0,0,0
1885M3,18.94,0,0,0
1885M4,18.94,0,0,0
1885M5,18.94,0,0,0
1885M6,18.94,0,0,0
1885M7,18.94,0,0,0
1885M8,18.94,0,0,0
1885M9,18.94,0,0,0
1885M10,18.94,0,0,0
1885M11,18.94,0,0,0
1885M12,18.94,0,0,0
1886M1,18.94,0,0,0
1886M2,18.94,0,0,0
1886M3,18.94,0,0,0
1886M4,18.94,0,0,0
1886M5,18.94,0,0,0
1886M6,18.94,0,0,0
1886M7,18.94,0,0,0
1886M8,18.94,0,0,0
1886M9,18.94,0,0,0
1886M10,18.94,0,0,0
1886M11,18.94,0,0,0
1886M12,18.94,0,0,0
1887M1,18.94,0,0,0
1887M2,18.94,0,0,0
1887M3,18.94,0,0,0
1887M4,18.94,0,0,0
1887M5,18.94,0,0,0
1887M6,18.94,0,0,0
1887M7,18.94,0,0,0
1887M8,18.94,0,0,0
1887M9,18.94,0,0,0
1887M10,18.94,0,0,0
1887M11,18.94,0,0,0
1887M12,18.94,0,0,0
1888M1,18.94,0,0,0
1888M2,18.94,0,0,0
1888M3,18.94,0,0,0
1888M4,18.94,0,0,0
1888M5,18.94,0,0,0
1888M6,18.94,0,0,0
1888M7,18.94,0,0,0
1888M8,18.94,0,0,0
1888M9,18.94,0,0,0
1888M10,18.94,0,0,0
1888M11,18.94,0,0,0
1888M12,18.94,0,0,0
1889M1,18.93,-0.05281225367007691,0.0304911688729297,0.01524558443646485
1889M2,18.93,0,0.0304911688729297,0.01524558443646485
1889M3,18.93,0,0.0304911688729297,0.01524558443646485
1889M4,18.93,0,0,0.01524558443646485
1889M5,18.93,0,0,0.01524558443646485
1889M6,18.93,0,0,0.01524558443646485
1889M7,18.93,0,0,0.01524558443646485
1889M8,18.93,0,0,0.01524558443646485
1889M9,18.93,0,0,0.01524558443646485
1889M10,18.93,0,0,0.01524558443646485
1889M11,18.93,0,0,0.01524558443646485
1889M12,18.93,0,0,0.01524558443646485
1890M1,18.94,0.05281225367007637,0.0304911688729294,0.0152455844364647
1890M2,18.94,0,0.0304911688729294,0.0152455844364647
1890M3,18.94,0,0.0304911688729294,0.0152455844364647
1890M4,18.94,0,0,0.0152455844364647
1890M5,18.94,0,0,0.0152455844364647
1890M6,18.94,0,0,0.0152455844364647
1890M7,18.94,0,0,0.0152455844364647
1890M8,18.94,0,0,0.0152455844364647
1890M9,18.94,0,0,0.0152455844364647
1890M10,18.94,0,0,0.0152455844364647
1890M11,18.94,0,0,0.0152455844364647
1890M12,18.94,0,0,0.0152455844364647
1891M1,18.96,0.1055409068943467,0.06093407100596832,0.03046703550298416
1891M2,18.96,0,0.06093407100596832,0.03046703550298416
1891M3,18.96,0,0.06093407100596832,0.03046703550298416
1891M4,18.96,0,0,0.03046703550298416
1891M5,18.96,0,0,0.03046703550298416
1891M6,18.96,0,0,0.03046703550298416
1891M7,18.96,0,0,0.03046703550298416
1891M8,18.96,0,0,0.03046703550298416
1891M9,18.96,0,0,0.03046703550298416
1891M10,18.96,0,0,0.03046703550298416
1891M11,18.96,0,0,0.03046703550298416
1891M12,18.96,0,0,0.03046703550298416
1892M1,18.96,0,0,0
1892M2,18.96,0,0,0
1892M3,18.96,0,0,0
1892M4,18.96,0,0,0
1892M5,18.96,0,0,0
1892M6,18.96,0,0,0
1892M7,18.96,0,0,0
1892M8,18.96,0,0,0
1892M9,18.96,0,0,0
1892M10,18.96,0,0,0
1892M11,18.96,0,0,0
1892M12,18.96,0,0,0
1893M1,18.96,0,0,0
1893M2,18.96,0,0,0
1893M3,18.96,0,0,0
1893M4,18.96,0,0,0
1893M5,18.96,0,0,0
1893M6,18.96,0,0,0
1893M7,18.96,0,0,0
1893M8,18.96,0,0,0
1893M9,18.96,0,0,0
1893M10,18.96,0,0,0
1893M11,18.96,0,0,0
1893M12,18.96,0,0,0
1894M1,18.94,-0.1055409068943492,0.06093407100596974,0.03046703550298487
1894M2,18.94,0,0.06093407100596974,0.03046703550298487
1894M3,18.94,0,0.06093407100596974,0.03046703550298487
1894M4,18.94,0,0,0.03046703550298487
1894M5,18.94,0,0,0.03046703550298487
1894M6,18.94,0,0,0.03046703550298487
1894M7,18.94,0,0,0.03046703550298487
1894M8,18.94,0,0,0.03046703550298487
1894M9,18.94,0,0,0.03046703550298487
1894M10,18.94,0,0,0.03046703550298487
1894M11,18.94,0,0,0.03046703550298487
1894M12,18.94,0,0,0.03046703550298487
1895M1,18.93,-0.05281225367007691,0.03049116887292971,0.01524558443646485
1895M2,18.93,0,0.03049116887292971,0.01524558443646485
1895M3,18.93,0,0.03049116887292971,0.01524558443646485
1895M4,18.93,0,0,0.01524558443646485
1895M5,18.93,0,0,0.01524558443646485
1895M6,18.93,0,0,0.01524558443646485
1895M7,18.93,0,0,0.01524558443646485
1895M8,18.93,0,0,0.01524558443646485
1895M9,18.93,0,0,0.01524558443646485
1895M10,18.93,0,0,0.01524558443646485
1895M11,18.93,0,0,0.01524558443646485
1895M12,18.93,0,0,0.01524558443646485
1896M1,18.98,0.2637827960550398,0.1522950683099694,0.07614753415498471
1896M2,18.98,0,0.1522950683099694,0.07614753415498471
1896M3,18.98,0,0.1522950683099694,0.07614753415498471
1896M4,18.98,0,0,0.07614753415498471
1896M5,18.98,0,0,0.07614753415498471
1896M6,18.98,0,0,0.07614753415498471
1896M7,18.98,0,0,0.07614753415498471
1896M8,18.98,0,0,0.07614753415498471
1896M9,18.98,0,0,0.07614753415498471
1896M10,18.98,0,0,0.07614753415498471
1896M11,18.98,0,0,0.07614753415498471
1896M12,18.98,0,0,0.07614753415498471
1897M1,18.98,0,0,0
1897M2,18.98,0,0,0
1897M3,18.98,0,0,0
1897M4,18.98,0,0,0
1897M5,18.98,0,0,0
1897M6,18.98,0,0,0
1897M7,18.98,0,0,0
1897M8,18.98,0,0,0
1897M9,18.98,0,0,0
1897M10,18.98,0,0,0
1897M11,18.98,0,0,0
1897M12,18.98,0,0,0
1898M1,18.98,0,0,0
1898M2,18.98,0,0,0
1898M3,18.98,0,0,0
1898M4,18.98,0,0,0
1898M5,18.98,0,0,0
1898M6,18.98,0,0,0
1898M7,18.98,0,0,0
1898M8,18.98,0,0,0
1898M9,18.98,0,0,0
1898M10,18.98,0,0,0
1898M11,18.98,0,0,0
1898M12,18.98,0,0,0
1899M1,18.94,-0.2109705423849595,0.1218038994370377,0.06090194971851887
1899M2,18.94,0,0.1218038994370377,0.06090194971851887
1899M3,18.94,0,0.1218038994370377,0.06090194971851887
1899M4,18.94,0,0,0.06090194971851887
1899M5,18.94,0,0,0.06090194971851887
1899M6,18.94,0,0,0.06090194971851887
1899M7,18.94,0,0,0.06090194971851887
1899M8,18.94,0,0,0.06090194971851887
1899M9,18.94,0,0,0.06090194971851887
1899M10,18.94,0,0,0.06090194971851887
1899M11,18.94,0,0,0.06090194971851887
1899M12,18.94,0,0,0.06090194971851887
1900M1,18.96,0.1055409068943467,0.06093407100596827,0.03046703550298416
1900M2,18.96,0,0.06093407100596827,0.03046703550298416
1900M3,18.96,0,0.06093407100596827,0.03046703550298416
1900M4,18.96,0,0,0.03046703550298416
1900M5,18.96,0,0,0.03046703550298416
1900M6,18.96,0,0,0.03046703550298416
1900M7,18.96,0,0,0.03046703550298416
1900M8,18.96,0,0,0.03046703550298416
1900M9,18.96,0,0,0.03046703550298416
1900M10,18.96,0,0,0.03046703550298416
1900M11,18.96,0,0,0.03046703550298416
1900M12,18.96,0,0,0.03046703550298416
1901M1,18.98,0.1054296354905992,0.06086982843106155,0.0304349142155308
1901M2,18.98,0,0.06086982843106155,0.0304349142155308
1901M3,18.98,0,0.06086982843106155,0.0304349142155308
1901M4,18.98,0,0,0.0304349142155308
1901M5,18.98,0,0,0.0304349142155308
1901M6,18.98,0,0,0.0304349142155308
1901M7,18.98,0,0,0.0304349142155308
1901M8,18.98,0,0,0.0304349142155308
1901M9,18.98,0,0,0.0304349142155308
1901M10,18.98,0,0,0.0304349142155308
1901M11,18.98,0,0,0.0304349142155308
1901M12,18.98,0,0,0.0304349142155308
1902M1,18.97,-0.05270092348590739,0.03042689236113039,0.01521344618056525
1902M2,18.97,0,0.03042689236113039,0.01521344618056525
1902M3,18.97,0,0.03042689236113039,0.01521344618056525
1902M4,18.97,0,0,0.01521344618056525
1902M5,18.97,0,0,0.01521344618056525
1902M6,18.97,0,0,0.01521344618056525
1902M7,18.97,0,0,0.01521344618056525
1902M8,18.97,0,0,0.01521344618056525
1902M9,18.97,0,0,0.01521344618056525
1902M10,18.97,0,0,0.01521344618056525
1902M11,18.97,0,0,0.01521344618056525
1902M12,18.97,0,0,0.01521344618056525
1903M1,18.95,-0.1054852418487484,0.06090193277690763,0.03045096638845384
1903M2,18.95,0,0.06090193277690763,0.03045096638845384
1903M3,18.95,0,0.06090193277690763,0.03045096638845384
1903M4,18.95,0,0,0.03045096638845384
1903M5,18.95,0,0,0.03045096638845384
1903M6,18.95,0,0,0.03045096638845384
1903M7,18.95,0,0,0.03045096638845384
1903M8,18.95,0,0,0.03045096638845384
1903M9,18.95,0,0,0.03045096638845384
1903M10,18.95,0,0,0.03045096638845384
1903M11,18.95,0,0,0.03045096638845384
1903M12,18.95,0,0,0.03045096638845384
1904M1,18.96,0.05275652984403766,0.03045899670696557,0.01522949835348283
1904M2,18.96,0,0.03045899670696558,0.01522949835348283
1904M3,18.96,0,0.03045899670696558,0.01522949835348283
1904M4,18.96,0,0,0.01522949835348283
1904M5,18.96,0,0,0.01522949835348283
1904M6,18.96,0,0,0.01522949835348283
1904M7,18.96,0,0,0.01522949835348283
1904M8,18.96,0,0,0.01522949835348283
1904M9,18.96,0,0,0.01522949835348283
1904M10,18.96,0,0,0.01522949835348283
1904M11,18.96,0,0,0.01522949835348283
1904M12,18.96,0,0,0.01522949835348283
1905M1,18.92,-0.2111933203143501,0.1219325203345409,0.06096626016727046
1905M2,18.92,0,0.1219325203345409,0.06096626016727046
1905M3,18.92,0,0.1219325203345409,0.06096626016727046
1905M4,18.92,0,0,0.06096626016727046
1905M5,18.92,0,0,0.06096626016727046
1905M6,18.92,0,0,0.06096626016727046
1905M7,18.92,0,0,0.06096626016727046
1905M8,18.92,0,0,0.06096626016727046
1905M9,18.92,0,0,0.06096626016727046
1905M10,18.92,0,0,0.06096626016727046
1905M11,18.92,0,0,0.06096626016727046
1905M12,18.92,0,0,0.06096626016727046
1906M1,18.9,-0.1057641558135646,0.06106296382957502,0.03053148191478753
1906M2,18.9,0,0.06106296382957501,0.03053148191478753
1906M3,18.9,0,0.06106296382957501,0.03053148191478753
1906M4,18.9,0,0,0.03053148191478753
1906M5,18.9,0,0,0.03053148191478753
1906M6,18.9,0,0,0.03053148191478753
1906M7,18.9,0,0,0.03053148191478753
1906M8,18.9,0,0,0.03053148191478753
1906M9,18.9,0,0,0.03053148191478753
1906M10,18.9,0,0,0.03053148191478753
1906M11,18.9,0,0,0.03053148191478753
1906M12,18.9,0,0,0.03053148191478753
1907M1,18.94,0.2114165692335556,0.1220614131581405,0.06103070657907025
1907M2,18.94,0,0.1220614131581405,0.06103070657907025
1907M3,18.94,0,0.1220614131581405,0.06103070657907025
1907M4,18.94,0,0,0.06103070657907025
1907M5,18.94,0,0,0.06103070657907025
1907M6,18.94,0,0,0.06103070657907025
1907M7,18.94,0,0,0.06103070657907025
1907M8,18.94,0,0,0.06103070657907025
1907M9,18.94,0,0,0.06103070657907025
1907M10,18.94,0,0,0.06103070657907025
1907M11,18.94,0,0,0.06103070657907025
1907M12,18.94,0,0,0.06103070657907025
1908M1,18.95,0.05278437705031224,0.03047507429900448,0.01523753714950224
1908M2,18.95,0,0.03047507429900448,0.01523753714950224
1908M3,18.95,0,0.03047507429900448,0.01523753714950224
1908M4,18.95,0,0,0.01523753714950224
1908M5,18.95,0,0,0.01523753714950224
1908M6,18.95,0,0,0.01523753714950224
1908M7,18.95,0,0,0.01523753714950224
1908M8,18.95,0,0,0.01523753714950224
1908M9,18.95,0,0,0.01523753714950224
1908M10,18.95,0,0,0.01523753714950224
1908M11,18.95,0,0,0.01523753714950224
1908M12,18.95,0,0,0.01523753714950224
1909M1,18.96,0.05275652984403766,0.03045899670696567,0.01522949835348283
1909M2,18.96,0,0.03045899670696567,0.01522949835348283
1909M3,18.96,0,0.03045899670696567,0.01522949835348283
1909M4,18.96,0,0,0.01522949835348283
1909M5,18.96,0,0,0.01522949835348283
1909M6,18.96,0,0,0.01522949835348283
1909M7,18.96,0,0,0.01522949835348283
1909M8,18.96,0,0,0.01522949835348283
1909M9,18.96,0,0,0.01522949835348283
1909M10,18.96,0,0,0.01522949835348283
1909M11,18.96,0,0,0.01522949835348283
1909M12,18.96,0,0,0.01522949835348283
1910M1,18.92,-0.2111933203143501,0.1219325203345409,0.06096626016727046
1910M2,18.92,0,0.1219325203345409,0.06096626016727046
1910M3,18.92,0,0.1219325203345409,0.06096626016727046
1910M4,18.92,0,0,0.06096626016727046
1910M5,18.92,0,0,0.06096626016727046
1910M6,18.92,0,0,0.06096626016727046
1910M7,18.92,0,0,0.06096626016727046
1910M8,18.92,0,0,0.06096626016727046
1910M9,18.92,0,0,0.06096626016727046
1910M10,18.92,0,0,0.06096626016727046
1910M11,18.92,0,0,0.06096626016727046
1910M12,18.92,0,0,0.06096626016727046
1911M1,18.92,0,0,0
1911M2,18.92,0,0,0
1911M3,18.92,0,0,0
1911M4,18.92,0,0,0
1911M5,18.92,0,0,0
1911M6,18.92,0,0,0
1911M7,18.92,0,0,0
1911M8,18.92,0,0,0
1911M9,18.92,0,0,0
1911M10,18.92,0,0,0
1911M11,18.92,0,0,0
1911M12,18.92,0,0,0
1912M1,18.93,0.05284015974991018,0.03050728045563351,0.01525364022781674
1912M2,18.93,0,0.03050728045563351,0.01525364022781674
1912M3,18.93,0,0.03050728045563351,0.01525364022781674
1912M4,18.93,0,0,0.01525364022781674
1912M5,18.93,0,0,0.01525364022781674
1912M6,18.93,0,0,0.01525364022781674
1912M7,18.93,0,0,0.01525364022781674
1912M8,18.93,0,0,0.01525364022781674
1912M9,18.93,0,0,0.01525364022781674
1912M10,18.93,0,0,0.01525364022781674
1912M11,18.93,0,0,0.01525364022781674
1912M12,18.93,0,0,0.01525364022781674
1913M1,18.92,-0.05284015974992103,0.03050728045563975,0.01525364022781987
1913M2,18.92,0,0.03050728045563975,0.01525364022781987
1913M3,18.92,0,0.03050728045563975,0.01525364022781987
1913M4,18.92,0,0,0.01525364022781987
1913M5,18.92,0,0,0.01525364022781987
1913M6,18.92,0,0,0.01525364022781987
1913M7,18.92,0,0,0.01525364022781987
1913M8,18.92,0,0,0.01525364022781987
1913M9,18.92,0,0,0.01525364022781987
1913M10,18.92,0,0,0.01525364022781987
1913M11,18.92,0,0,0.01525364022781987
1913M12,18.92,0,0,0.01525364022781987
1914M1,18.99,0.3692961200462057,0.2132132143193612,0.1066066071596806
1914M2,18.99,0,0.2132132143193612,0.1066066071596806
1914M3,18.99,0,0.2132132143193612,0.1066066071596806
1914M4,18.99,0,0,0.1066066071596806
1914M5,18.99,0,0,0.1066066071596806
1914M6,18.99,0,0,0.1066066071596806
1914M7,18.99,0,0,0.1066066071596806
1914M8,18.99,0,0,0.1066066071596806
1914M9,18.99,0,0,0.1066066071596806
1914M10,18.99,0,0,0.1066066071596806
1914M11,18.99,0,0,0.1066066071596806
1914M12,18.99,0,0,0.1066066071596806
1915M1,18.99,0,0,0
1915M2,18.99,0,0,0
1915M3,18.99,0,0,0
1915M4,18.99,0,0,0
1915M5,18.99,0,0,0
1915M6,18.99,0,0,0
1915M7,18.99,0,0,0
1915M8,18.99,0,0,0
1915M9,18.99,0,0,0
1915M10,18.99,0,0,0
1915M11,18.99,0,0,0
1915M12,18.99,0,0,0
1916M1,18.99,0,0,0
1916M2,18.99,0,0,0
1916M3,18.99,0,0,0
1916M4,18.99,0,0,0
1916M5,18.99,0,0,0
1916M6,18.99,0,0,0
1916M7,18.99,0,0,0
1916M8,18.99,0,0,0
1916M9,18.99,0,0,0
1916M10,18.99,0,0,0
1916M11,18.99,0,0,0
1916M12,18.99,0,0,0
1917M1,18.99,0,0,0
1917M2,18.99,0,0,0
1917M3,18.99,0,0,0
1917M4,18.99,0,0,0
1917M5,18.99,0,0,0
1917M6,18.99,0,0,0
1917M7,18.99,0,0,0
1917M8,18.99,0,0,0
1917M9,18.99,0,0,0
1917M10,18.99,0,0,0
1917M11,18.99,0,0,0
1917M12,18.99,0,0,0
1918M1,18.99,0,0,0
1918M2,18.99,0,0,0
1918M3,18.99,0,0,0
1918M4,18.99,0,0,0
1918M5,18.99,0,0,0
1918M6,18.99,0,0,0
1918M7,18.99,0,0,0
1918M8,18.99,0,0,0
1918M9,18.99,0,0,0
1918M10,18.99,0,0,0
1918M11,18.99,0,0,0
1918M12,18.99,0,0,0
1919M1,19.95,4.931661851167809,2.847296297323943,1.423648148661971
1919M2,19.95,0,2.847296297323943,1.423648148661971
1919M3,19.95,0,2.847296297323943,1.423648148661971
1919M4,19.95,0,0,1.423648148661971
1919M5,19.95,0,0,1.423648148661971
1919M6,19.95,0,0,1.423648148661971
1919M7,19.95,0,0,1.423648148661971
1919M8,19.95,0,0,1.423648148661971
1919M9,19.95,0,0,1.423648148661971
1919M10,19.95,0,0,1.423648148661971
1919M11,19.95,0,0,1.423648148661971
1919M12,19.95,0,0,1.423648148661971
1920M1,20.68,3.593790630435591,2.074875987893143,1.037437993946572
1920M2,20.68,0,2.074875987893143,1.037437993946572
1920M3,20.68,0,2.074875987893143,1.037437993946572
1920M4,20.68,0,0,1.037437993946572
1920M5,20.68,0,0,1.037437993946572
1920M6,20.68,0,0,1.037437993946572
1920M7,20.68,0,0,1.037437993946572
1920M8,20.68,0,0,1.037437993946572
1920M9,20.68,0,0,1.037437993946572
1920M10,20.68,0,0,1.037437993946572
1920M11,20.68,0,0,1.037437993946572
1920M12,20.68,0,0,1.037437993946572
1921M1,20.58,-0.4847319234324886,0.2798601064785526,0.1399300532392762
1921M2,20.58,0,0.2798601064785526,0.1399300532392762
1921M3,20.58,0,0.2798601064785526,0.1399300532392762
1921M4,20.58,0,0,0.1399300532392762
1921M5,20.58,0,0,0.1399300532392762
1921M6,20.58,0,0,0.1399300532392762
1921M7,20.58,0,0,0.1399300532392762
1921M8,20.58,0,0,0.1399300532392762
1921M9,20.58,0,0,0.1399300532392762
1921M10,20.58,0,0,0.1399300532392762
1921M11,20.58,0,0,0.1399300532392762
1921M12,20.58,0,0,0.1399300532392762
1922M1,20.66,0.387973328558907,0.2239965056818798,0.1119982528409401
1922M2,20.66,0,0.2239965056818798,0.1119982528409401
1922M3,20.66,0,0.2239965056818798,0.1119982528409401
1922M4,20.66,0,0,0.1119982528409401
1922M5,20.66,0,0,0.1119982528409401
1922M6,20.66,0,0,0.1119982528409401
1922M7,20.66,0,0,0.1119982528409401
1922M8,20.66,0,0,0.1119982528409401
1922M9,20.66,0,0,0.1119982528409401
1922M10,20.66,0,0,0.1119982528409401
1922M11,20.66,0,0,0.1119982528409401
1922M12,20.66,0,0,0.1119982528409401
1923M1,21.32,3.14461356061514,1.815543485718499,0.9077717428592494
1923M2,21.32,0,1.815543485718499,0.9077717428592494
1923M3,21.32,0,1.815543485718499,0.9077717428592494
1923M4,21.32,0,0,0.9077717428592494
1923M5,21.32,0,0,0.9077717428592494
1923M6,21.32,0,0,0.9077717428592494
1923M7,21.32,0,0,0.9077717428592494
1923M8,21.32,0,0,0.9077717428592494
1923M9,21.32,0,0,0.9077717428592494
1923M10,21.32,0,0,0.9077717428592494
1923M11,21.32,0,0,0.9077717428592494
1923M12,21.32,0,0,0.9077717428592494
1924M1,20.69,-2.999510754019213,1.73176834127017,0.8658841706350849
1924M2,20.69,0,1.731768341270169,0.8658841706350849
1924M3,20.69,0,1.731768341270169,0.8658841706350849
1924M4,20.69,0,0,0.8658841706350849
1924M5,20.69,0,0,0.8658841706350849
1924M6,20.69,0,0,0.8658841706350849
1924M7,20.69,0,0,0.8658841706350849
1924M8,20.69,0,0,0.8658841706350849
1924M9,20.69,0,0,0.8658841706350849
1924M10,20.69,0,0,0.8658841706350849
1924M11,20.69,0,0,0.8658841706350849
1924M12,20.69,0,0,0.8658841706350849
1925M1,20.64,-0.2419551144089699,0.1396928504358207,0.06984642521791273
1925M2,20.64,0,0.1396928504358207,0.06984642521791273
1925M3,20.64,0,0.1396928504358207,0.06984642521791273
1925M4,20.64,0,0,0.06984642521791273
1925M5,20.64,0,0,0.06984642521791273
1925M6,20.64,0,0,0.06984642521791273
1925M7,20.64,0,0,0.06984642521791273
1925M8,20.64,0,0,0.06984642521791273
1925M9,20.64,0,0,0.06984642521791273
1925M10,20.64,0,0,0.06984642521791273
1925M11,20.64,0,0,0.06984642521791273
1925M12,20.64,0,0,0.06984642521791273
1926M1,20.63,-0.04846135302016414,0.02797917521146151,0.01398958760574262
1926M2,20.63,0,0.02797917521146151,0.01398958760574262
1926M3,20.63,0,0.02797917521146151,0.01398958760574262
1926M4,20.63,0,0,0.01398958760574262
1926M5,20.63,0,0,0.01398958760574262
1926M6,20.63,0,0,0.01398958760574262
1926M7,20.63,0,0,0.01398958760574262
1926M8,20.63,0,0,0.01398958760574262
1926M9,20.63,0,0,0.01398958760574262
1926M10,20.63,0,0,0.01398958760574262
1926M11,20.63,0,0,0.01398958760574262
1926M12,20.63,0,0,0.01398958760574262
1927M1,20.64,0.04846135302015043,0.02797917521145345,0.01398958760573867
1927M2,20.64,0,0.02797917521145345,0.01398958760573867
1927M3,20.64,0,0.02797917521145345,0.01398958760573867
1927M4,20.64,0,0,0.01398958760573867
1927M5,20.64,0,0,0.01398958760573867
1927M6,20.64,0,0,0.01398958760573867
1927M7,20.64,0,0,0.01398958760573867
1927M8,20.64,0,0,0.01398958760573867
1927M9,20.64,0,0,0.01398958760573867
1927M10,20.64,0,0,0.01398958760573867
1927M11,20.64,0,0,0.01398958760573867
1927M12,20.64,0,0,0.01398958760573867
1928M1,20.66,0.09685230781305051,0.05591770598748923,0.02795885299375061
1928M2,20.66,0,0.05591770598748923,0.02795885299375061
1928M3,20.66,0,0.05591770598748923,0.02795885299375061
1928M4,20.66,0,0,0.02795885299375061
1928M5,20.66,0,0,0.02795885299375061
1928M6,20.66,0,0,0.02795885299375061
1928M7,20.66,0,0,0.02795885299375061
1928M8,20.66,0,0,0.02795885299375061
1928M9,20.66,0,0,0.02795885299375061
1928M10,20.66,0,0,0.02795885299375061
1928M11,20.66,0,0,0.02795885299375061
1928M12,20.66,0,0,0.02795885299375061
1929M1,20.63,-0.1453136608332139,0.08389688119897817,0.04194844059949301
1929M2,20.63,0,0.08389688119897817,0.04194844059949301
1929M3,20.63,0,0.08389688119897817,0.04194844059949301
1929M4,20.63,0,0,0.04194844059949301
1929M5,20.63,0,0,0.04194844059949301
1929M6,20.63,0,0,0.04194844059949301
1929M7,20.63,0,0,0.04194844059949301
1929M8,20.63,0,0,0.04194844059949301
1929M9,20.63,0,0,0.04194844059949301
1929M10,20.63,0,0,0.04194844059949301
1929M11,20.63,0,0,0.04194844059949301
1929M12,20.63,0,0,0.04194844059949301
1930M1,20.65,0.09689923238812569,0.05594479790354053,0.02797239895177623
1930M2,20.65,0,0.05594479790354054,0.02797239895177623
1930M3,20.65,0,0.05594479790354054,0.02797239895177623
1930M4,20.65,0,0,0.02797239895177623
1930M5,20.65,0,0,0.02797239895177623
1930M6,20.65,0,0,0.02797239895177623
1930M7,20.65,0,0,0.02797239895177623
1930M8,20.65,0,0,0.02797239895177623
1930M9,20.65,0,0,0.02797239895177623
1930M10,20.65,0,0,0.02797239895177623
1930M11,20.65,0,0,0.02797239895177623
1930M12,20.65,0,0,0.02797239895177623
1931M1,17.06,-19.09787773435087,11.02616485087803,5.513082425439016
1931M2,17.06,0,11.02616485087803,5.513082425439016
1931M3,17.06,0,11.02616485087803,5.513082425439016
1931M4,17.06,0,0,5.513082425439016
1931M5,17.06,0,0,5.513082425439016
1931M6,17.06,0,0,5.513082425439016
1931M7,17.06,0,0,5.513082425439016
1931M8,17.06,0,0,5.513082425439016
1931M9,17.06,0,0,5.513082425439016
1931M10,17.06,0,0,5.513082425439016
1931M11,17.06,0,0,5.513082425439016
1931M12,17.06,0,0,5.513082425439016
1932M1,20.69,19.29139496939188,11.1378920786218,5.568946039310898
1932M2,20.69,0,11.1378920786218,5.568946039310898
1932M3,20.69,0,11.1378920786218,5.568946039310898
1932M4,20.69,0,0,5.568946039310898
1932M5,20.69,0,0,5.568946039310898
1932M6,20.69,0,0,5.568946039310898
1932M7,20.69,0,0,5.568946039310898
1932M8,20.69,0,0,5.568946039310898
1932M9,20.69,0,0,5.568946039310898
1932M10,20.69,0,0,5.568946039310898
1932M11,20.69,0,0,5.568946039310898
1932M12,20.69,0,0,5.568946039310898
1933M1,26.33,24.10584817507662,13.91751793292474,6.958758966462368
1933M2,26.33,0,13.91751793292474,6.958758966462368
1933M3,26.33,0,13.91751793292474,6.958758966462368
1933M4,26.33,0,0,6.958758966462368
1933M5,26.33,0,0,6.958758966462368
1933M6,26.33,0,0,6.958758966462368
1933M7,26.33,0,0,6.958758966462368
1933M8,26.33,0,0,6.958758966462368
1933M9,26.33,0,0,6.958758966462368
1933M10,26.33,0,0,6.958758966462368
1933M11,26.33,0,0,6.958758966462368
1933M12,26.33,0,0,6.958758966462368
1934M1,34.69,27.57424874734403,15.91999993698077,7.959999968490387
1934M2,34.69,0,15.91999993698077,7.959999968490387
1934M3,34.69,0,15.91999993698077,7.959999968490387
1934M4,34.69,0,0,7.959999968490387
1934M5,34.69,0,0,7.959999968490387
1934M6,34.69,0,0,7.959999968490387
1934M7,34.69,0,0,7.959999968490387
1934M8,34.69,0,0,7.959999968490387
1934M9,34.69,0,0,7.959999968490387
1934M10,34.69,0,0,7.959999968490387
1934M11,34.69,0,0,7.959999968490387
1934M12,34.69,0,0,7.959999968490387
1935M1,34.84,0.431469100264386,0.2491088011845358,0.1245544005923244
1935M2,34.84,0,0.2491088011845358,0.1245544005923244
1935M3,34.84,0,0.2491088011845358,0.1245544005923244
1935M4,34.84,0,0,0.1245544005923244
1935M5,34.84,0,0,0.1245544005923244
1935M6,34.84,0,0,0.1245544005923244
1935M7,34.84,0,0,0.1245544005923244
1935M8,34.84,0,0,0.1245544005923244
1935M9,34.84,0,0,0.1245544005923244
1935M10,34.84,0,0,0.1245544005923244
1935M11,34.84,0,0,0.1245544005923244
1935M12,34.84,0,0,0.1245544005923244
1936M1,34.87,0.08607087032575883,0.04969304015139119,0.0248465200759804
1936M2,34.87,0,0.04969304015139119,0.0248465200759804
1936M3,34.87,0,0.04969304015139119,0.0248465200759804
1936M4,34.87,0,0,0.0248465200759804
1936M5,34.87,0,0,0.0248465200759804
1936M6,34.87,0,0,0.0248465200759804
1936M7,34.87,0,0,0.0248465200759804
1936M8,34.87,0,0,0.0248465200759804
1936M9,34.87,0,0,0.0248465200759804
1936M10,34.87,0,0,0.0248465200759804
1936M11,34.87,0,0,0.0248465200759804
1936M12,34.87,0,0,0.0248465200759804
1937M1,34.79,-0.2296871523709062,0.1326099392505259,0.06630496962537025
1937M2,34.79,0,0.1326099392505259,0.06630496962537025
1937M3,34.79,0,0.1326099392505259,0.06630496962537025
1937M4,34.79,0,0,0.06630496962537025
1937M5,34.79,0,0,0.06630496962537025
1937M6,34.79,0,0,0.06630496962537025
1937M7,34.79,0,0,0.06630496962537025
1937M8,34.79,0,0,0.06630496962537025
1937M9,34.79,0,0,0.06630496962537025
1937M10,34.79,0,0,0.06630496962537025
1937M11,34.79,0,0,0.06630496962537025
1937M12,34.79,0,0,0.06630496962537025
1938M1,34.85,0.1723148042682238,0.09948599862933204,0.04974299931480804
1938M2,34.85,0,0.09948599862933205,0.04974299931480804
1938M3,34.85,0,0.09948599862933205,0.04974299931480804
1938M4,34.85,0,0,0.04974299931480804
1938M5,34.85,0,0,0.04974299931480804
1938M6,34.85,0,0,0.04974299931480804
1938M7,34.85,0,0,0.04974299931480804
1938M8,34.85,0,0,0.04974299931480804
1938M9,34.85,0,0,0.04974299931480804
1938M10,34.85,0,0,0.04974299931480804
1938M11,34.85,0,0,0.04974299931480804
1938M12,34.85,0,0,0.04974299931480804
1939M1,34.42,-1.241534642313952,0.7168003599481653,0.3584001799741029
1939M2,34.42,0,0.7168003599481653,0.3584001799741029
1939M3,34.42,0,0.7168003599481653,0.3584001799741029
1939M4,34.42,0,0,0.3584001799741029
1939M5,34.42,0,0,0.3584001799741029
1939M6,34.42,0,0,0.3584001799741029
1939M7,34.42,0,0,0.3584001799741029
1939M8,34.42,0,0,0.3584001799741029
1939M9,34.42,0,0,0.3584001799741029
1939M10,34.42,0,0,0.3584001799741029
1939M11,34.42,0,0,0.3584001799741029
1939M12,34.42,0,0,0.3584001799741029
1940M1,33.85,-1.66987914251094,0.9641051724428021,0.4820525862214162
1940M2,33.85,0,0.9641051724428021,0.4820525862214162
1940M3,33.85,0,0.9641051724428021,0.4820525862214162
1940M4,33.85,0,0,0.4820525862214162
1940M5,33.85,0,0,0.4820525862214162
1940M6,33.85,0,0,0.4820525862214162
1940M7,33.85,0,0,0.4820525862214162
1940M8,33.85,0,0,0.4820525862214162
1940M9,33.85,0,0,0.4820525862214162
1940M10,33.85,0,0,0.4820525862214162
1940M11,33.85,0,0,0.4820525862214162
1940M12,33.85,0,0,0.4820525862214162
1941M1,33.85,0,0,0
1941M2,33.85,0,0,0
1941M3,33.85,0,0,0
1941M4,33.85,0,0,0
1941M5,33.85,0,0,0
1941M6,33.85,0,0,0
1941M7,33.85,0,0,0
1941M8,33.85,0,0,0
1941M9,33.85,0,0,0
1941M10,33.85,0,0,0
1941M11,33.85,0,0,0
1941M12,33.85,0,0,0
1942M1,33.85,0,0,0
1942M2,33.85,0,0,0
1942M3,33.85,0,0,0
1942M4,33.85,0,0,0
1942M5,33.85,0,0,0
1942M6,33.85,0,0,0
1942M7,33.85,0,0,0
1942M8,33.85,0,0,0
1942M9,33.85,0,0,0
1942M10,33.85,0,0,0
1942M11,33.85,0,0,0
1942M12,33.85,0,0,0
1943M1,33.85,0,0,0
1943M2,33.85,0,0,0
1943M3,33.85,0,0,0
1943M4,33.85,0,0,0
1943M5,33.85,0,0,0
1943M6,33.85,0,0,0
1943M7,33.85,0,0,0
1943M8,33.85,0,0,0
1943M9,33.85,0,0,0
1943M10,33.85,0,0,0
1943M11,33.85,0,0,0
1943M12,33.85,0,0,0
1944M1,33.85,0,0,0
1944M2,33.85,0,0,0
1944M3,33.85,0,0,0
1944M4,33.85,0,0,0
1944M5,33.85,0,0,0
1944M6,33.85,0,0,0
1944M7,33.85,0,0,0
1944M8,33.85,0,0,0
1944M9,33.85,0,0,0
1944M10,33.85,0,0,0
1944M11,33.85,0,0,0
1944M12,33.85,0,0,0
1945M1,34.71,2.508883051541098,1.448504305172524,0.7242521525862715
1945M2,34.71,0,1.448504305172524,0.7242521525862715
1945M3,34.71,0,1.448504305172524,0.7242521525862715
1945M4,34.71,0,0,0.7242521525862715
1945M5,34.71,0,0,0.7242521525862715
1945M6,34.71,0,0,0.7242521525862715
1945M7,34.71,0,0,0.7242521525862715
1945M8,34.71,0,0,0.7242521525862715
1945M9,34.71,0,0,0.7242521525862715
1945M10,34.71,0,0,0.7242521525862715
1945M11,34.71,0,0,0.7242521525862715
1945M12,34.71,0,0,0.7242521525862715
1946M1,34.71,0,0,0
1946M2,34.71,0,0,0
1946M3,34.71,0,0,0
1946M4,34.71,0,0,0
1946M5,34.71,0,0,0
1946M6,34.71,0,0,0
1946M7,34.71,0,0,0
1946M8,34.71,0,0,0
1946M9,34.71,0,0,0
1946M10,34.71,0,0,0
1946M11,34.71,0,0,0
1946M12,34.71,0,0,0
1947M1,34.71,0,0,0
1947M2,34.71,0,0,0
1947M3,34.71,0,0,0
1947M4,34.71,0,0,0
1947M5,34.71,0,0,0
1947M6,34.71,0,0,0
1947M7,34.71,0,0,0
1947M8,34.71,0,0,0
1947M9,34.71,0,0,0
1947M10,34.71,0,0,0
1947M11,34.71,0,0,0
1947M12,34.71,0,0,0
1948M1,34.71,0,0,0
1948M2,34.71,0,0,0
1948M3,34.71,0,0,0
1948M4,34.71,0,0,0
1948M5,34.71,0,0,0
1948M6,34.71,0,0,0
1948M7,34.71,0,0,0
1948M8,34.71,0,0,0
1948M9,34.71,0,0,0
1948M10,34.71,0,0,0
1948M11,34.71,0,0,0
1948M12,34.71,0,0,0
1949M1,31.69,-9.10266561708655,5.255426444368065,2.627713222184036
1949M2,31.69,0,5.255426444368065,2.627713222184036
1949M3,31.69,0,5.255426444368065,2.627713222184036
1949M4,31.69,0,0,2.627713222184036
1949M5,31.69,0,0,2.627713222184036
1949M6,31.69,0,0,2.627713222184036
1949M7,31.69,0,0,2.627713222184036
1949M8,31.69,0,0,2.627713222184036
1949M9,31.69,0,0,2.627713222184036
1949M10,31.69,0,0,2.627713222184036
1949M11,31.69,0,0,2.627713222184036
1949M12,31.69,0,0,2.627713222184036
1950M1,34.72,9.131471608931994,5.27205759151431,2.636028795757156
1950M2,34.72,0,5.272057591514311,2.636028795757156
1950M3,34.72,0,5.272057591514311,2.636028795757156
1950M4,34.72,0,0,2.636028795757156
1950M5,34.72,0,0,2.636028795757156
1950M6,34.72,0,0,2.636028795757156
1950M7,34.72,0,0,2.636028795757156
1950M8,34.72,0,0,2.636028795757156
1950M9,34.72,0,0,2.636028795757156
1950M10,34.72,0,0,2.636028795757156
1950M11,34.72,0,0,2.636028795757156
1950M12,34.72,0,0,2.636028795757156
1951M1,34.72,0,0,0
1951M2,34.72,0,0,0
1951M3,34.72,0,0,0
1951M4,34.72,0,0,0
1951M5,34.72,0,0,0
1951M6,34.72,0,0,0
1951M7,34.72,0,0,0
1951M8,34.72,0,0,0
1951M9,34.72,0,0,0
1951M10,34.72,0,0,0
1951M11,34.72,0,0,0
1951M12,34.72,0,0,0
1952M1,34.6,-0.346220772847075,0.1998906564022266,0.0999453282011494
1952M2,34.6,0,0.1998906564022266,0.0999453282011494
1952M3,34.6,0,0.1998906564022266,0.0999453282011494
1952M4,34.6,0,0,0.0999453282011494
1952M5,34.6,0,0,0.0999453282011494
1952M6,34.6,0,0,0.0999453282011494
1952M7,34.6,0,0,0.0999453282011494
1952M8,34.6,0,0,0.0999453282011494
1952M9,34.6,0,0,0.0999453282011494
1952M10,34.6,0,0,0.0999453282011494
1952M11,34.6,0,0,0.0999453282011494
1952M12,34.6,0,0,0.0999453282011494
1953M1,34.84,0.6912469920623581,0.3990916369436872,0.1995458184718609
1953M2,34.84,0,0.3990916369436872,0.1995458184718609
1953M3,34.84,0,0.3990916369436872,0.1995458184718609
1953M4,34.84,0,0,0.1995458184718609
1953M5,34.84,0,0,0.1995458184718609
1953M6,34.84,0,0,0.1995458184718609
1953M7,34.84,0,0,0.1995458184718609
1953M8,34.84,0,0,0.1995458184718609
1953M9,34.84,0,0,0.1995458184718609
1953M10,34.84,0,0,0.1995458184718609
1953M11,34.84,0,0,0.1995458184718609
1953M12,34.84,0,0,0.1995458184718609
1954M1,35.04,0.5724114083888422,0.3304818807204691,0.1652409403602555
1954M2,35.04,0,0.3304818807204691,0.1652409403602555
1954M3,35.04,0,0.3304818807204691,0.1652409403602555
1954M4,35.04,0,0,0.1652409403602555
1954M5,35.04,0,0,0.1652409403602555
1954M6,35.04,0,0,0.1652409403602555
1954M7,35.04,0,0,0.1652409403602555
1954M8,35.04,0,0,0.1652409403602555
1954M9,35.04,0,0,0.1652409403602555
1954M10,35.04,0,0,0.1652409403602555
1954M11,35.04,0,0,0.1652409403602555
1954M12,35.04,0,0,0.1652409403602555
1955M1,35.03,-0.02854288587951985,0.01647924284512638,0.00823962142299468
1955M2,35.03,0,0.01647924284512638,0.00823962142299468
1955M3,35.03,0,0.01647924284512638,0.00823962142299468
1955M4,35.03,0,0,0.00823962142299468
1955M5,35.03,0,0,0.00823962142299468
1955M6,35.03,0,0,0.00823962142299468
1955M7,35.03,0,0,0.00823962142299468
1955M8,35.03,0,0,0.00823962142299468
1955M9,35.03,0,0,0.00823962142299468
1955M10,35.03,0,0,0.00823962142299468
1955M11,35.03,0,0,0.00823962142299468
1955M12,35.03,0,0,0.00823962142299468
1956M1,34.99,-0.1142530829798818,0.06596404821396284,0.03298202410708961
1956M2,34.99,0,0.06596404821396284,0.03298202410708961
1956M3,34.99,0,0.06596404821396284,0.03298202410708961
1956M4,34.99,0,0,0.03298202410708961
1956M5,34.99,0,0,0.03298202410708961
1956M6,34.99,0,0,0.03298202410708961
1956M7,34.99,0,0,0.03298202410708961
1956M8,34.99,0,0,0.03298202410708961
1956M9,34.99,0,0,0.03298202410708961
1956M10,34.99,0,0,0.03298202410708961
1956M11,34.99,0,0,0.03298202410708961
1956M12,34.99,0,0,0.03298202410708961
1957M1,34.95,-0.114383769977734,0.06603950038735265,0.03301975019378438
1957M2,34.95,0,0.06603950038735265,0.03301975019378438
1957M3,34.95,0,0.06603950038735265,0.03301975019378438
1957M4,34.95,0,0,0.03301975019378438
1957M5,34.95,0,0,0.03301975019378438
1957M6,34.95,0,0,0.03301975019378438
1957M7,34.95,0,0,0.03301975019378438
1957M8,34.95,0,0,0.03301975019378438
1957M9,34.95,0,0,0.03301975019378438
1957M10,34.95,0,0,0.03301975019378438
1957M11,34.95,0,0,0.03301975019378438
1957M12,34.95,0,0,0.03301975019378438
1958M1,35.1,0.4282661792000728,0.2472595938459184,0.1236297969229874
1958M2,35.1,0,0.2472595938459184,0.1236297969229874
1958M3,35.1,0,0.2472595938459184,0.1236297969229874
1958M4,35.1,0,0,0.1236297969229874
1958M5,35.1,0,0,0.1236297969229874
1958M6,35.1,0,0,0.1236297969229874
1958M7,35.1,0,0,0.1236297969229874
1958M8,35.1,0,0,0.1236297969229874
1958M9,35.1,0,0,0.1236297969229874
1958M10,35.1,0,0,0.1236297969229874
1958M11,35.1,0,0,0.1236297969229874
1958M12,35.1,0,0,0.1236297969229874
1959M1,35.1,0,0,0
1959M2,35.1,0,0,0
1959M3,35.1,0,0,0
1959M4,35.1,0,0,0
1959M5,35.1,0,0,0
1959M6,35.1,0,0,0
1959M7,35.1,0,0,0
1959M8,35.1,0,0,0
1959M9,35.1,0,0,0
1959M10,35.1,0,0,0
1959M11,35.1,0,0,0
1959M12,35.1,0,0,0
1960M1,35.27,0.483161377614063,0.27895335142746,0.1394766757137549
1960M2,35.27,0,0.27895335142746,0.1394766757137549
1960M3,35.27,0,0.27895335142746,0.1394766757137549
1960M4,35.27,0,0,0.1394766757137549
1960M5,35.27,0,0,0.1394766757137549
1960M6,35.27,0,0,0.1394766757137549
1960M7,35.27,0,0,0.1394766757137549
1960M8,35.27,0,0,0.1394766757137549
1960M9,35.27,0,0,0.1394766757137549
1960M10,35.27,0,0,0.1394766757137549
1960M11,35.27,0,0,0.1394766757137549
1960M12,35.27,0,0,0.1394766757137549
1961M1,35.25,-0.05672149896830443,0.03274817269775491,0.01637408634909472
1961M2,35.25,0,0.03274817269775491,0.01637408634909472
1961M3,35.25,0,0.03274817269775491,0.01637408634909472
1961M4,35.25,0,0,0.01637408634909472
1961M5,35.25,0,0,0.01637408634909472
1961M6,35.25,0,0,0.01637408634909472
1961M7,35.25,0,0,0.01637408634909472
1961M8,35.25,0,0,0.01637408634909472
1961M9,35.25,0,0,0.01637408634909472
1961M10,35.25,0,0,0.01637408634909472
1961M11,35.25,0,0,0.01637408634909472
1961M12,35.25,0,0,0.01637408634909472
1962M1,35.23,-0.05675369051314587,0.03276675849483499,0.01638337924763464
1962M2,35.23,0,0.03276675849483499,0.01638337924763464
1962M3,35.23,0,0.03276675849483499,0.01638337924763464
1962M4,35.23,0,0,0.01638337924763464
1962M5,35.23,0,0,0.01638337924763464
1962M6,35.23,0,0,0.01638337924763464
1962M7,35.23,0,0,0.01638337924763464
1962M8,35.23,0,0,0.01638337924763464
1962M9,35.23,0,0,0.01638337924763464
1962M10,35.23,0,0,0.01638337924763464
1962M11,35.23,0,0,0.01638337924763464
1962M12,35.23,0,0,0.01638337924763464
1963M1,35.09,-0.3981802758022304,0.2298894894203542,0.1149447447102085
1963M2,35.09,0,0.2298894894203542,0.1149447447102085
1963M3,35.09,0,0.2298894894203542,0.1149447447102085
1963M4,35.09,0,0,0.1149447447102085
1963M5,35.09,0,0,0.1149447447102085
1963M6,35.09,0,0,0.1149447447102085
1963M7,35.09,0,0,0.1149447447102085
1963M8,35.09,0,0,0.1149447447102085
1963M9,35.09,0,0,0.1149447447102085
1963M10,35.09,0,0,0.1149447447102085
1963M11,35.09,0,0,0.1149447447102085
1963M12,35.09,0,0,0.1149447447102085
1964M1,35.1,0.02849408766963703,0.01645106918551552,0.008225534593188968
1964M2,35.1,0,0.01645106918551552,0.008225534593188968
1964M3,35.1,0,0.01645106918551552,0.008225534593188968
1964M4,35.1,0,0,0.008225534593188968
1964M5,35.1,0,0,0.008225534593188968
1964M6,35.1,0,0,0.008225534593188968
1964M7,35.1,0,0,0.008225534593188968
1964M8,35.1,0,0,0.008225534593188968
1964M9,35.1,0,0,0.008225534593188968
1964M10,35.1,0,0,0.008225534593188968
1964M11,35.1,0,0,0.008225534593188968
1964M12,35.1,0,0,0.008225534593188968
1965M1,35.12,0.0569638295095708,0.03288808230099195,0.01644404115071143
1965M2,35.12,0,0.03288808230099195,0.01644404115071143
1965M3,35.12,0,0.03288808230099195,0.01644404115071143
1965M4,35.12,0,0,0.01644404115071143
1965M5,35.12,0,0,0.01644404115071143
1965M6,35.12,0,0,0.01644404115071143
1965M7,35.12,0,0,0.01644404115071143
1965M8,35.12,0,0,0.01644404115071143
1965M9,35.12,0,0,0.01644404115071143
1965M10,35.12,0,0,0.01644404115071143
1965M11,35.12,0,0,0.01644404115071143
1965M12,35.12,0,0,0.01644404115071143
1966M1,35.13,0.02846975108199628,0.01643701845008923,0.008218509225476197
1966M2,35.13,0,0.01643701845008923,0.008218509225476197
1966M3,35.13,0,0.01643701845008923,0.008218509225476197
1966M4,35.13,0,0,0.008218509225476197
1966M5,35.13,0,0,0.008218509225476197
1966M6,35.13,0,0,0.008218509225476197
1966M7,35.13,0,0,0.008218509225476197
1966M8,35.13,0,0,0.008218509225476197
1966M9,35.13,0,0,0.008218509225476197
1966M10,35.13,0,0,0.008218509225476197
1966M11,35.13,0,0,0.008218509225476197
1966M12,35.13,0,0,0.008218509225476197
1967M1,34.95,-0.5136997597916357,0.2965846945982979,0.1482923472991734
1967M2,34.95,0,0.2965846945982979,0.1482923472991734
1967M3,34.95,0,0.2965846945982979,0.1482923472991734
1967M4,34.95,0,0,0.1482923472991734
1967M5,34.95,0,0,0.1482923472991734
1967M6,34.95,0,0,0.1482923472991734
1967M7,34.95,0,0,0.1482923472991734
1967M8,34.95,0,0,0.1482923472991734
1967M9,34.95,0,0,0.1482923472991734
1967M10,34.95,0,0,0.1482923472991734
1967M11,34.95,0,0,0.1482923472991734
1967M12,34.95,0,0,0.1482923472991734
1968M1,35.5,1.56142278015508,0.9014878624413347,0.4507439312206747
1968M2,36,1.398624197473987,0.8583602703866834,0.5771429817329334
1968M3,37,2.739897418811434,0.7319289249141627,0.9142200567040945
1968M4,37.86,2.297723313695233,0.6834850661989574,1.037941011165104
1968M5,40.7,7.233294666737267,2.730872917459173,2.135617039386443
1968M6,41.14,1.07527917762617,3.260250220737434,2.099778024608901
1968M7,39.46,-4.16933836303418,5.707410503365617,2.624457557990484
1968M8,39.19,-0.6865888382929223,2.668949116081898,2.65580866759968
1968M9,40.18,2.49477471752483,3.333192200600106,2.671920767948512
1968M10,39.21,-2.443754308254809,2.503256995115879,2.855374023166483
1968M11,39.78,1.443245712158584,2.601395501978634,2.841696120556424
1968M12,41.08,3.215711163453123,2.894821593817154,2.88206047447595
1969M1,42.3,2.926570099187478,0.950919517119429,2.918025553037937
1969M2,42.6,0.7067167223092573,1.372734781107464,2.926182832534986
1969M3,43.16,1.305988711460901,1.148416298362299,2.895736537257899
1969M4,43.31,0.3469414836601622,0.4844819784193617,2.888358796272806
1969M5,43.46,0.3457419601748222,0.5540527723607968,2.154336766688936
1969M6,41.44,-4.759437687705609,2.947823177582261,2.630112467739621
1969M7,41.76,0.7692345623155645,3.077022967885096,2.269766723813041
1969M8,41.09,-1.617416067906478,2.772923184961384,2.328119733736895
1969M9,40.87,-0.5368485319132625,1.195099750342471,2.242402889036592
1969M10,40.44,-1.057690342391528,0.5404003576343032,2.129989616377167
1969M11,37.4,-7.814868973178442,4.059973743416309,3.111823795074165
1969M12,35.17,-6.147725793459511,3.520115772792497,3.261870091350518
1970M1,34.94,-0.6561141779980639,3.745773946157458,2.993309961001774
1970M2,34.99,0.1430001673686342,3.424656065122423,2.958155398755104
1970M3,35.09,0.2853883215527228,0.5074913923872486,2.879380024537681
1970M4,35.62,1.499108826639161,0.7452541564982452,2.972455295396427
1970M5,35.95,0.9221806305540222,0.6071062582322077,3.011668009923567
1970M6,35.42,-1.485245181236828,1.582977891351197,2.841006306451467
1970M7,35.32,-0.2827256618928233,1.203713103086853,2.786793141111503
1970M8,35.38,0.1697312995879928,0.855347653343247,2.821408435034836
1970M9,36.19,2.263614884401174,1.358486654727917,2.995896145113516
1970M10,37.52,3.60912865623729,1.733215218117121,3.279143898282529
1970M11,37.44,-0.2134472528632792,1.939000202978569,2.372833432170119
1970M12,37.44,0,2.148001240217823,1.377749155626248
1971M1,37.88,1.168361670848638,0.7438665455255513,1.336052867709277
1971M2,38.74,2.244938966097231,1.122782156672614,1.396627059911447
1971M3,38.87,0.3350086885281806,0.9575428215804855,1.394880899163101
1971M4,39.01,0.359527865443326,1.095689271165286,1.385622361290197
1971M5,40.52,3.797765586191752,1.992183272473122,1.641671551962812
1971M6,40.1,-1.041934506795917,2.490256760364426,1.584730535868482
1971M7,40.95,2.097547598655499,2.455259188139345,1.553574274104204
1971M8,42.71,4.208127455429656,2.641781148817278,1.729823617690761
1971M9,42.03,-1.604943583634985,2.942640061576549,1.936723622210854
1971M10,42.5,1.112042691334571,2.908595027100612,1.788274769172909
1971M11,42.86,0.8434914115059705,1.497162211969761,1.746544145935332
1971M12,43.48,1.436207220757773,0.2967924253779895,1.711170345686602
1972M1,45.75,5.089072946852174,2.299264469951372,2.038016445961349
1972M2,48.26,5.341126847535523,2.185381601815372,2.308809109692195
1972M3,48.33,0.144942566010706,2.929968358167446,2.32062720256104
1972M4,49.03,1.437986980614935,2.705143119024985,2.279647082247039
1972M5,54.62,10.79677603824169,5.812636418520052,3.418691506410846
1972M6,62.09,12.81848293312426,6.071654353346252,4.33590588527761
1972M7,65.66,5.590496669664509,3.729084540412273,4.339937620960551
1972M8,67.03,2.065036829641977,5.481928730061963,4.371632318392884
1972M9,65.46,-2.3701011296832,3.988952099754983,4.461586623751296
1972M10,64.86,-0.9208168193862477,2.261496397805918,4.604754057678185
1972M11,62.91,-3.05259672972337,1.088631468271343,4.936257006067221
1972M12,63.91,1.577071008025208,2.317245223190567,4.931851897757426
1973M1,65.14,1.906295618589699,2.772869318002233,4.907119263706545
1973M2,74.2,13.02253503252474,6.515082684154733,5.687171242641341
1973M3,84.37,12.84477380042006,6.367268942253828,6.151572301530486
1973M4,90.5,7.013796252834497,3.418987177967566,6.097824332306175
1973M5,101.96,11.92307288020343,3.134507636796301,6.201145120438816
1973M6,120.12,16.3910663607215,4.690365256250554,6.668245884230226
1973M7,120.17,0.04161638080788183,8.450211919775324,6.85122279665139
1973M8,106.76,-11.83240823868849,14.17075329551235,8.399004451034049
1973M9,102.97,-3.614564086766396,6.081297542207544,8.490360563103101
1973M10,100.08,-2.846781751000381,4.981029605691242,8.604631853777185
1973M11,94.92,-5.29354345910929,1.251339569164086,8.784910147136715
1973M12,106.72,11.71741505997508,9.196694889497934,9.07366759809521
1974M1,129.19,19.10756068048963,12.512665884761,9.979340645923875
1974M2,150.13,15.02173964520037,3.701953240955982,10.12816524276263
1974M3,168.42,11.49592741776326,3.809248533105533,10.05094569513898
1974M4,172.24,2.242799345426152,6.599912198549959,10.0911406907768
1974M5,163.27,-5.348358091803453,8.435796787971261,10.29993993445026
1974M6,154.1,-5.780352981200311,4.512635299495589,9.838414299937883
1974M7,142.98,-7.489698198736434,1.132388192474723,10.21306784614777
1974M8,154.64,7.839507456136978,8.400466310614956,9.436849878357036
1974M9,151.75,-1.886540496046777,7.756458932386505,9.337946014306686
1974M10,158.78,4.528516635735977,4.944890072674244,9.142166836841705
1974M11,181.66,13.46172117771002,7.708482749530913,9.040211058221143
1974M12,183.78,1.160258199867145,6.357060375084094,8.88283033580517
1975M1,176.27,-4.172247964087677,9.043584107695061,7.896984251200423
1975M2,179.6,1.871524543623696,3.303248601133529,6.859158403539983
1975M3,178.16,-0.8050132918987034,3.028456984657951,6.106300336068488
1975M4,169.84,-4.782520555411146,3.348152102186757,6.255675459608987
1975M5,167.39,-1.453039828047214,2.134086234462479,6.057460833133205
1975M6,164.24,-1.899764640385029,1.807174896418111,5.807135490068217
1975M7,165.17,0.56464738223206,1.313008717520014,5.23288202506414
1975M8,163,-1.322504572623653,1.288920627486821,4.829263685242368
1975M9,144.17,-12.275704198295,6.933115620605031,6.05876928683622
1975M10,142.79,-0.9618139381608483,6.430484592832707,5.854387049704948
1975M11,142.42,-0.2594580888225168,6.743979872459946,3.764652146353258
1975M12,139.3,-2.215055776821856,0.9906463515114174,3.628416534065475
1976M1,131.05,-6.105095101634472,2.97568592516786,3.75918078095213
1976M2,131.06,0.007630384193532265,3.094030612433339,3.598547310712009
1976M3,132.76,1.288775324042287,3.95128808309576,3.74272155445797
1976M4,127.94,-3.698158282978218,2.5898426208127,3.694090906713332
1976M5,126.92,-0.8004437306996712,2.504365943907195,3.713422466180568
1976M6,125.71,-0.9579299788255234,1.629437669039734,3.732701816653416
1976M7,117.73,-6.558379983663419,3.279829062319924,3.813730363000789
1976M8,109.93,-6.855006749933303,3.322362165174398,3.948086755105138
1976M9,114.15,3.766957338503211,6.04878361533717,3.286789933589796
1976M10,116.15,1.736908624061354,5.638679347047595,3.448574519766947
1976M11,130.46,11.61842071515318,5.218729988293386,5.177406652930833
1976M12,133.93,2.625060903108081,5.46677260648482,5.239438984013518
1977M1,132.26,-1.254759315251455,6.603689495664618,4.931242453197715
1977M2,136.24,2.964835410791657,2.344263611986822,5.000882892870306
1977M3,148.23,8.434708517133542,4.858159430730187,5.524396492285302
1977M4,149.17,0.6321473640070644,4.005015727629785,5.333549081006209
1977M5,146.61,-1.731059521566576,5.319892654759071,5.373158088939551
1977M6,140.78,-4.057761177018766,2.344977949458963,5.557771521332198
1977M7,143.39,1.836980254696222,2.969074630959778,5.031027039062454
1977M8,144.94,1.075167295418752,3.206121494757051,4.277715485134449
1977M9,149.53,3.117717791461696,1.032203157642881,4.26160523928968
1977M10,158.95,6.109264576105941,2.531912983135544,4.398479045751948
1977M11,162.1,1.962374138481871,2.140127388064134,3.362794651755846
1977M12,160.45,-1.023106118576457,3.581910672469524,3.44623776450637
1978M1,173.18,7.634914846378937,4.397956674745685,3.741736554518333
1978M2,178.14,2.823824198406808,4.337948691803846,3.739495768607233
1978M3,183.61,3.024418493037238,2.721626594465755,3.213116404545494
1978M4,175.28,-4.642924764688461,4.369987238362627,3.707759408008498
1978M5,176.31,0.5859114005457772,3.917380015494696,3.591567441506707
1978M6,183.75,4.133232880027733,4.41484541682124,3.187149876514961
1978M7,188.73,2.674128415710188,1.782934183633203,3.187170378038292
1978M8,206.3,8.901399782715833,3.256872480566015,3.678881454408339
1978M9,212.08,2.763214190356401,3.569877853181649,3.678763418044654
1978M10,227.44,6.992290536197411,3.141313611117236,3.756536182908996
1978M11,206.2,-9.803989575988483,8.736272306222254,5.276202134778542
1978M12,207.85,0.7970094115786888,8.493896959527936,5.206937151169778
1979M1,227.28,8.936607184728617,9.39719992330044,5.343207969251091
1979M2,245.67,7.780643440427408,4.403794733630296,5.576793532612438
1979M3,242.05,-1.484485556450309,5.712238928055776,5.701861319809318
1979M4,239.11,-1.222061929119305,5.275101665052381,5.4005903350898
1979M5,257.59,7.444547650640083,5.081119000467663,5.530824022228792
1979M6,279.07,8.009347280864983,5.174424867114246,5.703363796353564
1979M7,294.74,5.463096537555596,1.337194823978497,5.724220267832202
1979M8,300.82,2.041846744195041,2.994422750479322,5.497193739090486
1979M9,354.95,16.54648552583276,7.582117204315056,6.715541153306636
1979M10,391.66,9.841718200329556,7.259206175691049,6.868345621279018
1979M11,391.99,0.08422127722997268,8.278172053501695,5.436281640720126
1979M12,455.08,14.92368984105256,7.541496416694425,5.872033316917286
1980M1,675.31,39.46986170330174,19.89117497836486,11.20394616333237
1980M2,665.32,-1.490371678219889,20.61422117260417,11.61347140633162
1980M3,553.58,-18.38618514391063,29.75043805874396,13.73876128744856
1980M4,517.41,-6.757067951180916,8.645258517257469,14.12353189580727
1980M5,513.8,-0.7001512295635752,8.988125522731652,14.26546931900851
1980M6,600.72,15.62948511158454,11.57944314463326,14.54191878023568
1980M7,643.27,6.843560699725228,8.172689076808842,14.53938931068313
1980M8,627.15,-2.537879631819721,9.08530894893078,14.72607000496702
1980M9,673.63,7.149525228280089,5.506826822386849,14.36682139275933
1980M10,661.15,-1.870025575065264,5.410547394653248,14.43080981216486
1980M11,624.77,-5.659716099504695,6.580155955074078,14.67877573688466
1980M12,538.26,-14.90418672085377,6.704617166729104,15.15718796989928
1981M1,557.39,3.492345964992247,9.19830502468424,9.411131538735805
1981M2,499.76,-10.91371912638551,9.677215146078197,9.786871597748474
1981M3,499.11,-0.1301470845553309,7.4938040328035,8.392995233607031
1981M4,495.8,-0.6653892738670968,6.077282492317569,8.18576757889191
1981M5,479.7,-3.301171109307195,1.697509128635561,8.230039151504648
1981M6,461.09,-3.956765680010335,1.742139908851814,6.48114918769204
1981M7,409.07,-11.97069611652027,4.827241260683057,6.368050640800123
1981M8,410.16,0.2661036932733168,6.215504489714934,6.468121696302265
1981M9,443.75,7.871401331418045,10.01073301414713,6.578970231319472
1981M10,437.76,-1.359052579549461,4.927524132840583,6.591967902106905
1981M11,413.37,-5.73277393202094,6.945073823340817,6.59424179752734
1981M12,410.09,-0.7966427869722785,2.70219459960999,5.537929955830595
1982M1,384.14,-6.536957832749281,3.108143048297515,5.343203882053424
1982M2,374.13,-2.64037388759404,2.930697517594647,4.743768393600233
1982M3,330.25,-12.47533871983307,4.952680541099251,5.484547940046946
1982M4,350.3,5.89399868010064,9.192339246062438,6.080833022532019
1982M5,333.71,-4.851757785885544,9.228784903724982,6.106671807646525
1982M6,314.98,-5.776320759815106,6.487455260587135,6.154339977286122
1982M7,338.97,7.340246314283004,7.320565921664348,6.170251720761422
1982M8,364.23,7.187392833472904,7.52911643913933,6.661092178087378
1982M9,437.31,18.28567895300375,6.363932414086158,8.377753411469921
1982M10,422.15,-3.52816246385221,10.90748028862717,8.430111561181654
1982M11,414.89,-1.734727626044881,12.10975340698296,8.273542903904305
1982M12,444.5,6.893663009889921,5.571953273447388,8.498426317303013
1983M1,481.29,7.951994407713493,5.313532630200061,8.409988273568406
1983M2,491.09,2.01574113551479,3.16631463144496,8.289070545657111
1983M3,419.7,-15.7087240046697,12.31005932295069,8.845716007531966
1983M4,432.88,3.092038299493472,10.55764922783827,8.770167489727237
1983M5,438.01,1.178118783157007,10.34647452415096,8.526004141865485
1983M6,412.84,-5.918163246831741,4.746999727363827,8.538257528723546
1983M7,402.91,-2.434689675383915,3.54833744473424,8.475007538381522
1983M8,416.2,3.245270201564072,4.625383675795463,8.306705037988122
1983M9,411.8,-1.062811936584495,2.963769121771143,6.307233636928253
1983M10,393.6,-4.520262941559068,3.890523618524369,6.356829923937385
1983M11,381.7,-3.070020542691434,1.736186283001715,6.390411181322185
1983M12,388.34,1.724628481512357,3.26829545703159,5.994338087564686
1984M1,370.89,-4.597572187936224,3.298795098187663,5.323884570816481
1984M2,385.96,3.982821446523777,4.447711240894624,5.492150936041621
1984M3,394.26,2.127685298564847,4.514675575451719,3.498880604435748
1984M4,381.37,-3.324055764252882,3.798101835497167,3.384931177109884
1984M5,377.4,-1.046439956085289,2.738128482432025,3.311589277509102
1984M6,377.7,0.07945967839613896,1.73393104077065,2.977256264135673
1984M7,347.71,-8.273143069251436,4.532454458914021,3.674540036638561
1984M8,347.7,-0.002876001208118658,4.798785770048235,3.426330015745844
1984M9,340.2,-2.180635905205429,4.286774216901893,3.428601085804664
1984M10,341,0.2348797321755329,1.331282701172349,3.332812071467758
1984M11,342,0.292825977908836,1.411623607118358,3.302099631514299
1984M12,319.54,-6.792827546317961,4.07427934783093,3.58627019708088
1985M1,302.79,-5.384296568054771,3.751003549807258,3.652138059791784
1985M2,299.1,-1.226153028297547,2.894304245799741,3.197820809345163
1985M3,313.5,4.702139443707305,5.069040026642492,3.573347327704105
1985M4,326.8,4.154900291287248,3.276172999903574,3.937933838186972
1985M5,316,-3.360614939893579,4.505375458463023,3.981513931061559
1985M6,316.5,0.1581027997318773,3.760291077158937,3.984377309254994
1985M7,317.2,0.2209248176462028,2.049908460229594,3.374305262190757
1985M8,330.4,4.077155188613014,2.244750576593245,3.652224449785949
1985M9,323.35,-2.156871375422111,3.146095850702108,3.651192407619641
1985M10,325.85,0.7701824885787536,3.118942127352035,3.663215276235344
1985M11,321.5,-1.343960910071533,1.510963823606908,3.666408909034508
1985M12,321.9,0.1243394627088343,1.083406780240446,3.087805749496758
1986M1,347.48,7.64661710869574,4.823053321972854,3.283728077693219
1986M2,338.89,-2.503153844333218,5.267925468670646,3.386712433939857
1986M3,345.7,1.989577597919118,5.086003379171093,3.205814479051404
1986M4,340.44,-1.533244831881849,2.364164305363995,3.085304254295488
1986M5,342.4,0.5740745658826649,1.77269670980897,2.856798591367194
1986M6,342.7,0.08757846129760803,1.103369207751238,2.858016646282311
1986M7,348.34,1.632358542307573,0.7898300379635338,2.867208308662971
1986M8,376.66,7.81639094629623,4.089888847318782,3.409895054472946
1986M9,417.73,10.34923670391939,4.484074213069229,4.156147305595525
1986M10,423.51,1.37418357584229,4.627254803294018,4.141759453472529
1986M11,397.56,-6.323126046441313,8.344337738378032,4.734395807955205
1986M12,390.92,-1.684293062916973,3.875599442240437,4.819556076884165
1987M1,408.26,4.3401290874803,5.346610199405687,4.529395304213107
1987M2,401.12,-1.76435919354547,3.501543707296576,4.477077780496335
1987M3,408.91,1.923444851875154,3.074221813327227,4.476333251367559
1987M4,438.35,6.952259510585971,4.375467921306575,4.638252843985522
1987M5,460.23,4.870868649019706,2.526805355590608,4.674906328686089
1987M6,449.59,-2.339030818554983,4.875840341786075,4.836752877704038
1987M7,450.52,0.2066414840253808,3.656458050521183,4.871023683311502
1987M8,461.15,2.332089850223211,2.338708565703943,4.536150913060641
1987M9,460.38,-0.1671134264098962,1.348038111996996,3.637183411417016
1987M10,465.35,1.07375752140906,1.249611804842544,3.633980578568465
1987M11,467.57,0.4759259508533176,0.6205727108355459,2.875924165185835
1987M12,486.24,3.915325902823028,1.83763369049309,2.791584077926994
1988M1,476.58,-2.006672929538731,2.973853824053466,2.870487582950489
1988M2,442.07,-7.516735929404296,5.717267735682365,3.767107768306017
1988M3,443.61,0.3477557474453138,4.036383653567593,3.75220324002518
1988M4,451.55,1.774031064330202,5.00337955697039,3.225996636615513
1988M5,451.07,-0.1063570595039593,0.981184591641173,2.878766428888187
1988M6,451.33,0.05762411506970205,1.041537496311597,2.796375615002228
1988M7,437.63,-3.082497473584864,1.767515449318234,2.935460110088159
1988M8,431.28,-1.461627337320335,1.570334813861627,2.835635218318209
1988M9,413.46,-4.219675654624166,1.386075078212182,3.020162170382327
1988M10,406.78,-1.628827583982225,1.5463548626912,2.960111915921116
1988M11,420.17,3.238689253082442,3.786652457003056,3.193820887284009
1988M12,419.05,-0.2669146743258553,2.511201101347537,2.829048074539826
1989M1,404.01,-3.655061441485513,3.447042114879758,2.908597924153816
1989M2,387.51,-4.169797521802627,2.120416086106685,2.37844039061163
1989M3,390.15,0.6789625650736444,2.66330595632235,2.398575826264997
1989M4,384.4,-1.484760346663281,2.429046309793791,2.225524945397684
1989M5,371.05,-3.534685267999482,2.107080012839627,2.27209000844412
1989M6,367.6,-0.9341433934610543,1.370412909399557,2.22272748948472
1989M7,375.04,2.003729646706114,2.770919095679249,2.413940750179716
1989M8,365.14,-2.675184526322904,2.36483121543684,2.447151297632176
1989M9,361.75,-0.9327476173770959,2.364713617005351,2.279513970085906
1989M10,366.88,1.408145359800101,2.048961089233458,2.383311646483329
1989M11,394.26,7.197577102823717,4.18528135043179,3.152252206337196
1989M12,409.39,3.765765680178582,2.911277586753117,3.388967305030472
1990M1,410.11,0.1757169457617363,3.511227221865544,3.208987574639451
1990M2,416.81,1.620506607656835,1.806377755382359,2.927491499265443
1990M3,393.06,-5.866821050196281,3.971980153856189,3.472124992813396
1990M4,374.24,-4.906496913597109,4.073983981105911,3.740800373625135
1990M5,369.05,-1.396516661980756,2.353217837252057,3.617624827165796
1990M6,352.33,-4.636389979662408,1.953189623714619,3.850703369428796
1990M7,362.53,2.853899307167603,3.756488799970313,3.905448740826083
1990M8,394.73,8.509475738329074,6.594236926344229,4.562014641290726
1990M9,389.32,-1.380035931611132,4.961756971153843,4.577915854111549
1990M10,380.74,-2.22849000806501,5.969732318963511,4.640370214399277
1990M11,381.73,0.2596824940885911,1.26488163055552,4.105454829294428
1990M12,376.95,-1.26009997608179,1.254227545221362,3.908021203806565
1991M1,383.64,1.759206020203952,1.509664325891403,3.966137009904155
1991M2,363.83,-5.301788728390714,3.542812054226275,4.121172896492641
1991M3,363.34,-0.1347690565244329,3.654743053448946,3.845570568556977
1991M4,358.38,-1.374515903832929,2.697484518749877,3.61910101626788
1991M5,356.95,-0.3998160023800115,0.6528478672718162,3.604579991826818
1991M6,366.72,2.700289813785066,2.127782006599139,3.415328511781509
1991M7,367.69,0.2641577767322029,1.632291668826463,3.322144763306301
1991M8,356.31,-3.14390533993835,2.935536592174332,2.138483743795616
1991M9,348.74,-2.147447956491096,1.752315788547127,2.166951552897202
1991M10,358.69,2.813184681031982,3.190812984163208,2.368955896662511
1991M11,360.17,0.4117636510885233,2.480734541081241,2.373774788600668
1991M12,361.73,0.4321934972392649,1.380601279573768,2.373775627952692
1992M1,354.45,-2.033078488191892,1.417464663096508,2.320229578589595
1992M2,353.91,-0.1524648779165629,1.288157529764989,1.801880338155089
1992M3,344.34,-2.741310217353476,1.337934971318688,1.941040581479592
1992M4,338.62,-1.675100664824038,1.301111239223201,1.955972020793392
1992M5,337.24,-0.4083691645610861,1.167905922257476,1.955944634014116
1992M6,340.81,1.053029419320108,1.365222098581879,1.761060287510633
1992M7,352.72,3.434940380200619,1.939940458853759,2.10795287777885
1992M8,343.06,-2.776918206800325,3.133932187877365,2.065919642145586
1992M9,345.43,0.6884658778490954,3.112854963724435,1.998446404156129
1992M10,344.38,-0.3044318902130121,1.784559769134151,1.778785373682679
1992M11,335.02,-2.755546732249922,1.772711332262648,1.888799131845206
1992M12,334.82,-0.05971575479018599,1.490824973787918,1.869524464857774
1993M1,329.01,-1.75049285474115,1.362373245323673,1.85213855678106
1993M2,329.31,0.09114109271076612,1.022505141516083,1.859058856561223
1993M3,330.08,0.233549295560685,1.106670603418027,1.742290733801441
1993M4,342.15,3.591418807556505,1.981056613563958,2.020007522720597
1993M5,367.18,7.060295363355289,3.413523450754564,2.838475990121795
1993M6,371.89,1.274592058880836,2.911905260310784,2.841637433864637
1993M7,392.19,5.314830462101042,2.967730243911725,3.048750139994117
1993M8,378.84,-3.463246388397782,4.393655894215119,3.129050594020355
1993M9,355.28,-6.420774137405381,6.103633056021727,3.765828127080975
1993M10,364.18,2.474203991985059,4.52991764693336,3.814798979073914
1993M11,373.83,2.615289771918856,5.176726637767393,3.716283884833534
1993M12,383.3,2.501682376362357,0.07479627801582109,3.728846483976376
1994M1,386.88,0.929659503991841,0.9421174689434353,3.619496555168807
1994M2,381.91,-1.292958867262694,1.906593406371331,3.684732374478332
1994M3,384.13,0.5796058208292826,1.195064051032419,3.677530321094121
1994M4,377.27,-1.801992547751163,1.254168023577308,3.696716266074779
1994M5,381.43,1.09662361657383,1.546032225754311,3.13956973597206
1994M6,385.64,1.097694414585937,1.673826021138375,3.135078316199567
1994M7,385.49,-0.03890394664761879,0.6559064755740904,2.70892445339532
1994M8,380.36,-1.339707965845995,1.219622707729317,2.536206841073306
1994M9,391.58,2.907166415788342,2.175904550991975,1.654406811085276
1994M10,389.77,-0.4633015262329997,2.242174703606896,1.602396463233722
1994M11,384.39,-1.389915937720249,2.26140019930874,1.553086904236681
1994M12,379.29,-1.335657819767842,0.5200262355251275,1.433778194608656
1995M1,378.55,-0.1952919442600408,0.6745992340066804,1.397535115216592
1995M2,376.64,-0.5058340477403805,0.5895589058321131,1.35854840004113
1995M3,382.12,1.444487132989577,1.047939607692222,1.420331293967353
1995M4,391.03,2.304958798295381,1.440180580003841,1.452581686938573
1995M5,385.22,-1.496968372868499,1.993624095066086,1.514662028301641
1995M6,387.56,0.6056075860726908,1.904524018419986,1.49115421537693
1995M7,386.23,-0.343762858075032,1.052933431156816,1.495237847073097
1995M8,383.67,-0.6650238822714649,0.6606836376351212,1.451677381934774
1995M9,383.06,-0.1591173238823301,0.2560091355086809,1.144712629103783
1995M10,383.14,0.02088227624398209,0.3556235275665882,1.142477697775701
1995M11,385.31,0.5647747460594816,0.3768816356385531,1.086505414042068
1995M12,387.44,0.5512792997423769,0.3101940651502293,1.006048533684915
1996M1,399.45,3.05276028330773,1.44035072533071,1.292799444775041
1996M2,404.76,1.320569793350834,1.281255820682059,1.277740526042714
1996M3,396.21,-2.134992513773658,2.641154224814716,1.466548173028095
1996M4,392.85,-0.8516514101991932,1.746731242621142,1.353296392355374
1996M5,391.93,-0.2344607205715387,0.9695282213922398,1.269539773258608
1996M6,385.27,-1.713886522205612,0.7430875271771562,1.365780760828722
1996M7,383.47,-0.4682996304516208,0.7952848591564606,1.368691029064796
1996M8,387.35,1.006728618836882,1.361919098599188,1.386448583063324
1996M9,383.14,-1.092821944095666,1.078103970152076,1.426676936518048
1996M10,381.07,-0.5417372351877848,1.088542865775163,1.43520986086931
1996M11,377.85,-0.8485793818348233,0.2761342935867619,1.438595969405568
1996M12,369,-2.370064742620179,0.9791025891493867,1.549643263274133
1997M1,355.11,-3.836904340661522,1.494245750036334,1.422632076618883
1997M2,346.58,-2.431392842181266,0.8297431444464285,1.275635513844318
1997M3,351.81,1.497758492898356,2.765029244392676,1.473418907499367
1997M4,344.47,-2.108425320788265,2.181249639233026,1.506941361344486
1997M5,343.84,-0.1830571038999961,1.804473401445082,1.509681019874417
1997M6,340.76,-0.8998015719560604,0.9730995811778329,1.49738156690983
1997M7,324.1,-5.012630702713791,2.60620628620909,1.872085942404996
1997M8,324.01,-0.02777306339311116,2.662223471174885,1.772251687659611
1997M9,322.82,-0.3679487168437128,2.785007358139813,1.79909396416606
1997M10,324.87,0.6330209963264208,0.508970960409712,1.881740136013478
1997M11,306.04,-5.970928994474653,3.559201311137181,2.29770458098673
1997M12,288.74,-5.818918316198264,3.769676900827841,2.579806012866799
1998M1,289.1,0.1246019820631865,3.476205754077406,2.582973351017057
1998M2,297.49,2.860796195306142,4.437522512800122,2.883609233242667
1998M3,295.94,-0.5223879900973688,1.795888360905833,2.76363338620762
1998M4,308.29,4.088416735263962,2.38790381010565,3.175828977062884
1998M5,299.1,-3.02629327911255,3.608974011646505,3.221203628271612
1998M6,292.32,-2.292887300620582,3.913183361330234,3.235977853582025
1998M7,292.87,0.187973192278463,1.684441651488734,3.032133582522454
1998M8,284.11,-3.036733743816851,1.688525547135791,3.082463179290666
1998M9,288.98,1.699599445115281,2.419249223366067,3.18294844591549
1998M10,295.93,2.376545830477011,2.949426617573284,3.298134329333436
1998M11,294.12,-0.6135092542213849,1.567862540378318,2.865438933064915
1998M12,291.68,-0.8330536397668564,1.793049446526886,2.303792225700149
1999M1,287.08,-1.589638836848185,0.5120953458981788,2.353682339843178
1999M2,287.33,0.08704584383467959,0.8396701473991808,2.169963573295276
1999M3,285.96,-0.4779440101566837,0.853068035704031,2.169567983055177
1999M4,282.62,-1.17487017440509,0.6321064850448435,1.682116211726745
1999M5,276.44,-2.21094399314065,0.8720133769332179,1.594892317413263
1999M6,261.31,-5.628635724138782,2.330596965657581,2.112675319102207
1999M7,256.08,-2.021754632019828,2.030024654824687,2.102219059845294
1999M8,256.69,0.2379235476940403,2.958948416202534,2.042286084015668
1999M9,264.74,3.087908114707682,2.560508116676033,2.230257976743655
1999M10,310.72,16.01439728173353,8.407473438339332,5.308155200312068
1999M11,293.18,-5.81054302410751,10.97424693094884,5.602768294168873
1999M12,283.07,-3.509253798124993,11.99164224882763,5.690361909850061
2000M1,284.32,0.4406147525706168,3.161602104901824,5.677066935529671
2000M2,299.86,5.321533466041589,4.42356629806482,5.888282662325117
2000M3,286.39,-4.596118079096868,4.959029765251343,6.058824381949327
2000M4,279.69,-2.367267129907643,5.203288116322143,6.089767068828849
2000M5,275.19,-1.622007878703804,1.547499024732363,6.073443812061767
2000M6,285.73,3.758554078465064,3.342442814354591,5.889627852568213
2000M7,281.59,-1.459519668461705,3.060641082675441,5.867817277080008
2000M8,274.47,-2.561014693015382,3.375858764199883,5.946911466787677
2000M9,273.68,-0.2882424690204409,1.136564644679124,5.89599142165719
2000M10,270,-1.353758167097453,1.137122509112364,3.194277944072629
2000M11,266.01,-1.488805693834942,0.6576363729423469,2.848494532513399
2000M12,271.45,2.024405829143484,1.990514381810309,2.819640685382844
2001M1,265.49,-2.220078516222973,2.269106377115958,2.856253177972428
2001M2,261.87,-1.372897777386216,2.24629451754268,2.172684147952762
2001M3,263.03,0.4419896698151065,1.360033006791755,1.913040439816248
2001M4,260.48,-0.974201129934359,0.9537969598741032,1.844300125479793
2001M5,272.36,4.459863780059043,2.818923263502173,2.31213376546732
2001M6,270.23,-0.7851272384410314,3.084227109196343,1.972355765097557
2001M7,267.53,-1.004173864987286,3.093369780547542,1.955789129293911
2001M8,272.39,1.800315330148941,1.559789213628533,1.928178903015173
2001M9,283.42,3.969503351475227,2.493591832780476,2.248223629334094
2001M10,283.06,-0.1271007091031535,2.049490753389581,2.193850142808229
2001M11,276.16,-2.467848141062964,3.258342053045145,2.286470098965969
2001M12,275.85,-0.1123168176623314,1.355719053933575,2.223324252851403
2002M1,281.51,2.031073120902919,2.250294083211874,2.151661212430364
2002M2,295.5,4.85008659186839,2.488855325149399,2.398117494770481
2002M3,294.06,-0.4885008696641781,2.670692985221164,2.432833693511586
2002M4,302.68,2.889231367680966,2.700448862746523,2.413591563092794
2002M5,314.49,3.827613730627023,2.270039712175874,2.343051685213928
2002M6,321.18,2.104943450075398,0.8624830329039928,2.267943791249848
2002M7,313.29,-2.48724344737779,3.264281303626492,2.446582964985744
2002M8,310.26,-0.9718623523381906,2.339917887095874,2.526257609597839
2002M9,319.14,2.821922234609601,2.734849831165505,2.426896328403809
2002M10,316.56,-0.8117080905112272,2.145604818358489,2.463296446772772
2002M11,319.07,0.7897717371853026,1.821063911670674,2.222248840868611
2002M12,331.92,3.948346157559063,2.422101238323443,2.311047176606287
2003M1,356.859,7.244676975538623,3.227697602180227,2.840723444635773
2003M2,358.97,0.5898073756882731,3.327483258207366,2.712248511043146
2003M3,340.55,-5.267686184955395,6.260414683603631,3.330626643155855
2003M4,328.18,-3.699971934032312,3.032330383045174,3.565835303526309
2003M5,355.683,8.047764638121963,7.277456895132475,4.076646935785934
2003M6,356.352,0.1879121663566228,5.984733887493819,4.068063411442424
2003M7,351.02,-1.507580449224629,5.098310109334962,4.003978107629642
2003M8,359.768,2.461617736258866,1.991605987795522,3.97692952268484
2003M9,378.945,5.193169655604227,3.36937091287296,4.119376036788846
2003M10,378.92,-0.006597481084107596,2.600994698283212,4.085942925084361
2003M11,389.91,2.859084225427299,2.60440859294965,4.096967245524165
2003M12,406.953,4.278175639728259,2.182705995700843,4.114703352735027
2004M1,413.788,1.665606571538455,1.307907137920119,3.728078647570331
2004M2,404.878,-2.176797821588206,3.246954240583999,3.854889475728727
2004M3,406.667,0.4408881572595942,1.96283326675355,3.326777778341365
2004M4,403.26,-0.8413153521058185,1.308933353891467,3.009459740367748
2004M5,383.779,-4.95146491312204,2.817056587084063,2.859259547950222
2004M6,392.373,2.214605190571571,3.595936143948427,2.890231756860989
2004M7,398.091,1.446770438121675,3.934453510294732,2.799990245091086
2004M8,400.51,0.6058112620071023,0.8046738933199815,2.765896337130656
2004M9,405.275,1.182711404192424,0.4300684603141304,2.419844940429325
2004M10,420.464,3.679301435418752,1.633611408512214,2.570648116375585
2004M11,439.375,4.399439918310509,1.68814017743878,2.713647609490116
2004M12,442.079,0.6135336573597712,2.010415285466739,2.509113155217093
2005M1,424.03,-4.168439169258513,4.293578584941735,2.845531335138367
2005M2,423.35,-0.1604947357655659,2.566774975523574,2.750113980582187
2005M3,433.85,2.44995921512125,3.33369878628393,2.815090653464873
2005M4,429.233,-1.069895720656745,1.827149818247889,2.826033234658652
2005M5,421.873,-1.729557415811518,2.246956889855558,2.376181777824688
2005M6,430.657,2.06076287272767,2.024956981851521,2.368190477658851
2005M7,424.479,-1.444941503903424,2.110983076015803,2.439753936325747
2005M8,437.93,3.119654568963564,2.389098578582793,2.551754431367744
2005M9,456.048,4.053898687980919,2.942379786222693,2.725302519845008
2005M10,469.898,2.991758274248036,0.5798436275702196,2.670146659738799
2005M11,476.666,1.430038610848302,1.319832834737162,2.447314427398009
2005M12,510.097,6.778486772835506,2.750278130496557,3.013859341947422
2006M1,549.864,7.507007121048072,3.318287357286923,3.010407643883301
2006M2,554.995,0.9288129774541718,3.606061184564622,2.949703125501737
2006M3,557.093,0.3773087181876612,3.966723972720858,2.99762756134714
2006M4,610.653,9.179668452414754,4.930556255086171,3.444342403610302
2006M5,675.393,10.0765867266285,5.359757350950118,3.668817648256086
2006M6,596.145,-12.48108176030694,12.77263330807329,6.000191060425983
2006M7,633.71,6.110751047657868,12.04320352839719,5.920480201329059
2006M8,632.593,-0.1764191176534948,9.456827151115101,6.007422285721168
2006M9,598.186,-5.592550298811212,5.857050566985524,6.489123682762464
2006M10,585.78,-2.095744991238023,2.746086188850999,6.6022374454123
2006M11,627.827,6.93203583446037,6.462632742745739,6.760561311712628
2006M12,629.791,0.3123367503705596,4.67475668306229,6.627129934340081
2007M1,631.166,0.2180884114188774,3.849380658250056,6.381644443714093
2007M2,664.745,5.183460604203745,2.839942821069251,6.485633497142635
2007M3,654.895,-1.492859102870521,3.467840520184478,6.537423884726975
2007M4,679.368,3.668803679306964,3.500242684636783,6.117305789465949
2007M5,667.31,-1.790824867373519,3.069720132234046,5.415970253747935
2007M6,655.66,-1.761234365971771,3.143610785881783,3.844233916367982
2007M7,665.38,1.471594412306393,1.875074979116896,3.476517202893021
2007M8,665.411,0.004658883326612573,1.618716607056435,3.474149722764657
2007M9,712.653,6.858973107484283,3.609186716674724,3.372611475343063
2007M10,754.604,5.719848240553283,3.672932941009258,3.378356726710486
2007M11,806.248,6.619827914896224,0.6006606501493326,3.338819678915472
2007M12,803.203,-0.3783903496500187,3.807307364255863,3.377872384060704
2008M1,889.595,10.21588189866754,5.387412297876962,4.056079962704064
2008M2,922.298,3.610207877058234,5.350739038758004,3.999177704986506
2008M3,968.434,4.881195215897391,3.504977891004367,3.806112170242654
2008M4,909.705,-6.255996277610327,6.096370882201789,4.685867319134896
2008M5,888.663,-2.340228509985445,5.649767431817756,4.733331657766298
2008M6,889.488,0.09279302592384837,3.203122347149099,4.614375538959868
2008M7,939.772,5.499127636201459,4.012554309066316,4.675532067192874
2008M8,839.025,-11.33967892506735,8.597240596419228,6.205665217130064
2008M9,829.932,-1.089673367756186,8.485480923342825,6.054321304927979
2008M10,806.62,-2.849109215403661,5.480997512946474,5.986671560142232
2008M11,760.863,-5.839936219570455,2.401584818134488,5.919389545153358
2008M12,816.092,7.007377833309437,6.722460629407771,6.302793165017398
2009M1,858.69,5.088087839307868,6.930113783166681,5.702240113189583
2009M2,943,9.365831053348346,2.142625440802854,6.273953200840184
2009M3,924.273,-2.005880008441783,5.743681735945638,6.118379098781612
2009M4,890.2,-3.756132596728564,7.124665215872509,5.940424326624158
2009M5,928.645,4.228037787730037,4.196667168525832,6.025342015254462
2009M6,945.67,1.816713652566885,4.095079896069798,6.038753172267949
2009M7,934.228,-1.21731511971716,2.728604129175122,5.84240205226348
2009M8,949.375,1.608335356248566,1.694749377624264,4.639500578638778
2009M9,996.591,4.853658175209493,3.037903267038637,4.7093909828463
2009M10,1043.159,4.566843315066762,1.796624256100667,4.567666575599387
2009M11,1127.036,7.733756848887049,1.75150280544118,4.06398532737838
2009M12,1134.724,0.6798271796607741,3.533085515192756,3.944296932009576
2010M1,1117.963,-1.488117018304345,4.821840303007878,4.044990855451578
2010M2,1095.413,-2.037681826519005,1.436828609738849,3.512654412503577
2010M3,1113.337,1.623035062034243,1.974087843518271,3.359897078080839
2010M4,1148.688,3.125860979460641,2.655858561288274,2.931752425745564
2010M5,1205.434,4.821924655067045,1.600417255916479,2.975182735172932
2010M6,1232.92,2.254567160307796,1.305571995774252,2.973088097180196
2010M7,1192.966,-3.294269654783475,4.148363624805497,3.239310020017102
2010M8,1215.81,1.896787820690266,3.105497109160863,3.236906716344537
2010M9,1270.977,4.437537472049904,3.940882472050836,3.206358281753499
2010M10,1342.024,5.439302608899496,1.826123088447688,3.278278537165008
2010M11,1369.886,2.05486025537513,1.738540295410478,2.759882660868819
2010M12,1390.553,1.497398505226551,2.133222195402988,2.744446392351506
2011M1,1360.46,-2.187863189776674,2.305523064135888,2.824477574959965
2011M2,1374.68,1.039809890719689,2.0086651710088,2.59062899609702
2011M3,1423.26,3.472903823624995,2.839662620245452,2.62791249365504
2011M4,1480.89,3.969324339124292,1.567824092915523,2.670342111949118
2011M5,1512.58,2.117354369797446,0.9586223115550631,2.531816589327351
2011M6,1529.36,1.103254515254512,1.453303565304877,2.538611749861877
2011M7,1572.75,2.797633222937614,0.8526524338851196,1.974739292859358
2011M8,1759.01,11.19254713195823,5.402766640811412,3.227017909401467
2011M9,1772.14,0.7436705046443478,5.535828230127068,3.261519383108997
2011M10,1666.43,-6.150424215099147,8.731993089805561,4.025693449130104
2011M11,1739,4.262662168910971,5.296920683737356,4.088156578666538
2011M12,1639.97,-5.863228638627889,5.930830661132821,4.67811394644708
2012M1,1654.05,0.8548876904793125,5.152340545057566,4.548110904972231
2012M2,1744.82,5.342457258074694,5.639721684193613,4.665577848015731
2012M3,1675.95,-4.027122979208745,4.686173681264319,4.942550109708715
2012M4,1649.2,-1.608984682871169,4.864136985828791,4.937347320304427
2012M5,1589.04,-3.716026154804461,1.315535240805877,5.091053850484465
2012M6,1598.76,0.6098268475420546,2.163167144483961,5.086944908413957
2012M7,1594.29,-0.279983271170243,2.28440936726338,5.030685660071115
2012M8,1630.31,2.234168471877559,1.274833763475307,3.734938867560923
2012M9,1744.81,6.787548641971133,3.582462777283743,4.301953531040153
2012M10,1746.58,0.101392290843231,3.415325557042221,3.862638713107901
2012M11,1721.64,-1.438226519703882,4.372994585024962,3.689949889881128
2012M12,1684.762,-2.165301737883487,1.157365274704023,3.296870525021182
2013M1,1671.848,-0.7694706098208213,0.6981185880589624,3.301979992753
2013M2,1627.57,-2.684149651077945,0.9902477405613969,2.933497990395733
2013M3,1593.086,-2.141508926805046,0.9868252065706379,2.778451494025558
2013M4,1487.857,-6.833618601803404,2.566724395375183,3.334898927334174
2013M5,1414.027,-5.089516758355709,2.371656756271594,3.463017898109849
2013M6,1343.35,-5.127516789729072,0.9961692155337332,3.61733007491106
2013M7,1285.516,-4.400629999619301,0.4091400278592699,3.690945921253098
2013M8,1351.742,5.023393684313499,5.662472520212749,4.039079064189398
2013M9,1348.6,-0.2327113690004733,4.722471253455057,3.124802255985761
2013M10,1316.58,-2.402955202464836,3.818534981209293,3.043598946782518
2013M11,1275.86,-3.141700425888217,1.512058207373376,3.036661103311741
2013M12,1221.512,-4.353102538050948,0.9845738683117511,3.080289574729306
2014M1,1244.27,1.845957691316226,3.285639874230159,3.311568088424976
2014M2,1299.58,4.349212277635472,4.480046770636873,3.847611594491644
2014M3,1336.08,2.769881821740346,1.265846489615031,4.071440030131979
2014M4,1298.45,-2.856870815035775,3.787749187905336,3.743467572252018
2014M5,1288.74,-0.7506248548777292,2.842844366131077,3.530223594327722
2014M6,1279.1,-0.750829123887955,1.215982708981933,3.254798872296453
2014M7,1310.59,2.432071187785261,1.837589387202504,3.08620049975631
2014M8,1295.13,-1.186634128752303,1.975508734657531,2.692248519576307
2014M9,1236.55,-4.628583233520941,3.530695933874398,2.959653899752453
2014M10,1222.49,-1.14354815039967,1.999764134922408,2.916678005199593
2014M11,1175.33,-3.934080314565906,1.844580963898795,2.987128166303798
2014M12,1200.62,2.128913080568035,3.034687275949763,2.846052334026404
2015M1,1250.75,4.09052813518224,4.18334322648951,3.054810459277813
2015M2,1227.08,-1.910600810880773,3.059933406927079,2.774261157157603
2015M3,1178.63,-4.028461625124971,4.211430433628568,2.74462119114871
2015M4,1198.93,1.707674532997544,2.900589276829421,2.786648558711605
2015M5,1198.63,-0.02502544266384671,2.942023354122523,2.792476401207761
2015M6,1181.5,-1.439442028463147,1.576238462038607,2.802823119263774
2015M7,1128.31,-4.606387963076226,2.345883038231845,2.832900475816377
2015M8,1117.93,-0.9242177048154567,1.993881493772812,2.834429418936157
2015M9,1124.77,0.6099809344416016,2.680878206561776,2.660849837972046
2015M10,1159.25,3.019467397910837,1.987965571122179,2.873396171985243
2015M11,1086.44,-6.486694829368386,4.941921896820396,3.227973326160686
2015M12,1075.74,-0.9897499142495458,4.772444292451636,3.106695010335615
2016M1,1097.91,2.039957566147468,4.322409279760889,2.852306094620751
2016M2,1199.5,8.849643078288356,5.039255875170411,4.021344264829696
2016M3,1245.14,3.734317009625089,3.545166462633957,3.971710530970701
2016M4,1242.26,-0.2315672016531974,4.552713083326002,3.955636538933439
2016M5,1260.95,1.4933103748748,1.988531743450767,3.968701213762149
2016M6,1276.4,1.217821029587231,0.9266267927481235,3.929311552368612
2016M7,1336.66,4.613034968480681,1.885738299719351,3.704311469838054
2016M8,1340.17,0.2622506480934763,2.286551867163359,3.651744315404372
2016M9,1326.61,-1.016965543954609,2.951345005206511,3.717840707408862
2016M10,1266.55,-4.633014758902466,2.538891798792394,4.051529634590156
2016M11,1238.35,-2.251682019787848,1.838073371540412,3.513788034967938
2016M12,1157.36,-6.763829902204617,2.257232719581667,4.160417366594627
2017M1,1192.1,2.957490840262107,4.864823350280227,4.197365046461087
2017M2,1234.2,3.470652916301064,5.766455451668786,3.470572838919423
2017M3,1231.42,-0.2255011865610355,2.002345654110298,3.291515195211534
2017M4,1266.88,2.838920989640974,1.977006308085636,3.397351945943322
2017M5,1246.04,-1.658666235691709,2.297568866632791,3.407028035074054
2017M6,1260.26,1.134752630395483,2.270670591386999,3.404192236910102
2017M7,1236.84,-1.875830902810213,1.67898593722835,3.087031515210741
2017M8,1283.04,3.667252222201682,2.774975613217083,3.325463774487846
2017M9,1314.07,2.389692901744329,2.90266032216707,3.408926498678889
2017M10,1279.51,-2.665199895390932,3.348732318092381,3.21156779684808
2017M11,1281.9,0.1866160195836392,2.534375102207664,3.126302460933225
2017M12,1264.45,-1.370610731052795,1.4279221658421,2.298416577277523
2018M1,1331.3,5.151866343031027,3.406400179792416,2.563149004940434
2018M2,1330.73,-0.04282446168608627,3.446992314943517,2.443206937999236
2018M3,1324.66,-0.4571841102654272,3.125645359031373,2.451462182111518
2018M4,1334.76,0.7595677673581929,0.6186022334397169,2.350879050180577
2018M5,1303.45,-2.373690502028526,1.579598538872415,2.416902350794724
2018M6,1281.57,-1.69287065712357,1.64799258037209,2.473316524518281
2018M7,1237.71,-3.482299078477688,0.9031964267847408,2.630793080991796
2018M8,1201.71,-2.951735558853146,0.9190840154115654,2.483078218892501
2018M9,1198.39,-0.2766553158248,1.718221167759929,2.309776326849167
2018M10,1215.39,1.408602365459338,2.198813868625652,2.304941527392524
2018M11,1220.65,0.4318490808554019,0.8461795427512777,2.311966875061918
2018M12,1250.4,2.407999637525873,0.9880969005302831,2.423567983095275
2019M1,1291.75,3.253438806002699,1.448062325274614,2.088926620710832
2019M2,1320.07,2.168687731009594,0.5699009374285614,2.203409469876722
2019M3,1300.9,-1.462843286987656,2.470088365829382,2.238444128404682
2019M4,1285.91,-1.158969370687482,2.014681888791888,2.236022150302376
2019M5,1283.7,-0.1720105809757711,0.6748674048167146,2.139607709140157
2019M6,1359.04,5.703203503402548,3.709933618987481,2.651610506240816
2019M7,1412.89,3.885868398007958,3.007968008214537,2.496965519615583
2019M8,1500.41,6.010115196989909,1.14813806776764,2.514088712020541
2019M9,1510.58,0.6755278944540174,2.685657346601232,2.455204922821893
2019M10,1494.81,-1.049457457229832,3.680375030983162,2.60081551809747
2019M11,1470.79,-1.61994370640643,1.195144265655667,2.756314885164582
2019M12,1479.13,0.5654405692859044,1.133523608707584,2.755705563293788
2020M1,1560.67,5.366113914392889,3.57368554109969,2.945817542985787
2020M2,1597.1,2.307426844241335,2.430245095378374,2.948626175903309
2020M3,1591.93,-0.3242368073883671,2.84784455057082,2.858486218610377
2020M4,1683.17,5.573180360225936,2.95438456228886,2.910295792888115
2020M5,1715.91,1.926463192939963,2.976119560729089,2.813395918505118
2020M6,1732.22,0.9460270721103944,2.438248983626085,2.63815269240519
2020M7,1846.51,6.389354808804244,2.901392579751931,2.886275624083905
2020M8,1968.63,6.404049840613357,3.146957401854346,2.935001179690853
2020M9,1921.92,-2.401318298040821,5.079544888940887,3.208022008446591
2020M10,1900.27,-1.132870503321751,4.760053153344234,3.215328620905491
2020M11,1866.3,-1.803812013260947,0.6345780852971015,3.234528011936973
2020M12,1858.42,-0.4231196845033905,0.6904370646264875,3.286136872848928
2021M1,1866.98,0.4595487767504364,1.140775831392874,3.116855900403811
2021M2,1808.17,-3.200686803097862,1.910118112001378,3.380507424768759
2021M3,1718.23,-5.102059289634875,2.826777497334696,3.809245921215189
2021M4,1760.04,2.404184486243746,3.902424355994611,3.535909351103899
2021M5,1850.26,4.998963369135029,5.245747989673727,3.762664050701278
2021M6,1834.57,-0.8516048134544667,2.931501022634826,3.784580259314151
2021M7,1807.84,-1.467735914253376,3.569009321326063,3.32014335730935
2021M8,1785.28,-1.255749680377254,0.3130199062312543,2.597736816644423
2021M9,1775.14,-0.5695972618541083,0.4694671347618792,2.549397026604916
2021M10,1776.85,0.09628406229218109,0.6760421979687115,2.553449745337126
2021M11,1821.76,2.496093310117278,1.612500183300534,2.662359285626264
2021M12,1790.43,-1.734725231326535,2.121772254110829,2.698965843234522
2022M1,1816.02,1.419147886700102,2.198732688779782,2.737794852541657
2022M2,1856.3,2.193796589872498,2.080876416223555,2.647163659580634
2022M3,1947.83,4.813067318530281,1.778545701459596,2.368029312411831
2022M4,1936.86,-0.5647827322144264,2.689225731028098,2.368230951934451
2022M5,1848.5,-4.66936057016494,4.755440201502413,2.452148334301963
2022M6,1836.57,-0.6474797861873635,2.346270909019098,2.446465181234478
2022M7,1732.74,-5.819573090636304,2.715666371037381,2.954982135434737
2022M8,1764.56,1.819739689588256,3.898649784341408,3.002608880364284
2022M9,1680.78,-4.864339614000535,4.162300783734266,3.304775411747785
2022M10,1664.45,-0.9763232851194811,3.356872434991601,3.303009021447583
2022M11,1725.07,3.577289083913846,4.225185432903275,3.406614021813242
2022M12,1797.55,4.115699726774456,2.797438411041252,3.618767051402132
2023M1,1897.71,5.422326946284141,0.9487997175982417,3.929349034359671
2023M2,1854.54,-2.301120922971553,4.133894631193819,3.953510107927777
2023M3,1912.73,3.089485405463102,3.96132202746861,3.790384445751312
2023M4,1999.77,4.450063302130293,3.570441084850274,4.010728595880416
2023M5,1992.13,-0.3827755869764327,2.492124272602812,3.71084559982633
2023M6,1942.9,-2.502271581024379,3.563321374887352,3.806009637694216
2023M7,1951.02,0.4170610474755981,1.5085591860237,3.255175469521229
2023M8,1918.7,-1.670443935976977,1.504001179234162,3.329255959087626
2023M9,1915.95,-0.14342902071579,1.080401215899922,2.857773934626906
2023M10,1916.25,0.01565680291284035,0.9309509969552673,2.806413711013556
2023M11,1984.11,3.480029967024451,2.047626461512999,2.798972492719336
2023M12,2026.18,2.098179602068323,1.743955898732637,2.662964358315018
2024M1,2034.04,0.3871716221569003,1.54934564036265,2.270125418595311
2024M2,2023.24,-0.5323776277862241,1.334975060311937,2.118545528524608
2024M3,2158.01,6.448631390698159,3.793005674151507,2.621517167904977
2024M4,2331.45,7.730389086937659,4.446922221978857,3.134247131382848
2024M5,2351.13,0.8405672033192255,3.664308309208726,3.094937380155174
2024M6,2326.44,-1.05568614910923,4.623500485167376,2.954948883974405
2024M7,2398.2,3.037925380621637,2.048650575879039,2.964365930856472
2024M8,2470.15,2.956042157771381,2.340168235645845,2.778386092336487
2024M9,2570.55,3.98410062519214,0.5713808811490093,2.72975967805804
2024M10,2690.08,4.545104915565005,0.8058898264710023,2.675279421201219
2024M11,2651.13,-1.458496874509014,3.316117906311227,2.933067065216408
2024M12,2648.01,-0.1177549700714385,3.151271849618026,3.023206528393754
2025M1,2709.69,2.302582270185578,1.906188935351728,2.967081216103944
2025M2,2894.73,6.605760522234116,3.405413239749058,3.042491789320264
2025M3,2983.25,3.012146784075469,2.307050229454476,2.841953823934741
2025M4,3217.64,7.56348613174071,2.399513419417608,2.815373328208336
2025M5,3309.49,2.814592738276809,2.686562423156532,2.754848887809089
2025M6,3352.66,1.2959961644991,3.269545190232798,2.525952367055072
2025M7,3340.15,-0.3738344452976377,1.594811259692809,2.711993631215492
2025M8,3480,4.101657762656517,2.26164032552502,2.739515391754601
2025M9,3550,1.991530970094151,2.238958803122456,2.725291221560279
