,"Gold, Fixing Committee of the London Bullion Market Association, London 3 PM fixed price, US$ per troy ounce","Monthly log return","3-month volatility","12-month volatility"
1960JAN,35.27,,,
1960FEB,35.27,0,,
1960MAR,35.27,0,,
1960APR,35.27,0,0,
1960MAY,35.27,0,0,
1960JUN,35.27,0,0,
1960JUL,35.27,0,0,
1960AUG,35.27,0,0,
1960SEP,35.27,0,0,
1960OCT,35.27,0,0,
1960NOV,35.27,0,0,
1960DEC,35.27,0,0,
1961JAN,35.25,-0.05672149896830443,0.03274817269818964,0.05672149896830443
1961FEB,35.25,0,0.03274817269818964,0.05672149896830443
1961MAR,35.25,0,0.03274817269818964,0.05672149896830443
1961APR,35.25,0,0,0.05672149896830443
1961MAY,35.25,0,0,0.05672149896830443
1961JUN,35.25,0,0,0.05672149896830443
1961JUL,35.25,0,0,0.05672149896830443
1961AUG,35.25,0,0,0.05672149896830443
1961SEP,35.25,0,0,0.05672149896830443
1961OCT,35.25,0,0,0.05672149896830443
1961NOV,35.25,0,0,0.05672149896830443
1961DEC,35.25,0,0,0.05672149896830443
1962JAN,35.23,-0.05675369051314587,0.03276675849526947,0.05675369051314587
1962FEB,35.23,0,0.03276675849526947,0.05675369051314587
1962MAR,35.23,0,0.03276675849526947,0.05675369051314587
1962APR,35.23,0,0,0.05675369051314587
1962MAY,35.23,0,0,0.05675369051314587
1962JUN,35.23,0,0,0.05675369051314587
1962JUL,35.23,0,0,0.05675369051314587
1962AUG,35.23,0,0,0.05675369051314587
1962SEP,35.23,0,0,0.05675369051314587
1962OCT,35.23,0,0,0.05675369051314587
1962NOV,35.23,0,0,0.05675369051314587
1962DEC,35.23,0,0,0.05675369051314587
1963JAN,35.09,-0.3981802758022304,0.2298894894204171,0.3981802758022304
1963FEB,35.09,0,0.2298894894204171,0.3981802758022304
1963MAR,35.09,0,0.2298894894204171,0.3981802758022304
1963APR,35.09,0,0,0.3981802758022304
1963MAY,35.09,0,0,0.3981802758022304
1963JUN,35.09,0,0,0.3981802758022304
1963JUL,35.09,0,0,0.3981802758022304
1963AUG,35.09,0,0,0.3981802758022304
1963SEP,35.09,0,0,0.3981802758022304
1963OCT,35.09,0,0,0.3981802758022304
1963NOV,35.09,0,0,0.3981802758022304
1963DEC,35.09,0,0,0.3981802758022304
1964JAN,35.1,0.02849408766963703,0.01645106918637798,0.02849408766963703
1964FEB,35.1,0,0.01645106918637798,0.02849408766963703
1964MAR,35.1,0,0.01645106918637798,0.02849408766963703
1964APR,35.1,0,0,0.02849408766963703
1964MAY,35.1,0,0,0.02849408766963703
1964JUN,35.1,0,0,0.02849408766963703
1964JUL,35.1,0,0,0.02849408766963703
1964AUG,35.1,0,0,0.02849408766963703
1964SEP,35.1,0,0,0.02849408766963703
1964OCT,35.1,0,0,0.02849408766963703
1964NOV,35.1,0,0,0.02849408766963703
1964DEC,35.1,0,0,0.02849408766963703
1965JAN,35.12,0.0569638295095708,0.03288808230142278,0.0569638295095708
1965FEB,35.12,0,0.03288808230142278,0.0569638295095708
1965MAR,35.12,0,0.03288808230142278,0.0569638295095708
1965APR,35.12,0,0,0.0569638295095708
1965MAY,35.12,0,0,0.0569638295095708
1965JUN,35.12,0,0,0.0569638295095708
1965JUL,35.12,0,0,0.0569638295095708
1965AUG,35.12,0,0,0.0569638295095708
1965SEP,35.12,0,0,0.0569638295095708
1965OCT,35.12,0,0,0.0569638295095708
1965NOV,35.12,0,0,0.0569638295095708
1965DEC,35.12,0,0,0.0569638295095708
1966JAN,35.13,0.02846975108199628,0.01643701845095243,0.02846975108199628
1966FEB,35.13,0,0.01643701845095243,0.02846975108199628
1966MAR,35.13,0,0.01643701845095243,0.02846975108199628
1966APR,35.13,0,0,0.02846975108199628
1966MAY,35.13,0,0,0.02846975108199628
1966JUN,35.13,0,0,0.02846975108199628
1966JUL,35.13,0,0,0.02846975108199628
1966AUG,35.13,0,0,0.02846975108199628
1966SEP,35.13,0,0,0.02846975108199628
1966OCT,35.13,0,0,0.02846975108199628
1966NOV,35.13,0,0,0.02846975108199628
1966DEC,35.13,0,0,0.02846975108199628
1967JAN,34.95,-0.5136997597916357,0.296584694598347,0.5136997597916356
1967FEB,34.95,0,0.296584694598347,0.5136997597916356
1967MAR,34.95,0,0.296584694598347,0.5136997597916356
1967APR,34.95,0,0,0.5136997597916356
1967MAY,34.95,0,0,0.5136997597916356
1967JUN,34.95,0,0,0.5136997597916356
1967JUL,34.95,0,0,0.5136997597916356
1967AUG,34.95,0,0,0.5136997597916356
1967SEP,34.95,0,0,0.5136997597916356
1967OCT,34.95,0,0,0.5136997597916356
1967NOV,34.95,0,0,0.5136997597916356
1967DEC,34.95,0,0,0.5136997597916356
1968JAN,35.5,1.56142278015508,0.9014878624413493,1.56142278015508
1968FEB,36,1.398624197473987,0.8583602703866975,1.999281935186474
1968MAR,37,2.739897418811434,0.7319289249141766,3.166951175019983
1968APR,37.86,2.297723313695233,0.6834850661989715,3.59553313319475
1968MAY,40.7,7.233294666737267,2.730872917459176,7.397994435454286
1968JUN,41.14,1.07527917762617,3.260250220737436,7.273844446478458
1968JUL,39.46,-4.16933836303418,5.70741050336562,9.091387665495322
1968AUG,39.19,-0.6865888382929223,2.668949116081906,9.1999910949289
1968SEP,40.18,2.49477471752483,3.333192200600112,9.255805047770549
1968OCT,39.21,-2.443754308254809,2.503256995115887,9.891305765473403
1968NOV,39.78,1.443245712158584,2.601395501978641,9.843924120950199
1968DEC,41.08,3.215711163453123,2.89482159381716,9.983750344556821
1969JAN,42.3,2.926570099187478,0.9509195171194437,10.10833703129196
1969FEB,42.6,0.7067167223092573,1.372734781107474,10.13659467637281
1969MAR,43.16,1.305988711460901,1.148416298362313,10.0311256157285
1969APR,43.31,0.3469414836601622,0.4844819784193953,10.00556837126597
1969MAY,43.46,0.3457419601748222,0.5540527723608264,7.462841473037791
1969JUN,41.44,-4.759437687705609,2.947823177582267,9.110976847490765
1969JUL,41.76,0.7692345623155645,3.077022967885101,7.862702573946685
1969AUG,41.09,-1.617416067906478,2.772923184961391,8.06484332987206
1969SEP,40.87,-0.5368485319132625,1.195099750342484,7.767911469701223
1969OCT,40.44,-1.057690342391528,0.5404003576343341,7.378500470318791
1969NOV,37.4,-7.814868973178442,4.059973743416315,10.77967383454051
1969DEC,35.17,-6.147725793459511,3.520115772792505,11.29944945181687
1970JAN,34.94,-0.6561141779980639,3.745773946157465,10.36912987051417
1970FEB,34.99,0.1430001673686342,3.42465606512243,10.24735089465602
1970MAR,35.09,0.2853883215527228,0.5074913923872901,9.97446499359637
1970APR,35.62,1.499108826639161,0.7452541564982723,10.29688718970754
1970MAY,35.95,0.9221806305540222,0.6071062582322403,10.43272401743494
1970JUN,35.42,-1.485245181236828,1.58297789135121,9.841534534795073
1970JUL,35.32,-0.2827256618928233,1.20371310308687,9.653734621179174
1970AUG,35.38,0.1697312995879928,0.8553476533432725,9.773645516767457
1970SEP,36.19,2.263614884401174,1.358486654727932,10.37808867507271
1970OCT,37.52,3.60912865623729,1.733215218117131,11.35928767430962
1970NOV,37.44,-0.2134472528632792,1.939000202978578,8.219736124833373
1970DEC,37.44,0,2.148001240217833,4.772663075259567
1971JAN,37.88,1.168361670848638,0.7438665455255792,4.628222896941138
1971FEB,38.74,2.244938966097231,1.122782156672631,4.83805805398434
1971MAR,38.87,0.3350086885281806,0.9575428215805059,4.832009175715706
1971APR,39.01,0.359527865443326,1.095689271165304,4.799936659716366
1971MAY,40.52,3.797765586191752,1.992183272473132,5.686917074680084
1971JUN,40.1,-1.041934506795917,2.490256760364434,5.48966760886013
1971JUL,40.95,2.097547598655499,2.455259188139353,5.381739152160842
1971AUG,42.71,4.208127455429656,2.641781148817286,5.992284787946002
1971SEP,42.03,-1.604943583634985,2.942640061576555,6.709007427776063
1971OCT,42.5,1.112042691334571,2.908595027100619,6.194765516201972
1971NOV,42.86,0.8434914115059705,1.497162211969775,6.050206396843977
1971DEC,43.48,1.436207220757773,0.2967924253780565,5.927667958268789
1972JAN,45.75,5.089072946852174,2.29926446995138,7.059896062132015
1972FEB,48.26,5.341126847535523,2.185381601815379,7.997949365929493
1972MAR,48.33,0.144942566010706,2.929968358167451,8.038888440524312
1972APR,49.03,1.437986980614935,2.705143119024993,7.896929139556041
1972MAY,54.62,10.79677603824169,5.812636418520055,11.84269476901554
1972JUN,62.09,12.81848293312426,6.071654353346254,15.02001858027546
1972JUL,65.66,5.590496669664509,3.729084540412275,15.03398492236655
1972AUG,67.03,2.065036829641977,5.481928730061965,15.1437785749332
1972SEP,65.46,-2.3701011296832,3.988952099754985,15.45538942941386
1972OCT,64.86,-0.9208168193862477,2.261496397805923,15.95133596851513
1972NOV,62.91,-3.05259672972337,1.088631468271352,17.09969586745251
1972DEC,63.91,1.577071008025208,2.317245223190572,17.0844361246417
1973JAN,65.14,1.906295618589699,2.772869318002236,16.99875976707943
1973FEB,74.2,13.02253503252474,6.515082684154734,19.70093908719886
1973MAR,84.37,12.84477380042006,6.36726894225383,21.30967154536843
1973APR,90.5,7.013796252834497,3.418987177967568,21.12348311836812
1973MAY,101.96,11.92307288020343,3.134507636796303,21.48139682741571
1973JUN,120.12,16.3910663607215,4.690365256250555,23.09948133769761
1973JUL,120.17,0.04161638080788183,8.450211919775326,23.73333195554868
1973AUG,106.76,-11.83240823868849,14.17075329551235,29.09500488437624
1973SEP,102.97,-3.614564086766396,6.081297542207547,29.41147173974734
1973OCT,100.08,-2.846781751000381,4.981029605691245,29.80731910233532
1973NOV,94.92,-5.29354345910929,1.251339569164098,30.43182142953634
1973DEC,106.72,11.71741505997508,9.196694889497936,31.43210658178472
1974JAN,129.19,19.10756068048963,12.512665884761,34.56945004955474
1974FEB,150.13,15.02173964520037,3.70195324095599,35.08499357583609
1974MAR,168.42,11.49592741776326,3.809248533105541,34.8174972161928
1974APR,172.24,2.242799345426152,6.599912198549964,34.95673676550223
1974MAY,163.27,-5.348358091803453,8.435796787971265,35.68003856275102
1974JUN,154.1,-5.780352981200311,4.512635299495595,34.0812668668092
1974JUL,142.98,-7.489698198736434,1.132388192474748,35.37910482135197
1974AUG,154.64,7.839507456136978,8.40046631061496,32.69020690542913
1974SEP,151.75,-1.886540496046777,7.756458932386509,32.34759387022895
1974OCT,158.78,4.528516635735977,4.94489007267425,31.66939490536216
1974NOV,181.66,13.46172117771002,7.708482749530917,31.31620972797005
1974DEC,183.78,1.160258199867145,6.357060375084099,30.77102691325733
1975JAN,176.27,-4.172247964087677,9.043584107695064,27.3559558993008
1975FEB,179.6,1.871524543623696,3.303248601133538,23.76082170418855
1975MAR,178.16,-0.8050132918987034,3.02845698465796,21.15284485669106
1975APR,169.84,-4.782520555411146,3.348152102186766,21.67029546340911
1975MAY,167.39,-1.453039828047214,2.134086234462492,20.98365985569042
1975JUN,164.24,-1.899764640385029,1.807174896418127,20.11650743046908
1975JUL,165.17,0.56464738223206,1.313008717520036,18.12723507485001
1975AUG,163,-1.322504572623653,1.288920627486843,16.72906013197419
1975SEP,144.17,-12.275704198295,6.933115620605036,20.98819247227637
1975OCT,142.79,-0.9618139381608483,6.430484592832712,20.28019163452446
1975NOV,142.42,-0.2594580888225168,6.743979872459951,13.04113758061414
1975DEC,139.3,-2.215055776821856,0.9906463515114461,12.56920357604874
1976JAN,131.05,-6.105095101634472,2.97568592516787,13.02218421489108
1976FEB,131.06,0.007630384193532265,3.094030612433348,12.46573355118709
1976MAR,132.76,1.288775324042287,3.951288083095767,12.96516778180874
1976APR,127.94,-3.698158282978218,2.589842620812711,12.79670627641135
1976MAY,126.92,-0.8004437306996712,2.504365943907206,12.86367276278493
1976JUN,125.71,-0.9579299788255234,1.629437669039752,12.93045839189673
1976JUL,117.73,-6.558379983663419,3.279829062319932,13.21114951017093
1976AUG,109.93,-6.855006749933303,3.322362165174407,13.67657370506369
1976SEP,114.15,3.766957338503211,6.048783615337174,11.38577431756692
1976OCT,116.15,1.736908624061354,5.638679347047599,11.94621256384759
1976NOV,130.46,11.61842071515318,5.218729988293391,17.93506274864265
1976DEC,133.93,2.625060903108081,5.466772606484826,18.14994904693694
1977JAN,132.26,-1.254759315251455,6.603689495664622,17.08232494675807
1977FEB,136.24,2.964835410791657,2.344263611986834,17.32356650630679
1977MAR,148.23,8.434708517133542,4.858159430730193,19.13707081158686
1977APR,149.17,0.6321473640070644,4.005015727629792,18.4759559859301
1977MAY,146.61,-1.731059521566576,5.319892654759077,18.61316561428599
1977JUN,140.78,-4.057761177018766,2.344977949458975,19.25268530361348
1977JUL,143.39,1.836980254696222,2.969074630959788,17.42798889181796
1977AUG,144.94,1.075167295418752,3.20612149475706,14.81844112115403
1977SEP,149.53,3.117717791461696,1.032203157642908,14.7626335925029
1977OCT,158.95,6.109264576105941,2.531912983135555,15.23677836653889
1977NOV,162.1,1.962374138481871,2.140127388064147,11.64906238452403
1977DEC,160.45,-1.023106118576457,3.581910672469532,11.93811780617524
1978JAN,173.18,7.634914846378937,4.397956674745692,12.96175564192693
1978FEB,178.14,2.823824198406808,4.337948691803852,12.95399333183311
1978MAR,183.61,3.024418493037238,2.721626594465765,11.13056172661166
1978APR,175.28,-4.642924764688461,4.369987238362633,12.84405535382444
1978MAY,176.31,0.5859114005457772,3.917380015494703,12.44155457499956
1978JUN,183.75,4.133232880027733,4.414845416821247,11.04061103492157
1978JUL,188.73,2.674128415710188,1.782934183633219,11.04068205428165
1978AUG,206.3,8.901399782715833,3.256872480566023,12.74401918811626
1978SEP,212.08,2.763214190356401,3.569877853181657,12.74361029815817
1978OCT,227.44,6.992290536197411,3.141313611117245,13.01302305853847
1978NOV,206.2,-9.803989575988483,8.736272306222256,18.27730033687961
1978DEC,207.85,0.7970094115786888,8.49389695952794,18.03735939528801
1979JAN,227.28,8.936607184728617,9.397199923300443,18.50941535629962
1979FEB,245.67,7.780643440427408,4.403794733630303,19.31857948361253
1979MAR,242.05,-1.484485556450309,5.712238928055782,19.75182700724294
1979APR,239.11,-1.222061929119305,5.275101665052386,18.70819370248192
1979MAY,257.59,7.444547650640083,5.081119000467668,19.15933642844545
1979JUN,279.07,8.009347280864983,5.174424867114252,19.75703173866658
1979JUL,294.74,5.463096537555596,1.337194823978518,19.8292806752018
1979AUG,300.82,2.041846744195041,2.994422750479332,19.0428377103085
1979SEP,354.95,16.54648552583276,7.582117204315059,23.26331695569358
1979OCT,391.66,9.841718200329556,7.259206175691053,23.79264715999697
1979NOV,391.99,0.08422127722997268,8.278172053501697,18.83183201196231
1979DEC,455.08,14.92368984105256,7.54149641669443,20.34132009727588
1980JAN,675.31,39.46986170330174,19.89117497836487,38.81160800031611
1980FEB,665.32,-1.490371678219889,20.61422117260417,40.23024505602948
1980MAR,553.58,-18.38618514391063,29.75043805874396,47.59246516584262
1980APR,517.41,-6.757067951180916,8.645258517257481,48.92534965171556
1980MAY,513.8,-0.7001512295635752,8.988125522731664,49.41703530867545
1980JUN,600.72,15.62948511158454,11.57944314463326,50.37468433381647
1980JUL,643.27,6.843560699725228,8.172689076808856,50.36592199425404
1980AUG,627.15,-2.537879631819721,9.085308948930793,51.0126028888379
1980SEP,673.63,7.149525228280089,5.50682682238687,49.76812919105322
1980OCT,661.15,-1.870025575065264,5.410547394653269,49.98979157806603
1980NOV,624.77,-5.659716099504695,6.580155955074095,50.84877073838703
1980DEC,538.26,-14.90418672085377,6.704617166729121,52.50603932747465
1981JAN,557.39,3.492345964992247,9.198305024684252,32.60111596360856
1981FEB,499.76,-10.91371912638551,9.67721514607821,33.9027177089063
1981MAR,499.11,-0.1301470845553309,7.493804032803515,29.07418834458159
1981APR,495.8,-0.6653892738670968,6.077282492317588,28.35633069118173
1981MAY,479.7,-3.301171109307195,1.697509128635628,28.50969191737421
1981JUN,461.09,-3.956765680010335,1.74213990885188,22.45135936903274
1981JUL,409.07,-11.97069611652027,4.827241260683081,22.05957451007472
1981AUG,410.16,0.2661036932733168,6.215504489714952,22.40623081506823
1981SEP,443.75,7.871401331418045,10.01073301414714,22.79022140425699
1981OCT,437.76,-1.359052579549461,4.927524132840606,22.83524665662476
1981NOV,413.37,-5.73277393202094,6.945073823340833,22.84312366142335
1981DEC,410.09,-0.7966427869722785,2.702194599610031,19.18395210451252
1982JAN,384.14,-6.536957832749281,3.108143048297552,18.50940119783159
1982FEB,374.13,-2.64037388759404,2.930697517594686,16.43289575411
1982MAR,330.25,-12.47533871983307,4.952680541099274,18.99903137741707
1982APR,350.3,5.89399868010064,9.192339246062451,21.06462349473616
1982MAY,333.71,-4.851757785885544,9.228784903724994,21.15413167198452
1982JUN,314.98,-5.776320759815106,6.487455260587152,21.3192590554237
1982JUL,338.97,7.340246314283004,7.320565921664363,21.37437895169615
1982AUG,364.23,7.187392833472904,7.529116439139345,23.07470017269395
1982SEP,437.31,18.28567895300375,6.363932414086176,29.02138912389879
1982OCT,422.15,-3.52816246385221,10.90748028862718,29.20276307488082
1982NOV,414.89,-1.734727626044881,12.10975340698297,28.66039333632641
1982DEC,444.5,6.893663009889921,5.571953273447408,29.43941233189856
1983JAN,481.29,7.951994407713493,5.313532630200082,29.13305396175789
1983FEB,491.09,2.01574113551479,3.166314631444996,28.71418266520159
1983MAR,419.7,-15.7087240046697,12.3100593229507,30.64245910874137
1983APR,432.88,3.092038299493472,10.55764922783828,30.38075136619275
1983MAY,438.01,1.178118783157007,10.34647452415097,29.53494471850741
1983JUN,412.84,-5.918163246831741,4.746999727363851,29.57739169571333
1983JUL,402.91,-2.434689675383915,3.548337444734272,29.35828730201208
1983AUG,416.2,3.245270201564072,4.625383675795487,28.77527033856758
1983SEP,411.8,-1.062811936584495,2.963769121771182,21.84889822873433
1983OCT,393.6,-4.520262941559068,3.890523618524398,22.0207048066675
1983NOV,381.7,-3.070020542691434,1.736186283001781,22.13703369461255
1983DEC,388.34,1.724628481512357,3.268295457031624,20.76499625081459
1984JAN,370.89,-4.597572187936224,3.298795098187698,18.44247714057234
1984FEB,385.96,3.982821446523777,4.44771124089465,19.02536892812211
1984MAR,394.26,2.127685298564847,4.514675575451744,12.12047795300004
1984APR,381.37,-3.324055764252882,3.798101835497198,11.72574555775649
1984MAY,377.4,-1.046439956085289,2.738128482432066,11.47168176489215
1984JUN,377.7,0.07945967839613896,1.733931040770715,10.31351823327138
1984JUL,347.71,-8.273143069251436,4.532454458914046,12.72898007580798
1984AUG,347.7,-0.002876001208118658,4.798785770048259,11.86915534154014
1984SEP,340.2,-2.180635905205429,4.28677421690192,11.877022558999
1984OCT,341,0.2348797321755329,1.331282701172434,11.54519967972207
1984NOV,342,0.292825977908836,1.411623607118438,11.43880866687447
1984DEC,319.54,-6.792827546317961,4.074279347830958,12.42320438202827
1985JAN,302.79,-5.384296568054771,3.751003549807288,12.65137735163079
1985FEB,299.1,-1.226153028297547,2.89430424579978,11.0775762305737
1985MAR,313.5,4.702139443707305,5.069040026642515,12.37843824934797
1985APR,326.8,4.154900291287248,3.276172999903608,13.64140296916911
1985MAY,316,-3.360614939893579,4.505375458463049,13.79236883928382
1985JUN,316.5,0.1581027997318773,3.760291077158967,13.80228787230844
1985JUL,317.2,0.2209248176462028,2.049908460229649,11.68893630872283
1985AUG,330.4,4.077155188613014,2.244750576593296,12.6516766153491
1985SEP,323.35,-2.156871375422111,3.146095850702144,12.6481015164139
1985OCT,325.85,0.7701824885787536,3.118942127352071,12.68974995500415
1985NOV,321.5,-1.343960910071533,1.510963823606983,12.70081302354189
1985DEC,321.9,0.1243394627088343,1.083406780240551,10.69647288406336
1986JAN,347.48,7.64661710869574,4.823053321972877,11.37516773761027
1986FEB,338.89,-2.503153844333218,5.267925468670668,11.73191601241817
1986MAR,345.7,1.989577597919118,5.086003379171115,11.10526711471397
1986APR,340.44,-1.533244831881849,2.364164305364044,10.68780745049638
1986MAY,342.4,0.5740745658826649,1.772696709809034,9.896240614478359
1986JUN,342.7,0.08757846129760803,1.103369207751342,9.900460080477142
1986JUL,348.34,1.632358542307573,0.7898300379636777,9.932300932975787
1986AUG,376.66,7.81639094629623,4.089888847318809,11.81222296564997
1986SEP,417.73,10.34923670391939,4.484074213069253,14.39731659406388
1986OCT,423.51,1.37418357584229,4.627254803294043,14.34747561228625
1986NOV,397.56,-6.323126046441313,8.344337738378046,16.40042816503904
1986DEC,390.92,-1.684293062916973,3.875599442240466,16.69543199018142
1987JAN,408.26,4.3401290874803,5.346610199405708,15.69028558892198
1987FEB,401.12,-1.76435919354547,3.501543707296608,15.50905237051471
1987MAR,408.91,1.923444851875154,3.074221813327264,15.5064732459572
1987APR,438.35,6.952259510585971,4.3754679213066,16.06737916826753
1987MAY,460.23,4.870868649019706,2.526805355590653,16.19435056381919
1987JUN,449.59,-2.339030818554983,4.875840341786098,16.75500345567674
1987JUL,450.52,0.2066414840253808,3.656458050521214,16.87372100873363
1987AUG,461.15,2.332089850223211,2.338708565703992,15.71368770444197
1987SEP,460.38,-0.1671134264098962,1.348038111997081,12.59957293004193
1987OCT,465.35,1.07375752140906,1.249611804842635,12.58847799159825
1987NOV,467.57,0.4759259508533176,0.6205727108357291,9.962493545633947
1987DEC,486.24,3.915325902823028,1.837633690493152,9.670330913139738
1988JAN,476.58,-2.006672929538731,2.973853824053504,9.943660672331658
1988FEB,442.07,-7.516735929404296,5.717267735682385,13.04964410458686
1988MAR,443.61,0.3477557474453138,4.036383653567621,12.99801330409634
1988APR,451.55,1.774031064330202,5.003379556970412,11.17518015932876
1988MAY,451.07,-0.1063570595039593,0.9811845916412889,9.972339435915915
1988JUN,451.33,0.05762411506970205,1.041537496311706,9.686929284461048
1988JUL,437.63,-3.082497473584864,1.767515449318298,10.16873210852884
1988AUG,431.28,-1.461627337320335,1.570334813861699,9.822928539717607
1988SEP,413.46,-4.219675654624166,1.386075078212264,10.46214865239936
1988OCT,406.78,-1.628827583982225,1.546354862691273,10.25412846893085
1988NOV,420.17,3.238689253082442,3.786652457003085,11.06372009410123
1988DEC,419.05,-0.2669146743258553,2.511201101347582,9.800110004315764
1989JAN,404.01,-3.655061441485513,3.447042114879791,10.07567876684755
1989FEB,387.51,-4.169797521802627,2.120416086106739,8.239159198626618
1989MAR,390.15,0.6789625650736444,2.663305956322392,8.308910393794951
1989APR,384.4,-1.484760346663281,2.429046309793838,7.70944455788148
1989MAY,371.05,-3.534685267999482,2.10708001283968,7.87075066798963
1989JUN,367.6,-0.9341433934610543,1.37041290939964,7.699753886335103
1989JUL,375.04,2.003729646706114,2.77091909567929,8.362136051544397
1989AUG,365.14,-2.675184526322904,2.364831215436888,8.477180762614072
1989SEP,361.75,-0.9327476173770959,2.364713617005399,7.89646802550366
1989OCT,366.88,1.408145359800101,2.048961089233514,8.25603372395952
1989NOV,394.26,7.197577102823717,4.185281350431818,10.91972195929423
1989DEC,409.39,3.765765680178582,2.911277586753156,11.7397271150051
1990JAN,410.11,0.1757169457617363,3.511227221865576,11.11625904026551
1990FEB,416.81,1.620506607656835,1.806377755382422,10.14112803090747
1990MAR,393.06,-5.866821050196281,3.971980153856217,12.02779379556505
1990APR,374.24,-4.906496913597109,4.07398398110594,12.95851261618274
1990MAY,369.05,-1.396516661980756,2.353217837252106,12.53182000674747
1990JUN,352.33,-4.636389979662408,1.953189623714678,13.33922776145469
1990JUL,362.53,2.853899307167603,3.756488799970343,13.52887129093334
1990AUG,394.73,8.509475738329074,6.594236926344246,15.80328228717729
1990SEP,389.32,-1.380035931611132,4.961756971153865,15.85836570419255
1990OCT,380.74,-2.22849000806501,5.96973231896353,16.07471395453766
1990NOV,381.73,0.2596824940885911,1.26488163055561,14.22171270503392
1990DEC,376.95,-1.26009997608179,1.254227545221453,13.53778256409891
1991JAN,383.64,1.759206020203952,1.509664325891478,13.73910162186661
1991FEB,363.83,-5.301788728390714,3.542812054226307,14.27616168700209
1991MAR,363.34,-0.1347690565244329,3.654743053448977,13.32144721766444
1991APR,358.38,-1.374515903832929,2.697484518749919,12.53693367580025
1991MAY,356.95,-0.3998160023800115,0.6528478672719904,12.48663137158051
1991JUN,366.72,2.700289813785066,2.127782006599193,11.83104501388835
1991JUL,367.69,0.2641577767322029,1.632291668826532,11.50824704029079
1991AUG,356.31,-3.14390533993835,2.935536592174371,7.407924990828225
1991SEP,348.74,-2.147447956491096,1.752315788547192,7.506540374316462
1991OCT,358.69,2.813184681031982,3.190812984163244,8.206303947818713
1991NOV,360.17,0.4117636510885233,2.480734541081286,8.222997079164855
1991DEC,361.73,0.4321934972392649,1.38060127957385,8.222999986765558
1992JAN,354.45,-2.033078488191892,1.417464663096588,8.037511030682607
1992FEB,353.91,-0.1524648779165629,1.288157529765078,6.241896589688007
1992MAR,344.34,-2.741310217353476,1.337934971318773,6.72396181335138
1992APR,338.62,-1.675100664824038,1.301111239223288,6.775685836394646
1992MAY,337.24,-0.4083691645610861,1.167905922257573,6.775590965808322
1992JUN,340.81,1.053029419320108,1.365222098581962,6.100491786320542
1992JUL,352.72,3.434940380200619,1.939940458853817,7.302162968547992
1992AUG,343.06,-2.776918206800325,3.133932187877401,7.156555569101335
1992SEP,345.43,0.6884658778490954,3.112854963724471,6.922821416403483
1992OCT,344.38,-0.3044318902130121,1.784559769134214,6.161893285957583
1992NOV,335.02,-2.755546732249922,1.772711332262712,6.542992123295766
1992DEC,334.82,-0.05971575479018599,1.490824973787995,6.476222718253362
1993JAN,329.01,-1.75049285474115,1.362373245323756,6.415996166004178
1993FEB,329.31,0.09114109271076612,1.022505141516194,6.439968787649878
1993MAR,330.08,0.233549295560685,1.10667060341813,6.035472145001116
1993APR,342.15,3.591418807556505,1.981056613564016,6.997511322046835
1993MAY,367.18,7.060295363355289,3.413523450754598,9.832769261910645
1993JUN,371.89,1.274592058880836,2.911905260310823,9.843720824286393
1993JUL,392.19,5.314830462101042,2.967730243911764,10.56118028410508
1993AUG,378.84,-3.463246388397782,4.393655894215144,10.83934921659366
1993SEP,355.28,-6.420774137405381,6.103633056021746,13.04521129735239
1993OCT,364.18,2.474203991985059,4.529917646933384,13.2148513048358
1993NOV,373.83,2.615289771918856,5.176726637767415,12.87358500776226
1993DEC,383.3,2.501682376362357,0.07479627801734104,12.9171031277433
1994JAN,386.88,0.929659503991841,0.942117468943556,12.5383038627458
1994FEB,381.91,-1.292958867262694,1.90659340637139,12.76428736978076
1994MAR,384.13,0.5796058208292826,1.195064051032515,12.73933872502021
1994APR,377.27,-1.801992547751163,1.254168023577398,12.80580078801565
1994MAY,381.43,1.09662361657383,1.546032225754385,10.87578859321843
1994JUN,385.64,1.097694414585937,1.673826021138443,10.86022985873027
1994JUL,385.49,-0.03890394664761879,0.6559064755742637,9.383989574292885
1994AUG,380.36,-1.339707965845995,1.219622707729411,8.78567821448546
1994SEP,391.58,2.907166415788342,2.175904550992028,5.731033306375408
1994OCT,389.77,-0.4633015262329997,2.242174703606946,5.550864176378961
1994NOV,384.39,-1.389915937720249,2.26140019930879,5.38005085341558
1994DEC,379.29,-1.335657819767842,0.5200262355253461,4.966753359693138
1995JAN,378.55,-0.1952919442600408,0.674599234006849,4.841203649833526
1995FEB,376.64,-0.5058340477403805,0.589558905832306,4.70614970682529
1995MAR,382.12,1.444487132989577,1.047939607692331,4.920171929463005
1995APR,391.03,2.304958798295381,1.44018058000392,5.031890567843435
1995MAY,385.22,-1.496968372868499,1.993624095066143,5.246943178627542
1995JUN,387.56,0.6056075860726908,1.904524018420046,5.165509725906695
1995JUL,386.23,-0.343762858075032,1.052933431156924,5.179655841061015
1995AUG,383.67,-0.6650238822714649,0.6606836376352933,5.028757963419198
1995SEP,383.06,-0.1591173238823301,0.256009135509125,3.965400867346998
1995OCT,383.14,0.02088227624398209,0.3556235275669079,3.957658838123669
1995NOV,385.31,0.5647747460594816,0.3768816356388548,3.763765159639042
1995DEC,387.44,0.5512792997423769,0.3101940651505958,3.485054350444885
1996JAN,399.45,3.05276028330773,1.440350725330789,4.478388644694411
1996FEB,404.76,1.320569793350834,1.281255820682148,4.42622301999153
1996MAR,396.21,-2.134992513773658,2.641154224814759,5.080271894863946
1996APR,392.85,-0.8516514101991932,1.746731242621207,4.687956218518345
1996MAY,391.93,-0.2344607205715387,0.9695282213923572,4.397814779026761
1996JUN,385.27,-1.713886522205612,0.7430875271773092,4.731203339510846
1996JUL,383.47,-0.4682996304516208,0.7952848591566036,4.741284804407915
1996AUG,387.35,1.006728618836882,1.361919098599272,4.802798775895111
1996SEP,383.14,-1.092821944095666,1.078103970152182,4.942153880071954
1996OCT,381.07,-0.5417372351877848,1.088542865775267,4.971712797099009
1996NOV,377.85,-0.8485793818348233,0.2761342935871737,4.983442621148493
1996DEC,369,-2.370064742620179,0.9791025891495029,5.368121731195264
1997JAN,355.11,-3.836904340661522,1.49424575003641,4.928142074362251
1997FEB,346.58,-2.431392842181266,0.8297431444465656,4.418931043835181
1997MAR,351.81,1.497758492898356,2.765029244392717,5.104072817243064
1997APR,344.47,-2.108425320788265,2.181249639233079,5.22019800375132
1997MAY,343.84,-0.1830571038999961,1.804473401445145,5.229688459289781
1997JUN,340.76,-0.8998015719560604,0.9730995811779498,5.187081904409845
1997JUL,324.1,-5.012630702713791,2.606206286209134,6.48509593676183
1997AUG,324.01,-0.02777306339311116,2.662223471174928,6.139259933652269
1997SEP,322.82,-0.3679487168437128,2.785007358139853,6.232244307052234
1997OCT,324.87,0.6330209963264208,0.5089709604099354,6.518539044433827
1997NOV,306.04,-5.970928994474653,3.559201311137213,7.95948215010555
1997DEC,288.74,-5.818918316198264,3.769676900827871,8.93671017591397
1998JAN,289.1,0.1246019820631865,3.476205754077438,8.947682157115965
1998FEB,297.49,2.860796195306142,4.437522512800148,9.989115402302064
1998MAR,295.94,-0.5223879900973688,1.795888360905896,9.573506876810438
1998APR,308.29,4.088416735263962,2.387903810105698,11.00139428884482
1998MAY,299.1,-3.02629327911255,3.608974011646537,11.15857669138329
1998JUN,292.32,-2.292887300620582,3.913183361330263,11.20975610914349
1998JUL,292.87,0.187973192278463,1.684441651488802,10.50361884052946
1998AUG,284.11,-3.036733743816851,1.688525547135859,10.67796567798345
1998SEP,288.98,1.699599445115281,2.419249223366114,11.02605685239605
1998OCT,295.93,2.376545830477011,2.949426617573323,11.42507245718523
1998NOV,294.12,-0.6135092542213849,1.56786254037839,9.926171636108775
1998DEC,291.68,-0.8330536397668564,1.793049446526949,7.980570369989688
1999JAN,287.08,-1.589638836848185,0.5120953458984008,8.153394794971963
1999FEB,287.33,0.08704584383467959,0.8396701473993162,7.516974319042258
1999MAR,285.96,-0.4779440101566837,0.8530680357041642,7.515603954252597
1999APR,282.62,-1.17487017440509,0.6321064850450233,5.827021485892018
1999MAY,276.44,-2.21094399314065,0.8720133769333482,5.524869052722082
1999JUN,261.31,-5.628635724138782,2.33059696565763,7.318521985163627
1999JUL,256.08,-2.021754632019828,2.030024654824742,7.282300440583454
1999AUG,256.69,0.2379235476940403,2.958948416202572,7.074686522212035
1999SEP,264.74,3.087908114707682,2.560508116676078,7.725840259411555
1999OCT,310.72,16.01439728173353,8.407473438339345,18.38798900280291
1999NOV,293.18,-5.81054302410751,10.97424693094885,19.40855869707299
1999DEC,283.07,-3.509253798124993,11.99164224882764,19.71199188262995
2000JAN,284.32,0.4406147525706168,3.16160210490186,19.66593674061348
2000FEB,299.86,5.321533466041589,4.423566298064845,20.39760948094807
2000MAR,286.39,-4.596118079096868,4.959029765251366,20.98838332734667
2000APR,279.69,-2.367267129907643,5.203288116322164,21.09557193894272
2000MAY,275.19,-1.622007878703804,1.547499024732437,21.03902651881157
2000JUN,285.73,3.758554078465064,3.342442814354626,20.40226935664185
2000JUL,281.59,-1.459519668461705,3.060641082675478,20.32671530686608
2000AUG,274.47,-2.561014693015382,3.375858764199917,20.60070561718042
2000SEP,273.68,-0.2882424690204409,1.136564644679224,20.42431340660102
2000OCT,270,-1.353758167097453,1.137122509112464,11.0653033852609
2000NOV,266.01,-1.488805693834942,0.6576363729425198,9.867474510790727
2000DEC,271.45,2.024405829143484,1.990514381810366,9.767521852342833
2001JAN,265.49,-2.220078516222973,2.269106377116008,9.89435124705663
2001FEB,261.87,-1.372897777386216,2.24629451754273,7.52639866610736
2001MAR,263.03,0.4419896698151065,1.360033006791839,6.626966477391306
2001APR,260.48,-0.974201129934359,0.9537969598742223,6.388843043473313
2001MAY,272.36,4.459863780059043,2.818923263502214,8.00946631136988
2001JUN,270.23,-0.7851272384410314,3.08422710919638,6.832440791500709
2001JUL,267.53,-1.004173864987286,3.093369780547579,6.775052281655901
2001AUG,272.39,1.800315330148941,1.559789213628605,6.679407652209406
2001SEP,283.42,3.969503351475227,2.493591832780521,7.788075105567099
2001OCT,283.06,-0.1271007091031535,2.049490753389636,7.59971982307218
2001NOV,276.16,-2.467848141062964,3.258342053045179,7.920564762792194
2001DEC,275.85,-0.1123168176623314,1.355719053933659,7.701821135277485
2002JAN,281.51,2.031073120902919,2.250294083211925,7.453573081209283
2002FEB,295.5,4.85008659186839,2.488855325149444,8.307322686924529
2002MAR,294.06,-0.4885008696641781,2.670692985221206,8.427583127055033
2002APR,302.68,2.889231367680966,2.700448862746565,8.360926431992603
2002MAY,314.49,3.827613730627023,2.270039712175925,8.116569127100806
2002JUN,321.18,2.104943450075398,0.8624830329041245,7.856387750310241
2002JUL,313.29,-2.48724344737779,3.264281303626527,8.475212000575633
2002AUG,310.26,-0.9718623523381906,2.339917887095923,8.751213065661915
2002SEP,319.14,2.821922234609601,2.734849831165547,8.40701549099552
2002OCT,316.56,-0.8117080905112272,2.145604818358541,8.533109199828651
2002NOV,319.07,0.7897717371853026,1.821063911670737,7.698095798890957
2002DEC,331.92,3.948346157559063,2.422101238323489,8.005702257141387
2003JAN,356.859,7.244676975538623,3.227697602180263,9.840554672722467
2003FEB,358.97,0.5898073756882731,3.3274832582074,9.395504447759532
2003MAR,340.55,-5.267686184955395,6.260414683603648,11.53762913397703
2003APR,328.18,-3.699971934032312,3.032330383045212,12.35241583426071
2003MAY,355.683,8.047764638121963,7.277456895132491,14.12191923460243
2003JUN,356.352,0.1879121663566228,5.984733887493839,14.0921850340605
2003JUL,351.02,-1.507580449224629,5.098310109334984,13.87018702961605
2003AUG,359.768,2.461617736258866,1.991605987795579,13.77648798282157
2003SEP,378.945,5.193169655604227,3.369370912872994,14.2699371824
2003OCT,378.92,-0.006597481084107596,2.600994698283255,14.15412148614542
2003NOV,389.91,2.859084225427299,2.604408592949694,14.19231085238674
2003DEC,406.953,4.278175639728259,2.182705995700895,14.25375053002214
2004JAN,413.788,1.665606571538455,1.307907137920207,12.91444326440896
2004FEB,404.878,-2.176797821588206,3.246954240584034,13.35372885904941
2004MAR,406.667,0.4408881572595942,1.962833266753608,11.52429627515671
2004APR,403.26,-0.8413153521058185,1.308933353891554,10.42507434729996
2004MAY,383.779,-4.95146491312204,2.817056587084103,9.90476561815241
2004JUN,392.373,2.214605190571571,3.595936143948459,10.01205649706458
2004JUL,398.091,1.446770438121675,3.934453510294761,9.699450730389989
2004AUG,400.51,0.6058112620071023,0.8046738933201228,9.581345968757907
2004SEP,405.275,1.182711404192424,0.4300684603143948,8.382588766524146
2004OCT,420.464,3.679301435418752,1.633611408512283,8.90498629188749
2004NOV,439.375,4.399439918310509,1.688140177438847,9.400351066949415
2004DEC,442.079,0.6135336573597712,2.010415285466796,8.691822933550919
2005JAN,424.03,-4.168439169258513,4.293578584941761,9.857209693977907
2005FEB,423.35,-0.1604947357655659,2.566774975523618,9.526674281947674
2005MAR,433.85,2.44995921512125,3.333698786283964,9.751760079426864
2005APR,429.233,-1.069895720656745,1.827149818247951,9.789666292614008
2005MAY,421.873,-1.729557415811518,2.246956889855608,8.231335134423402
2005JUN,430.657,2.06076287272767,2.024956981851577,8.203652458611877
2005JUL,424.479,-1.444941503903424,2.110983076015857,8.451555551364715
2005AUG,437.93,3.119654568963564,2.389098578582841,8.839536647135926
2005SEP,456.048,4.053898687980919,2.942379786222731,9.440724860734083
2005OCT,469.898,2.991758274248036,0.5798436275704156,9.249659356655854
2005NOV,476.666,1.430038610848302,1.319832834737248,8.47774586069937
2005DEC,510.097,6.778486772835506,2.750278130496599,10.44031501423807
2006JAN,549.864,7.507007121048072,3.318287357286958,10.42835798139919
2006FEB,554.995,0.9288129774541718,3.606061184564654,10.21807136122745
2006MAR,557.093,0.3773087181876612,3.966723972720887,10.38408647684408
2006APR,610.653,9.179668452414754,4.930556255086194,11.9315520834339
2006MAY,675.393,10.0765867266285,5.359757350950139,12.7091571409698
2006JUN,596.145,-12.48108176030694,12.7726333080733,20.78527154355676
2006JUL,633.71,6.110751047657868,12.0432035283972,20.50914502781509
2006AUG,632.593,-0.1764191176534948,9.456827151115114,20.81032124278124
2006SEP,598.186,-5.592550298811212,5.857050566985543,22.4789838302861
2006OCT,585.78,-2.095744991238023,2.746086188851041,22.87082139817571
2006NOV,627.827,6.93203583446037,6.462632742745756,23.41927135914153
2006DEC,629.791,0.3123367503705596,4.674756683062315,22.95705150927524
2007JAN,631.166,0.2180884114188774,3.849380658250086,22.10666482470486
2007FEB,664.745,5.183460604203745,2.839942821069291,22.46689347264332
2007MAR,654.895,-1.492859102870521,3.46784052018451,22.64630063792285
2007APR,679.368,3.668803679306964,3.500242684636815,21.19096886558053
2007MAY,667.31,-1.790824867373519,3.069720132234083,18.76147130354626
2007JUN,655.66,-1.761234365971771,3.143610785881819,13.31681691865766
2007JUL,665.38,1.471594412306393,1.875074979116956,12.0430088575959
2007AUG,665.411,0.004658883326612573,1.618716607056506,12.03480766585943
2007SEP,712.653,6.858973107484283,3.609186716674756,11.68306885896803
2007OCT,754.604,5.719848240553283,3.672932941009289,11.70297099350929
2007NOV,806.248,6.619827914896224,0.6006606501495217,11.56601064238481
2007DEC,803.203,-0.3783903496500187,3.807307364255893,11.7012931813539
2008JAN,889.595,10.21588189866754,5.387412297876983,14.05067314993103
2008FEB,922.298,3.610207877058234,5.350739038758025,13.85355794706665
2008MAR,968.434,4.881195215897391,3.504977891004399,13.18475931633304
2008APR,909.705,-6.255996277610327,6.096370882201808,16.23232054853641
2008MAY,888.663,-2.340228509985445,5.649767431817777,16.3967418406509
2008JUN,889.488,0.09279302592384837,3.203122347149134,15.98466575736302
2008JUL,939.772,5.499127636201459,4.012554309066345,16.1965181855912
2008AUG,839.025,-11.33967892506735,8.59724059641924,21.49705490166444
2008SEP,829.932,-1.089673367756186,8.48548092334284,20.97278421096393
2008OCT,806.62,-2.849109215403661,5.480997512946495,20.73843862078796
2008NOV,760.863,-5.839936219570455,2.401584818134535,20.50536688399528
2008DEC,816.092,7.007377833309437,6.722460629407788,21.83351598281597
2009JAN,858.69,5.088087839307868,6.930113783166698,19.75313918600332
2009FEB,943,9.365831053348346,2.142625440802908,21.73361141632916
2009MAR,924.273,-2.005880008441783,5.743681735945658,21.19468691811446
2009APR,890.2,-3.756132596728564,7.124665215872525,20.57823350446235
2009MAY,928.645,4.228037787730037,4.19666716852586,20.87239700680035
2009JUN,945.67,1.816713652566885,4.095079896069826,20.91885461747164
2009JUL,934.228,-1.21731511971716,2.728604129175163,20.23867438553005
2009AUG,949.375,1.608335356248566,1.694749377624331,16.07170144789514
2009SEP,996.591,4.853658175209493,3.037903267038675,16.31380890999305
2009OCT,1043.159,4.566843315066762,1.79662425610073,15.82286116194457
2009NOV,1127.036,7.733756848887049,1.751502805441245,14.07805813646758
2009DEC,1134.724,0.6798271796607741,3.533085515192788,13.66344537275726
2010JAN,1117.963,-1.488117018304345,4.821840303007901,14.01225935558726
2010FEB,1095.413,-2.037681826519005,1.436828609738928,12.1681918237744
2010MAR,1113.337,1.623035062034243,1.974087843518329,11.63902489487645
2010APR,1148.688,3.125860979460641,2.655858561288317,10.15588831320924
2010MAY,1205.434,4.821924655067045,1.60041725591655,10.30633531824251
2010JUN,1232.92,2.254567160307796,1.305571995774339,10.29907927938875
2010JUL,1192.966,-3.294269654783475,4.148363624805524,11.22129907227316
2010AUG,1215.81,1.896787820690266,3.1054971091609,11.21297378413936
2010SEP,1270.977,4.437537472049904,3.940882472050865,11.10715090253261
2010OCT,1342.024,5.439302608899496,1.82612308844775,11.35628997546474
2010NOV,1369.886,2.05486025537513,1.738540295410544,9.56051398310636
2010DEC,1390.553,1.497398505226551,2.133222195403041,9.507041180403837
2011JAN,1360.46,-2.187863189776674,2.305523064135937,9.784277329339183
2011FEB,1374.68,1.039809890719689,2.008665171008857,8.974202089602386
2011MAR,1423.26,3.472903823624995,2.839662620245492,9.103355913711109
2011APR,1480.89,3.969324339124292,1.567824092915596,9.250336422973302
2011MAY,1512.58,2.117354369797446,0.9586223115551817,8.770469936321435
2011JUN,1529.36,1.103254515254512,1.453303565304955,8.794009062904207
2011JUL,1572.75,2.797633222937614,0.8526524338852529,6.840697573870088
2011AUG,1759.01,11.19254713195823,5.402766640811433,11.17871795203608
2011SEP,1772.14,0.7436705046443478,5.535828230127088,11.29823456283097
2011OCT,1666.43,-6.150424215099147,8.731993089805574,13.94541117918107
2011NOV,1739,4.262662168910971,5.296920683737377,14.16178980709479
2011DEC,1639.97,-5.863228638627889,5.93083066113284,16.20546207768579
2012JAN,1654.05,0.8548876904793125,5.152340545057588,15.75511833173994
2012FEB,1744.82,5.342457258074694,5.639721684193632,16.16203575886222
2012MAR,1675.95,-4.027122979208745,4.686173681264344,17.12149581794124
2012APR,1649.2,-1.608984682871169,4.864136985828814,17.10347282676263
2012MAY,1589.04,-3.716026154804461,1.315535240805964,17.63592786621652
2012JUN,1598.76,0.6098268475420546,2.163167144484014,17.62169407335357
2012JUL,1594.29,-0.279983271170243,2.28440936726343,17.42680632030269
2012AUG,1630.31,2.234168471877559,1.274833763475396,12.93820776355857
2012SEP,1744.81,6.787548641971133,3.582462777283775,14.90240417512376
2012OCT,1746.58,0.101392290843231,3.415325557042255,13.3805730047707
2012NOV,1721.64,-1.438226519703882,4.372994585024988,12.7823613733146
2012DEC,1684.762,-2.165301737883487,1.157365274704121,11.42069451062593
2013JAN,1671.84782608696,-0.7694810122646496,0.6981134607732757,11.43839507793663
2013FEB,1627.57,-2.684139248634114,0.9902376838184922,10.16193298836833
2013MAR,1593.08619047619,-2.141496970377167,0.9868134401161791,9.624833721077579
2013APR,1487.85727272727,-6.833612228025833,2.566727236511897,11.5524218338222
2013MAY,1414.02695652174,-5.089538163344082,2.371662103869471,11.99624742852262
2013JUN,1343.35,-5.127513714946144,0.9961600124098471,12.53079931169609
2013JUL,1285.51565217391,-4.400657056936141,0.4091291406914259,12.78581809466144
2013AUG,1351.74181818182,5.023407290972433,5.662486301723135,13.99179360468114
2013SEP,1348.6,-0.2326979183425732,4.722490765579368,10.82465152778346
2013OCT,1316.58,-2.402955202464836,3.818540701511617,10.54335551975975
2013NOV,1275.86,-3.141700425888217,1.512065737841354,10.51932216952111
2013DEC,1221.5119047619,-4.353110334790038,0.9845780409774086,10.67045668519234
2014JAN,1244.27,1.845965488055331,3.285647229336627,11.47163254888026
2014FEB,1299.58,4.349212277635472,4.480052164831355,13.32853854415863
2014MAR,1336.08,2.769881821740346,1.265842971443034,14.10390245941463
2014APR,1298.45,-2.856870815035775,3.787749187905364,12.96777772124221
2014MAY,1288.74,-0.7506248548777292,2.842844366131116,12.22907281204688
2014JUN,1279.1,-0.750829123887955,1.215982708982026,11.27497653798176
2014JUL,1310.59,2.432071187785261,1.837589387202564,10.69092327854501
2014AUG,1295.13,-1.186634128752303,1.975508734657587,9.326228293390178
2014SEP,1236.55,-4.628583233520941,3.53069593387443,10.25254699714179
2014OCT,1222.49,-1.14354815039967,1.999764134922465,10.10367420718539
2014NOV,1175.33,-3.934080314565906,1.844580963898857,10.34772060097624
2014DEC,1200.62,2.128913080568035,3.034687275949799,9.859016203633525
2015JAN,1250.75,4.09052813518224,4.183343226489535,10.58217384592398
2015FEB,1227.08,-1.910600810880773,3.059933406927114,9.61032255532359
2015MAR,1178.63,-4.028461625124971,4.211430433628594,9.507646701199556
2015APR,1198.93,1.707674532997544,2.900589276829461,9.653233773054168
2015MAY,1198.63,-0.02502544266384671,2.942023354122561,9.673422011657873
2015JUN,1181.5,-1.439442028463147,1.576238462038676,9.70926409438708
2015JUL,1128.31,-4.606387963076226,2.345883038231895,9.813455113800028
2015AUG,1117.93,-0.9242177048154567,1.99388149377287,9.818751528130711
2015SEP,1124.77,0.6099809344416016,2.680878206561819,9.217454221357999
2015OCT,1159.25,3.019467397910837,1.987965571122233,9.953736320304724
2015NOV,1086.44,-6.486694829368386,4.941921896820419,11.18202761277483
2015DEC,1075.74,-0.9897499142495458,4.772444292451661,10.76190720304401
2016JAN,1097.91,2.039957566147468,4.322409279760916,9.880678149243007
2016FEB,1199.5,8.849643078288356,5.039255875170431,13.9303451628215
2016MAR,1245.14,3.734317009625089,3.545166462633984,13.75840886519523
2016APR,1242.26,-0.2315672016531974,4.552713083326024,13.70272692341725
2016MAY,1260.95,1.4933103748748,1.988531743450821,13.74798428459263
2016JUN,1276.4,1.217821029587231,0.9266267927482411,13.61153449493955
2016JUL,1336.66,4.613034968480681,1.885738299719407,12.83211134563931
2016AUG,1340.17,0.2622506480934763,2.286551867163405,12.6500133810624
2016SEP,1326.61,-1.016965543954609,2.951345005206548,12.87897799935993
2016OCT,1266.55,-4.633014758902466,2.538891798792439,14.03491035096224
2016NOV,1238.35,-2.251682019787848,1.838073371540476,12.17211880718415
2016DEC,1157.36,-6.763829902204617,2.257232719581722,14.41210851926761
2017JAN,1192.1,2.957490840262107,4.864823350280251,14.54009903676861
2017FEB,1234.2,3.470652916301064,5.766455451668806,12.02241697675399
2017MAR,1231.42,-0.2255011865610355,2.002345654110356,11.40214310398274
2017APR,1266.88,2.838920989640974,1.977006308085695,11.76877236313366
2017MAY,1246.04,-1.658666235691709,2.297568866632842,11.80229131911964
2017JUN,1260.26,1.134752630395483,2.27067059138705,11.79246782611969
2017JUL,1236.84,-1.875830902810213,1.678985937228421,10.69379085782268
2017AUG,1283.04,3.667252222201682,2.774975613217125,11.51974443228544
2017SEP,1314.07,2.389692901744329,2.90266032216711,11.80886778995943
2017OCT,1279.51,-2.665199895390932,3.348732318092416,11.12519719218584
2017NOV,1281.9,0.1866160195836392,2.534375102207711,10.82982940432792
2017DEC,1264.45,-1.370610731052795,1.427922165842185,7.96194857760646
2018JAN,1331.3,5.151866343031027,3.40640017979245,8.879008607852887
2018FEB,1330.73,-0.04282446168608627,3.446992314943552,8.463517100038926
2018MAR,1324.66,-0.4571841102654272,3.12564535903141,8.492114104501637
2018APR,1334.76,0.7595677673581929,0.6186022334399098,8.14368391472405
2018MAY,1303.45,-2.373690502028526,1.579598538872491,8.372395337018242
2018JUN,1281.57,-1.69287065712357,1.647992580372164,8.567819767330679
2018JUL,1237.71,-3.482299078477688,0.9031964267848781,9.11333456095691
2018AUG,1201.71,-2.951735558853146,0.9190840154117005,8.601635268578894
2018SEP,1198.39,-0.2766553158248,1.718221167760001,8.00129990444515
2018OCT,1215.39,1.408602365459338,2.198813868625707,7.984551667838524
2018NOV,1220.65,0.4318490808554019,0.8461795427514189,8.008888186046978
2018DEC,1250.4,2.407999637525873,0.9880969005304027,8.395485764636494
2019JAN,1291.75,3.253438806002699,1.448062325274695,7.236254080708648
2019FEB,1320.07,2.168687731009594,0.5699009374287651,7.632834303409776
2019MAR,1300.9,-1.462843286987656,2.47008836582943,7.754197920602281
2019APR,1285.91,-1.158969370687482,2.014681888791949,7.745807942346259
2019MAY,1283.7,-0.1720105809757711,0.6748674048169018,7.411818520993608
2019JUN,1359.04,5.703203503402548,3.709933618987513,9.185448237385051
2019JUL,1412.89,3.885868398007958,3.007968008214575,8.649742289443628
2019AUG,1500.41,6.010115196989909,1.148138067767735,8.709058767909958
2019SEP,1510.58,0.6755278944540174,2.685657346601274,8.505079338641488
2019OCT,1494.81,-1.049457457229832,3.680375030983194,9.009489236916785
2019NOV,1470.79,-1.61994370640643,1.195144265655772,9.548154845526867
2019DEC,1479.13,0.5654405692859044,1.133523608707695,9.54604409265011
2020JAN,1560.67,5.366113914392889,3.573685541099723,10.2046113085582
2020FEB,1597.1,2.307426844241335,2.430245095378421,10.21434069838411
2020MAR,1591.93,-0.3242368073883671,2.84784455057086,9.90208672673722
2020APR,1683.17,5.573180360225936,2.954384562288899,10.08156035667234
2020MAY,1715.91,1.926463192939963,2.976119560729128,9.745889345315549
2020JUN,1732.22,0.9460270721103944,2.438248983626132,9.138829002740836
2020JUL,1846.51,6.389354808804244,2.901392579751971,9.998352051121792
2020AUG,1968.63,6.404049840613357,3.146957401854381,10.1671423269983
2020SEP,1921.92,-2.401318298040821,5.079544888940909,11.1129142208573
2020OCT,1900.27,-1.132870503321751,4.760053153344259,11.13822506887736
2020NOV,1866.3,-1.803812013260947,0.634578085297289,11.20473371035918
2020DEC,1858.42,-0.4231196845033905,0.6904370646266594,11.3835120487997
2021JAN,1866.98,0.4595487767504364,1.140775831392978,10.79710555874049
2021FEB,1808.17,-3.200686803097862,1.910118112001441,11.71042123012663
2021MAR,1718.23,-5.102059289634875,2.826777497334739,13.19561494813844
2021APR,1760.04,2.404184486243746,3.902424355994642,12.24874929413971
2021MAY,1850.26,4.998963369135029,5.24574798967375,13.03425061525506
2021JUN,1834.57,-0.8516048134544667,2.931501022634867,13.11017058890861
2021JUL,1807.84,-1.467735914253376,3.569009321326097,11.50131396654421
2021AUG,1785.28,-1.255749680377254,0.3130199062316402,8.99882430224076
2021SEP,1775.14,-0.5695972618541083,0.469467134762136,8.831370357489485
2021OCT,1776.85,0.09628406229218109,0.676042197968889,8.84540938699543
2021NOV,1821.76,2.496093310117278,1.612500183300607,9.222683101414944
2021DEC,1790.43,-1.734725231326535,2.121772254110885,9.34949193675034
2022JAN,1816.02,1.419147886700102,2.198732688779836,9.483999570605388
2022FEB,1856.3,2.193796589872498,2.080876416223612,9.170043908687248
2022MAR,1947.83,4.813067318530281,1.778545701459661,8.203094165819373
2022APR,1936.86,-0.5647827322144264,2.689225731028141,8.203792665615358
2022MAY,1848.5,-4.66936057016494,4.755440201502438,8.49449100541279
2022JUN,1836.57,-0.6474797861873635,2.346270909019148,8.474803985692636
2022JUL,1732.74,-5.819573090636304,2.715666371037424,10.23635838806269
2022AUG,1764.56,1.819739689588256,3.898649784341438,10.40134227209688
2022SEP,1680.78,-4.864339614000535,4.162300783734294,11.44807784150304
2022OCT,1664.45,-0.9763232851194811,3.356872434991637,11.44195888601115
2022NOV,1725.07,3.577289083913846,4.225185432903302,11.80085713511418
2022DEC,1797.55,4.115699726774456,2.797438411041294,12.53577678756942
2023JAN,1897.71,5.422326946284141,0.9487997175983652,13.61166433636532
2023FEB,1854.54,-2.301120922971553,4.133894631193847,13.69536075033605
2023MAR,1912.73,3.089485405463102,3.961322027468639,13.13027688052015
2023APR,1999.77,4.450063302130293,3.570441084850307,13.89357140686853
2023MAY,1992.13,-0.3827755869764327,2.492124272602859,12.85474623588522
2023JUN,1942.9,-2.502271581024379,3.563321374887385,13.18440413316639
2023JUL,1951.02,0.4170610474755981,1.508559186023778,11.27625860152529
2023AUG,1918.7,-1.670443935976977,1.50400117923424,11.53288094508244
2023SEP,1915.95,-0.14342902071579,1.080401215900031,9.899619302639643
2023OCT,1916.25,0.01565680291284035,0.9309509969553932,9.721702269066801
2023NOV,1984.11,3.480029967024451,2.047626461513056,9.695925132755203
2023DEC,2026.18,2.098179602068323,1.743955898732704,9.224779134693332
2024JAN,2034.04,0.3871716221569003,1.549345640362726,7.863945129121291
2024FEB,2023.24,-0.5323776277862241,1.334975060312025,7.338856987104967
2024MAR,2158.01,6.448631390698159,3.793005674151539,9.081201855450985
2024APR,2331.45,7.730389086937659,4.446922221978884,10.8573505500642
2024MAY,2351.13,0.8405672033192255,3.664308309208758,10.72117757734575
2024JUN,2326.44,-1.05568614910923,4.623500485167401,10.23624320162524
2024JUL,2398.2,3.037925380621637,2.048650575879097,10.26886480893924
2024AUG,2470.15,2.956042157771381,2.340168235645895,9.624611749939104
2024SEP,2570.55,3.98410062519214,0.5713808811492145,9.456164909698776
2024OCT,2690.08,4.545104915565005,0.8058898264711477,9.267439763927944
2024NOV,2651.13,-1.458496874509014,3.316117906311263,10.16044235792352
2024DEC,2648.01,-0.1177549700714385,3.151271849618063,10.47269461790381
2025JAN,2709.69,2.302582270185578,1.90618893535179,10.27827083295057
2025FEB,2894.73,6.605760522234116,3.405413239749093,10.53950072142769
2025MAR,2983.25,3.012146784075469,2.307050229454527,9.844816831639257
2025APR,3217.64,7.56348613174071,2.399513419417656,9.752739293462254
2025MAY,3309.49,2.814592738276809,2.686562423156576,9.543076481719915
2025JUN,3352.66,1.2959961644991,3.269545190232834,8.750155674476511
2025JUL,3340.15,-0.3738344452976377,1.594811259692882,9.394621518136892
2025AUG,3368.03,0.8312287544012664,0.8618314148922342,9.584814030523324
2025SEP,3667.68,8.523130588139875,4.826550147212619,11.24009211800834
2025OCT,4058.33,10.12122493597412,4.966945547283706,13.29259284866708
2025NOV,4087.19,0.7086133423735651,5.036828405867818,12.58138063542536
2025DEC,4309.23,5.290154149402778,4.706857021469135,11.98268913368391
