"USE MATRIX (38x38)",,,,,,,,,,,,,,,,,,,,,,,,,,,,,,,,,,,,,,
"From \ To",IND1,IND2,IND3,IND4,IND5,IND6,IND7,IND8,IND9,IND10,IND11,IND12,IND13,IND14,IND15,IND16,IND17,IND18,IND19,IND20,IND21,IND22,IND23,IND24,IND25,IND26,IND27,IND28,IND29,IND30,IND31,IND32,IND33,IND34,IND35,IND36,IND37,IND38
PROD1,1.8,3.6,5.4,7.2,9,10.8,12.6,14.4,16.2,18,19.8,21.6,23.400000000000002,25.2,27,28.8,30.6,32.4,34.2,36,37.800000000000004,39.6,41.4,43.2,45,46.800000000000004,48.6,50.4,52.2,54,55.800000000000004,57.6,59.4,61.2,63,64.8,66.60000000000001,68.4
PROD2,1.8,3.6,5.4,7.2,9,10.8,12.6,14.4,16.2,18,19.8,21.6,23.400000000000002,25.2,27,28.8,30.6,32.4,34.2,36,37.800000000000004,39.6,41.4,43.2,45,46.800000000000004,48.6,50.4,52.2,54,55.800000000000004,57.6,59.4,61.2,63,64.8,66.60000000000001,68.4
PROD3,1.8,3.6,5.4,7.2,9,10.8,12.6,14.4,16.2,18,19.8,21.6,23.400000000000002,25.2,27,28.8,30.6,32.4,34.2,36,37.800000000000004,39.6,41.4,43.2,45,46.800000000000004,48.6,50.4,52.2,54,55.800000000000004,57.6,59.4,61.2,63,64.8,66.60000000000001,68.4
PROD4,1.8,3.6,5.4,7.2,9,10.8,12.6,14.4,16.2,18,19.8,21.6,23.400000000000002,25.2,27,28.8,30.6,32.4,34.2,36,37.800000000000004,39.6,41.4,43.2,45,46.800000000000004,48.6,50.4,52.2,54,55.800000000000004,57.6,59.4,61.2,63,64.8,66.60000000000001,68.4
PROD5,1.8,3.6,5.4,7.2,9,10.8,12.6,14.4,16.2,18,19.8,21.6,23.400000000000002,25.2,27,28.8,30.6,32.4,34.2,36,37.800000000000004,39.6,41.4,43.2,45,46.800000000000004,48.6,50.4,52.2,54,55.800000000000004,57.6,59.4,61.2,63,64.8,66.60000000000001,68.4
PROD6,1.8,3.6,5.4,7.2,9,10.8,12.6,14.4,16.2,18,19.8,21.6,23.400000000000002,25.2,27,28.8,30.6,32.4,34.2,36,37.800000000000004,39.6,41.4,43.2,45,46.800000000000004,48.6,50.4,52.2,54,55.800000000000004,57.6,59.4,61.2,63,64.8,66.60000000000001,68.4
PROD7,1.8,3.6,5.4,7.2,9,10.8,12.6,14.4,16.2,18,19.8,21.6,23.400000000000002,25.2,27,28.8,30.6,32.4,34.2,36,37.800000000000004,39.6,41.4,43.2,45,46.800000000000004,48.6,50.4,52.2,54,55.800000000000004,57.6,59.4,61.2,63,64.8,66.60000000000001,68.4
PROD8,1.8,3.6,5.4,7.2,9,10.8,12.6,14.4,16.2,18,19.8,21.6,23.400000000000002,25.2,27,28.8,30.6,32.4,34.2,36,37.800000000000004,39.6,41.4,43.2,45,46.800000000000004,48.6,50.4,52.2,54,55.800000000000004,57.6,59.4,61.2,63,64.8,66.60000000000001,68.4
PROD9,1.8,3.6,5.4,7.2,9,10.8,12.6,14.4,16.2,18,19.8,21.6,23.400000000000002,25.2,27,28.8,30.6,32.4,34.2,36,37.800000000000004,39.6,41.4,43.2,45,46.800000000000004,48.6,50.4,52.2,54,55.800000000000004,57.6,59.4,61.2,63,64.8,66.60000000000001,68.4
PROD10,1.8,3.6,5.4,7.2,9,10.8,12.6,14.4,16.2,18,19.8,21.6,23.400000000000002,25.2,27,28.8,30.6,32.4,34.2,36,37.800000000000004,39.6,41.4,43.2,45,46.800000000000004,48.6,50.4,52.2,54,55.800000000000004,57.6,59.4,61.2,63,64.8,66.60000000000001,68.4
PROD11,1.8,3.6,5.4,7.2,9,10.8,12.6,14.4,16.2,18,19.8,21.6,23.400000000000002,25.2,27,28.8,30.6,32.4,34.2,36,37.800000000000004,39.6,41.4,43.2,45,46.800000000000004,48.6,50.4,52.2,54,55.800000000000004,57.6,59.4,61.2,63,64.8,66.60000000000001,68.4
PROD12,1.8,3.6,5.4,7.2,9,10.8,12.6,14.4,16.2,18,19.8,21.6,23.400000000000002,25.2,27,28.8,30.6,32.4,34.2,36,37.800000000000004,39.6,41.4,43.2,45,46.800000000000004,48.6,50.4,52.2,54,55.800000000000004,57.6,59.4,61.2,63,64.8,66.60000000000001,68.4
PROD13,1.8,3.6,5.4,7.2,9,10.8,12.6,14.4,16.2,18,19.8,21.6,23.400000000000002,25.2,27,28.8,30.6,32.4,34.2,36,37.800000000000004,39.6,41.4,43.2,45,46.800000000000004,48.6,50.4,52.2,54,55.800000000000004,57.6,59.4,61.2,63,64.8,66.60000000000001,68.4
PROD14,1.8,3.6,5.4,7.2,9,10.8,12.6,14.4,16.2,18,19.8,21.6,23.400000000000002,25.2,27,28.8,30.6,32.4,34.2,36,37.800000000000004,39.6,41.4,43.2,45,46.800000000000004,48.6,50.4,52.2,54,55.800000000000004,57.6,59.4,61.2,63,64.8,66.60000000000001,68.4
PROD15,1.8,3.6,5.4,7.2,9,10.8,12.6,14.4,16.2,18,19.8,21.6,23.400000000000002,25.2,27,28.8,30.6,32.4,34.2,36,37.800000000000004,39.6,41.4,43.2,45,46.800000000000004,48.6,50.4,52.2,54,55.800000000000004,57.6,59.4,61.2,63,64.8,66.60000000000001,68.4
PROD16,1.8,3.6,5.4,7.2,9,10.8,12.6,14.4,16.2,18,19.8,21.6,23.400000000000002,25.2,27,28.8,30.6,32.4,34.2,36,37.800000000000004,39.6,41.4,43.2,45,46.800000000000004,48.6,50.4,52.2,54,55.800000000000004,57.6,59.4,61.2,63,64.8,66.60000000000001,68.4
PROD17,1.8,3.6,5.4,7.2,9,10.8,12.6,14.4,16.2,18,19.8,21.6,23.400000000000002,25.2,27,28.8,30.6,32.4,34.2,36,37.800000000000004,39.6,41.4,43.2,45,46.800000000000004,48.6,50.4,52.2,54,55.800000000000004,57.6,59.4,61.2,63,64.8,66.60000000000001,68.4
PROD18,1.8,3.6,5.4,7.2,9,10.8,12.6,14.4,16.2,18,19.8,21.6,23.400000000000002,25.2,27,28.8,30.6,32.4,34.2,36,37.800000000000004,39.6,41.4,43.2,45,46.800000000000004,48.6,50.4,52.2,54,55.800000000000004,57.6,59.4,61.2,63,64.8,66.60000000000001,68.4
PROD19,1.8,3.6,5.4,7.2,9,10.8,12.6,14.4,16.2,18,19.8,21.6,23.400000000000002,25.2,27,28.8,30.6,32.4,34.2,36,37.800000000000004,39.6,41.4,43.2,45,46.800000000000004,48.6,50.4,52.2,54,55.800000000000004,57.6,59.4,61.2,63,64.8,66.60000000000001,68.4
PROD20,1.8,3.6,5.4,7.2,9,10.8,12.6,14.4,16.2,18,19.8,21.6,23.400000000000002,25.2,27,28.8,30.6,32.4,34.2,36,37.800000000000004,39.6,41.4,43.2,45,46.800000000000004,48.6,50.4,52.2,54,55.800000000000004,57.6,59.4,61.2,63,64.8,66.60000000000001,68.4
PROD21,1.8,3.6,5.4,7.2,9,10.8,12.6,14.4,16.2,18,19.8,21.6,23.400000000000002,25.2,27,28.8,30.6,32.4,34.2,36,37.800000000000004,39.6,41.4,43.2,45,46.800000000000004,48.6,50.4,52.2,54,55.800000000000004,57.6,59.4,61.2,63,64.8,66.60000000000001,68.4
PROD22,1.8,3.6,5.4,7.2,9,10.8,12.6,14.4,16.2,18,19.8,21.6,23.400000000000002,25.2,27,28.8,30.6,32.4,34.2,36,37.800000000000004,39.6,41.4,43.2,45,46.800000000000004,48.6,50.4,52.2,54,55.800000000000004,57.6,59.4,61.2,63,64.8,66.60000000000001,68.4
PROD23,1.8,3.6,5.4,7.2,9,10.8,12.6,14.4,16.2,18,19.8,21.6,23.400000000000002,25.2,27,28.8,30.6,32.4,34.2,36,37.800000000000004,39.6,41.4,43.2,45,46.800000000000004,48.6,50.4,52.2,54,55.800000000000004,57.6,59.4,61.2,63,64.8,66.60000000000001,68.4
PROD24,1.8,3.6,5.4,7.2,9,10.8,12.6,14.4,16.2,18,19.8,21.6,23.400000000000002,25.2,27,28.8,30.6,32.4,34.2,36,37.800000000000004,39.6,41.4,43.2,45,46.800000000000004,48.6,50.4,52.2,54,55.800000000000004,57.6,59.4,61.2,63,64.8,66.60000000000001,68.4
PROD25,1.8,3.6,5.4,7.2,9,10.8,12.6,14.4,16.2,18,19.8,21.6,23.400000000000002,25.2,27,28.8,30.6,32.4,34.2,36,37.800000000000004,39.6,41.4,43.2,45,46.800000000000004,48.6,50.4,52.2,54,55.800000000000004,57.6,59.4,61.2,63,64.8,66.60000000000001,68.4
PROD26,1.8,3.6,5.4,7.2,9,10.8,12.6,14.4,16.2,18,19.8,21.6,23.400000000000002,25.2,27,28.8,30.6,32.4,34.2,36,37.800000000000004,39.6,41.4,43.2,45,46.800000000000004,48.6,50.4,52.2,54,55.800000000000004,57.6,59.4,61.2,63,64.8,66.60000000000001,68.4
PROD27,1.8,3.6,5.4,7.2,9,10.8,12.6,14.4,16.2,18,19.8,21.6,23.400000000000002,25.2,27,28.8,30.6,32.4,34.2,36,37.800000000000004,39.6,41.4,43.2,45,46.800000000000004,48.6,50.4,52.2,54,55.800000000000004,57.6,59.4,61.2,63,64.8,66.60000000000001,68.4
PROD28,1.8,3.6,5.4,7.2,9,10.8,12.6,14.4,16.2,18,19.8,21.6,23.400000000000002,25.2,27,28.8,30.6,32.4,34.2,36,37.800000000000004,39.6,41.4,43.2,45,46.800000000000004,48.6,50.4,52.2,54,55.800000000000004,57.6,59.4,61.2,63,64.8,66.60000000000001,68.4
PROD29,1.8,3.6,5.4,7.2,9,10.8,12.6,14.4,16.2,18,19.8,21.6,23.400000000000002,25.2,27,28.8,30.6,32.4,34.2,36,37.800000000000004,39.6,41.4,43.2,45,46.800000000000004,48.6,50.4,52.2,54,55.800000000000004,57.6,59.4,61.2,63,64.8,66.60000000000001,68.4
PROD30,1.8,3.6,5.4,7.2,9,10.8,12.6,14.4,16.2,18,19.8,21.6,23.400000000000002,25.2,27,28.8,30.6,32.4,34.2,36,37.800000000000004,39.6,41.4,43.2,45,46.800000000000004,48.6,50.4,52.2,54,55.800000000000004,57.6,59.4,61.2,63,64.8,66.60000000000001,68.4
PROD31,1.8,3.6,5.4,7.2,9,10.8,12.6,14.4,16.2,18,19.8,21.6,23.400000000000002,25.2,27,28.8,30.6,32.4,34.2,36,37.800000000000004,39.6,41.4,43.2,45,46.800000000000004,48.6,50.4,52.2,54,55.800000000000004,57.6,59.4,61.2,63,64.8,66.60000000000001,68.4
PROD32,1.8,3.6,5.4,7.2,9,10.8,12.6,14.4,16.2,18,19.8,21.6,23.400000000000002,25.2,27,28.8,30.6,32.4,34.2,36,37.800000000000004,39.6,41.4,43.2,45,46.800000000000004,48.6,50.4,52.2,54,55.800000000000004,57.6,59.4,61.2,63,64.8,66.60000000000001,68.4
PROD33,1.8,3.6,5.4,7.2,9,10.8,12.6,14.4,16.2,18,19.8,21.6,23.400000000000002,25.2,27,28.8,30.6,32.4,34.2,36,37.800000000000004,39.6,41.4,43.2,45,46.800000000000004,48.6,50.4,52.2,54,55.800000000000004,57.6,59.4,61.2,63,64.8,66.60000000000001,68.4
PROD34,1.8,3.6,5.4,7.2,9,10.8,12.6,14.4,16.2,18,19.8,21.6,23.400000000000002,25.2,27,28.8,30.6,32.4,34.2,36,37.800000000000004,39.6,41.4,43.2,45,46.800000000000004,48.6,50.4,52.2,54,55.800000000000004,57.6,59.4,61.2,63,64.8,66.60000000000001,68.4
PROD35,1.8,3.6,5.4,7.2,9,10.8,12.6,14.4,16.2,18,19.8,21.6,23.400000000000002,25.2,27,28.8,30.6,32.4,34.2,36,37.800000000000004,39.6,41.4,43.2,45,46.800000000000004,48.6,50.4,52.2,54,55.800000000000004,57.6,59.4,61.2,63,64.8,66.60000000000001,68.4
PROD36,1.8,3.6,5.4,7.2,9,10.8,12.6,14.4,16.2,18,19.8,21.6,23.400000000000002,25.2,27,28.8,30.6,32.4,34.2,36,37.800000000000004,39.6,41.4,43.2,45,46.800000000000004,48.6,50.4,52.2,54,55.800000000000004,57.6,59.4,61.2,63,64.8,66.60000000000001,68.4
PROD37,1.8,3.6,5.4,7.2,9,10.8,12.6,14.4,16.2,18,19.8,21.6,23.400000000000002,25.2,27,28.8,30.6,32.4,34.2,36,37.800000000000004,39.6,41.4,43.2,45,46.800000000000004,48.6,50.4,52.2,54,55.800000000000004,57.6,59.4,61.2,63,64.8,66.60000000000001,68.4
PROD38,1.8,3.6,5.4,7.2,9,10.8,12.6,14.4,16.2,18,19.8,21.6,23.400000000000002,25.2,27,28.8,30.6,32.4,34.2,36,37.800000000000004,39.6,41.4,43.2,45,46.800000000000004,48.6,50.4,52.2,54,55.800000000000004,57.6,59.4,61.2,63,64.8,66.60000000000001,68.4
