"Scenario 1: Base Case (Demand Multiplier = 0.8)",,,,,,,,,,,,,,,,,,,
,,,,,,,,,,,,,,,,,,,
Year,,2026,2027,2028,2029,2030,2031,2032,2033,2034,2035,2036,2037,2038,2039,2040,2041,2042,2043
"Real GDP Growth Rate (%)",,5,5,5,5,5,5,5,5,5,5,5,5,5,5,5,5,5,5
"Nominal GDP (billion GEL)",,107.12,116.412,126.511,137.486,149.41304913086523,162.37452926142842,176.4604089551639,191.76822910747302,208.40399221992217,226.48289643880784,246.1301332710665,267.48175450149614,290.68561431445494,315.90239314397587,343.30671034217943,373.0883333709137,405.45349188994345,440.62630584139464
"Real GDP (billion GEL)",,73.584,77.263,81.126,85.183,89.44215000000001,93.91425750000002,98.60997037500002,103.54046889375002,108.71749233843752,114.1533669553594,119.86103530312738,125.85408706828376,132.14679142169794,138.75413099278285,145.691837542422,152.9764294195431,160.62525089052028,168.6565134350463
"GDP Deflator (Index)",,145.575,150.67,155.943,161.401,167.04993018489068,172.89656925779175,178.94783690138988,185.21089498277198,191.69315602972208,198.4022920036829,205.34624337976544,212.5332285445529,219.9717535228219,227.67062204469227,235.63894596512085,243.88615604807072,252.42201312811918,261.25661966271497
"GDP Deflator Growth Rate (%)",,3.500127975428713,3.4999141336081063,3.499701334041294,3.499996793700255,3.499935059194592,3.499935059194592,3.499935059194592,3.499935059194592,3.499935059194592,3.499935059194592,3.499935059194592,3.499935059194592,3.499935059194592,3.499935059194592,3.499935059194592,3.499935059194592,3.499935059194592,3.499935059194592
"Population (millions)",,3.732,3.729,3.726,3.723,3.723,3.723,3.723,3.723,3.723,3.723,3.723,3.723,3.723,3.723,3.723,3.723,3.723,3.723
,,,,,,,,,,,,,,,,,,,
"Investment Shock Analysis",,,,,,,,,,,,,,,,,,,
"Investment spending allocation (share)",,0.05,0.1,0.15,0.2,0.2,0.15,0.1,0.05,0,0,0,0,0,0,0,0,0,0
"Investment spending (billion USD)",,0.325,0.65,0.975,1.3,1.3,0.975,0.65,0.325,0,0,0,0,0,0,0,0,0,0
"Investment spending (billion GEL)",,0.8924500000000001,1.7849000000000002,2.67735,3.5698000000000003,3.5698000000000003,2.67735,1.7849000000000002,0.8924500000000001,0,0,0,0,0,0,0,0,0,0
"Investment spending, real (billion GEL)",,0.6130516915679204,1.1846419327006041,1.7168773205594352,2.2117582914604,2.1369658736456514,1.5485269670146116,0.9974415063667847,0.4818561025165471,0,0,0,0,0,0,0,0,0,0
,,,,,,,,,,,,,,,,,,,
"Import content (billion GEL)",,0.20153451830814847,0.40306903661629695,0.6046035549244454,0.8061380732325939,0.8061380732325939,0.6046035549244454,0.40306903661629695,0.20153451830814847,0,0,0,0,0,0,0,0,0,0
"Domestic demand (billion GEL, nominal)",,0.6909154816918516,1.3818309633837031,2.0727464450755546,2.7636619267674063,2.7636619267674063,2.0727464450755546,1.3818309633837031,0.6909154816918516,0,0,0,0,0,0,0,0,0,0
"Domestic demand, real (billion GEL)",,0.47461135613384964,0.9171241543662993,1.3291692766431031,1.7122954174803167,1.65439274575487,1.1988360752173481,0.7721976344118472,0.3730425695292491,0,0,0,0,0,0,0,0,0,0
"GDP impact, real (billion GEL)",,0.37968908490707975,0.7336993234930396,1.0633354213144826,1.3698363339842534,1.3235141966038961,0.9590688601738786,0.6177581075294778,0.29843405562339925,0,0,0,0,0,0,0,0,0,0
"New Real GDP (billion GEL)",,73.96368908490709,77.99669932349305,82.18933542131448,86.55283633398426,90.76566419660391,94.87332636017389,99.2277284825295,103.83890294937342,108.71749233843752,114.1533669553594,119.86103530312738,125.85408706828376,132.14679142169794,138.75413099278285,145.691837542422,152.9764294195431,160.62525089052028,168.6565134350463
"New Real GDP Growth Rate (%)",,5.541793785540938,5.452689405413835,5.375401951860015,5.309084068269732,4.867348132143778,4.525568341209452,4.5897011198118065,4.647062406206137,4.698228939728555,5.000000000000004,5.000000000000004,5.000000000000004,5.000000000000004,5.000000000000004,5.000000000000004,5.000000000000004,5.000000000000004,5.000000000000004
"New Nominal GDP (billion GEL)",,107.67264038535347,117.51762687070698,128.16851533606044,139.69714337141394,151.62397867227915,164.03272641748885,177.5658737258709,192.3209614928265,208.40399221992217,226.48289643880784,246.1301332710665,267.48175450149614,290.68561431445494,315.90239314397587,343.30671034217943,373.0883333709137,405.45349188994345,440.62630584139464
"New Nominal GDP (billion USD)",,39.21072118913091,42.79593112553058,46.67462321050999,50.872958256159485,55.216306872643536,59.73515164511611,64.66346457606369,70.03676674902641,75.89366067732053,82.47738399082587,89.6322408124787,97.4077765846672,105.8578347831227,115.0409297683816,125.02065198185704,135.8661082923939,147.65240054258683,160.4611456086652
"GDP impact (% of baseline real GDP)",,0.515994081467547,0.949612781658801,1.3107208802535346,1.6081099914117294,1.4797432716050498,1.0212175293766002,0.6264661729237212,0.28822938394227565,0,0,0,0,0,0,0,0,0,0
"Growth rate impact (pp)",,0.5417937855409383,0.4526894054138353,0.3754019518600149,0.30908406826973156,-0.13265186785622163,-0.4744316587905484,-0.4102988801881935,-0.3529375937938628,-0.3017710602714452,4.440892098500626E-15,4.440892098500626E-15,4.440892098500626E-15,4.440892098500626E-15,4.440892098500626E-15,4.440892098500626E-15,4.440892098500626E-15,4.440892098500626E-15,4.440892098500626E-15
,,,,,,,,,,,,,,,,,,,
Assumptions,,,,,,,,,,,,,,,,,,,
,,,,,,,,,,,,,,,,,,,
"Exchange rate (GEL/USD)",D30,,2.746,,,,,,,,,,,,,,,,
"Demand multiplier",D31,,0.8,,,,,,,,,,,,,,,,
"Total investment (billion USD)",D32,,6.5,,,,,,,,,,,,,,,,
"Import content share",D33,,0.22582163517076415,,,,,,,,,,,,,,,,
,,,,,,,,,,,,,,,,,,,
,,,,,,,,,,,,,,,,,,,
"Scenario 2: Higher Demand Multiplier (Demand Multiplier = 1.0)",,,,,,,,,,,,,,,,,,,
,,,,,,,,,,,,,,,,,,,
Year,,2026,2027,2028,2029,2030,2031,2032,2033,2034,2035,2036,2037,2038,2039,2040,2041,2042,2043
"Real GDP Growth Rate (%)",,5,5,5,5,5,5,5,5,5,5,5,5,5,5,5,5,5,5
"Nominal GDP (billion GEL)",,107.12,116.412,126.511,137.486,149.41304913086523,162.37452926142842,176.4604089551639,191.76822910747302,208.40399221992217,226.48289643880784,246.1301332710665,267.48175450149614,290.68561431445494,315.90239314397587,343.30671034217943,373.0883333709137,405.45349188994345,440.62630584139464
"Real GDP (billion GEL)",,73.584,77.263,81.126,85.183,89.44215000000001,93.91425750000002,98.60997037500002,103.54046889375002,108.71749233843752,114.1533669553594,119.86103530312738,125.85408706828376,132.14679142169794,138.75413099278285,145.691837542422,152.9764294195431,160.62525089052028,168.6565134350463
"GDP Deflator (Index)",,145.575,150.67,155.943,161.401,167.04993018489068,172.89656925779175,178.94783690138988,185.21089498277198,191.69315602972208,198.4022920036829,205.34624337976544,212.5332285445529,219.9717535228219,227.67062204469227,235.63894596512085,243.88615604807072,252.42201312811918,261.25661966271497
"GDP Deflator Growth Rate (%)",,3.500127975428713,3.4999141336081063,3.499701334041294,3.499996793700255,3.499935059194592,3.499935059194592,3.499935059194592,3.499935059194592,3.499935059194592,3.499935059194592,3.499935059194592,3.499935059194592,3.499935059194592,3.499935059194592,3.499935059194592,3.499935059194592,3.499935059194592,3.499935059194592
"Population (millions)",,3.732,3.729,3.726,3.723,3.723,3.723,3.723,3.723,3.723,3.723,3.723,3.723,3.723,3.723,3.723,3.723,3.723,3.723
,,,,,,,,,,,,,,,,,,,
"Investment Shock Analysis",,,,,,,,,,,,,,,,,,,
"Investment spending allocation (share)",,0.05,0.1,0.15,0.2,0.2,0.15,0.1,0.05,0,0,0,0,0,0,0,0,0,0
"Investment spending (billion USD)",,0.325,0.65,0.975,1.3,1.3,0.975,0.65,0.325,0,0,0,0,0,0,0,0,0,0
"Investment spending (billion GEL)",,0.8924500000000001,1.7849000000000002,2.67735,3.5698000000000003,3.5698000000000003,2.67735,1.7849000000000002,0.8924500000000001,0,0,0,0,0,0,0,0,0,0
"Investment spending, real (billion GEL)",,0.6130516915679204,1.1846419327006041,1.7168773205594352,2.2117582914604,2.1369658736456514,1.5485269670146116,0.9974415063667847,0.4818561025165471,0,0,0,0,0,0,0,0,0,0
,,,,,,,,,,,,,,,,,,,
"Import content (billion GEL)",,0.20153451830814847,0.40306903661629695,0.6046035549244454,0.8061380732325939,0.8061380732325939,0.6046035549244454,0.40306903661629695,0.20153451830814847,0,0,0,0,0,0,0,0,0,0
"Domestic demand (billion GEL, nominal)",,0.6909154816918516,1.3818309633837031,2.0727464450755546,2.7636619267674063,2.7636619267674063,2.0727464450755546,1.3818309633837031,0.6909154816918516,0,0,0,0,0,0,0,0,0,0
"Domestic demand, real (billion GEL)",,0.47461135613384964,0.9171241543662993,1.3291692766431031,1.7122954174803167,1.65439274575487,1.1988360752173481,0.7721976344118472,0.3730425695292491,0,0,0,0,0,0,0,0,0,0
"GDP impact, real (billion GEL)",,0.47461135613384964,0.9171241543662993,1.3291692766431031,1.7122954174803167,1.65439274575487,1.1988360752173481,0.7721976344118472,0.3730425695292491,0,0,0,0,0,0,0,0,0,0
"New Real GDP (billion GEL)",,74.05861135613385,78.18012415436631,82.4551692766431,86.89529541748033,91.09654274575489,95.11309357521736,99.38216800941187,103.91351146327926,108.71749233843752,114.1533669553594,119.86103530312738,125.85408706828376,132.14679142169794,138.75413099278285,145.691837542422,152.9764294195431,160.62525089052028,168.6565134350463
"New Real GDP Growth Rate (%)",,5.677242231926161,5.5652039955392585,5.4681994541678325,5.38489724754585,4.834838650458639,4.409114449790308,4.488419284584033,4.559513587425723,4.623057009151199,5.000000000000004,5.000000000000004,5.000000000000004,5.000000000000004,5.000000000000004,5.000000000000004,5.000000000000004,5.000000000000004,5.000000000000004
"New Nominal GDP (billion GEL)",,107.81082348169184,117.79399306338371,128.58306462507556,140.24987575676744,152.17671105763264,164.44727570650397,177.8422399185476,192.45914458916485,208.40399221992217,226.48289643880784,246.1301332710665,267.48175450149614,290.68561431445494,315.90239314397587,343.30671034217943,373.0883333709137,405.45349188994345,440.62630584139464
"New Nominal GDP (billion USD)",,39.26104278284481,42.89657431295838,46.8255879916517,51.07424463101509,55.41759324749914,59.88611642625782,64.76410776349148,70.0870883427403,75.89366067732053,82.47738399082587,89.6322408124787,97.4077765846672,105.8578347831227,115.0409297683816,125.02065198185704,135.8661082923939,147.65240054258683,160.4611456086652
"GDP impact (% of baseline real GDP)",,0.6449926018344336,1.1870159770735011,1.638401100316918,2.0101374892646615,1.849679089506312,1.27652191172075,0.7830827161546514,0.3602867299278446,0,0,0,0,0,0,0,0,0,0
"Growth rate impact (pp)",,0.6772422319261606,0.5652039955392585,0.4681994541678325,0.3848972475458501,-0.16516134954136064,-0.5908855502096921,-0.5115807154159668,-0.4404864125742769,-0.3769429908488009,4.440892098500626E-15,4.440892098500626E-15,4.440892098500626E-15,4.440892098500626E-15,4.440892098500626E-15,4.440892098500626E-15,4.440892098500626E-15,4.440892098500626E-15,4.440892098500626E-15
,,,,,,,,,,,,,,,,,,,
Assumptions,,,,,,,,,,,,,,,,,,,
"Exchange rate (GEL/USD)",,,2.746,,,,,,,,,,,,,,,,
"Demand multiplier",,,1,,,,,,,,,,,,,,,,
"Total investment (billion USD)",,,6.5,,,,,,,,,,,,,,,,
"Import content share",,,0.22582163517076415,,,,,,,,,,,,,,,,
,,,,,,,,,,,,,,,,,,,
,,,,,,,,,,,,,,,,,,,
"Scenario 3: Higher Import Content (Import Content Share = 0.5)",,,,,,,,,,,,,,,,,,,
,,,,,,,,,,,,,,,,,,,
Year,,2026,2027,2028,2029,2030,2031,2032,2033,2034,2035,2036,2037,2038,2039,2040,2041,2042,2043
"Real GDP Growth Rate (%)",,5,5,5,5,5,5,5,5,5,5,5,5,5,5,5,5,5,5
"Nominal GDP (billion GEL)",,107.12,116.412,126.511,137.486,149.41304913086523,162.37452926142842,176.4604089551639,191.76822910747302,208.40399221992217,226.48289643880784,246.1301332710665,267.48175450149614,290.68561431445494,315.90239314397587,343.30671034217943,373.0883333709137,405.45349188994345,440.62630584139464
"Real GDP (billion GEL)",,73.584,77.263,81.126,85.183,89.44215000000001,93.91425750000002,98.60997037500002,103.54046889375002,108.71749233843752,114.1533669553594,119.86103530312738,125.85408706828376,132.14679142169794,138.75413099278285,145.691837542422,152.9764294195431,160.62525089052028,168.6565134350463
"GDP Deflator (Index)",,145.575,150.67,155.943,161.401,167.04993018489068,172.89656925779175,178.94783690138988,185.21089498277198,191.69315602972208,198.4022920036829,205.34624337976544,212.5332285445529,219.9717535228219,227.67062204469227,235.63894596512085,243.88615604807072,252.42201312811918,261.25661966271497
"GDP Deflator Growth Rate (%)",,3.500127975428713,3.4999141336081063,3.499701334041294,3.499996793700255,3.499935059194592,3.499935059194592,3.499935059194592,3.499935059194592,3.499935059194592,3.499935059194592,3.499935059194592,3.499935059194592,3.499935059194592,3.499935059194592,3.499935059194592,3.499935059194592,3.499935059194592,3.499935059194592
"Population (millions)",,3.732,3.729,3.726,3.723,3.723,3.723,3.723,3.723,3.723,3.723,3.723,3.723,3.723,3.723,3.723,3.723,3.723,3.723
,,,,,,,,,,,,,,,,,,,
"Investment Shock Analysis",,,,,,,,,,,,,,,,,,,
"Investment spending allocation (share)",,0.05,0.1,0.15,0.2,0.2,0.15,0.1,0.05,0,0,0,0,0,0,0,0,0,0
"Investment spending (billion USD)",,0.325,0.65,0.975,1.3,1.3,0.975,0.65,0.325,0,0,0,0,0,0,0,0,0,0
"Investment spending (billion GEL)",,0.8924500000000001,1.7849000000000002,2.67735,3.5698000000000003,3.5698000000000003,2.67735,1.7849000000000002,0.8924500000000001,0,0,0,0,0,0,0,0,0,0
"Investment spending, real (billion GEL)",,0.6130516915679204,1.1846419327006041,1.7168773205594352,2.2117582914604,2.1369658736456514,1.5485269670146116,0.9974415063667847,0.4818561025165471,0,0,0,0,0,0,0,0,0,0
,,,,,,,,,,,,,,,,,,,
"Import content (billion GEL)",,0.44622500000000004,0.8924500000000001,1.338675,1.7849000000000002,1.7849000000000002,1.338675,0.8924500000000001,0.44622500000000004,0,0,0,0,0,0,0,0,0,0
"Domestic demand (billion GEL, nominal)",,0.44622500000000004,0.8924500000000001,1.338675,1.7849000000000002,1.7849000000000002,1.338675,0.8924500000000001,0.44622500000000004,0,0,0,0,0,0,0,0,0,0
"Domestic demand, real (billion GEL)",,0.3065258457839602,0.5923209663503021,0.8584386602797176,1.1058791457302,1.0684829368228257,0.7742634835073058,0.4987207531833924,0.24092805125827355,0,0,0,0,0,0,0,0,0,0
"GDP impact, real (billion GEL)",,0.24522067662716818,0.47385677308024166,0.6867509282237741,0.88470331658416,0.8547863494582606,0.6194107868058447,0.3989766025467139,0.19274244100661886,0,0,0,0,0,0,0,0,0,0
"New Real GDP (billion GEL)",,73.82922067662717,77.73685677308025,81.81275092822378,86.06770331658417,90.29693634945828,94.53366828680586,99.00894697754673,103.73321133475663,108.71749233843752,114.1533669553594,119.86103530312738,125.85408706828376,132.14679142169794,138.75413099278285,145.691837542422,152.9764294195431,160.62525089052028,168.6565134350463
"New Real GDP Growth Rate (%)",,5.349915349068457,5.292804204948287,5.243193929285539,5.200842582708609,4.913844415387336,4.691999649856338,4.734058004776998,4.771552977208482,4.804903790740811,5.000000000000004,5.000000000000004,5.000000000000004,5.000000000000004,5.000000000000004,5.000000000000004,5.000000000000004,5.000000000000004,5.000000000000004
"New Nominal GDP (billion GEL)",,107.476888,117.12612209999999,127.58125818000002,138.91413383000003,150.84096913086523,163.44546926142843,177.1743689551639,192.125209107473,208.40399221992217,226.48289643880784,246.1301332710665,267.48175450149614,290.68561431445494,315.90239314397587,343.30671034217943,373.0883333709137,405.45349188994345,440.62630584139464
"New Nominal GDP (billion USD)",,39.13943481427531,42.65335837581937,46.4607640859432,50.58781275673708,54.93116137322114,59.521292520549316,64.52089182635248,69.9654803741708,75.89366067732053,82.47738399082587,89.6322408124787,97.4077765846672,105.8578347831227,115.0409297683816,125.02065198185704,135.8661082923939,147.65240054258683,160.4611456086652
"GDP impact (% of baseline real GDP)",,0.33325271339852164,0.6133036163237794,0.8465238372701405,1.03859140507397,0.9556862725887744,0.6595492561987668,0.4046006717469454,0.1861517946228398,0,0,0,0,0,0,0,0,0,0
"Growth rate impact (pp)",,0.349915349068457,0.2928042049482871,0.24319392928553896,0.2008425827086091,-0.08615558461266382,-0.30800035014366234,-0.26594199522300244,-0.22844702279151807,-0.19509620925918902,4.440892098500626E-15,4.440892098500626E-15,4.440892098500626E-15,4.440892098500626E-15,4.440892098500626E-15,4.440892098500626E-15,4.440892098500626E-15,4.440892098500626E-15,4.440892098500626E-15
,,,,,,,,,,,,,,,,,,,
Assumptions,,,,,,,,,,,,,,,,,,,
"Exchange rate (GEL/USD)",,,2.746,,,,,,,,,,,,,,,,
"Demand multiplier",,,0.8,,,,,,,,,,,,,,,,
"Total investment (billion USD)",,,6.5,,,,,,,,,,,,,,,,
"Import content share",,,0.5,,,,,,,,,,,,,,,,
