Date,Price,"Log Return","3-month volatility","12-month volatility"
1990M1,409.819061279297,,,
1990M2,417.181060791016,1.780457776374216,,
1990M3,392.703338623047,-6.046586283977909,,
1990M4,374.292114257813,-4.801791654598456,4.205911315509111,
1990M5,369.197631835938,-1.37044584198046,2.421774046313538,
1990M6,352.527618408203,-4.620311901862343,1.930833084171892,
1990M7,362.498565673828,2.78915482477398,3.714029803487649,
1990M8,394.631805419922,8.493267448770908,6.57524475318507,
1990M9,389.755004882813,-1.243484289288566,4.892228760325103,
1990M10,380.995208740234,-2.273154955719252,5.941105501529433,
1990M11,381.794097900391,0.2094652993430028,1.2473096059959,
1990M12,376.682342529297,-1.347921304939265,1.25465225425075,
1991M1,383.702270507813,1.846467513241765,1.59735975937521,3.98062494934324
1991M2,364.391662597656,-5.163762932392457,3.509703172359491,4.113767114265451
1991M3,362.760803222656,-0.4485612539770916,3.574064325372218,3.811526779207119
1991M4,358.323333740234,-1.230792711236744,2.526963516467781,3.591915048953385
1991M5,356.964294433594,-0.3799984477498231,0.4726587546187729,3.578022021064593
1991M6,366.910003662109,2.748083516812701,2.095240785444505,3.39308162176582
1991M7,367.792266845703,0.2401690162376031,1.65625781017554,3.303973950333667
1991M8,356.669525146484,-3.070863333095449,2.918695850392227,2.111084032451741
1991M9,348.742858886719,-2.247479656967142,1.723818040365721,2.147977569810247
1991M10,358.814361572266,2.847029944670166,3.20555376407657,2.354754178214503
1991M11,359.589996337891,0.2159327288215032,2.547714702201376,2.354932016678229
1991M12,361.532012939453,0.5386110176724812,1.435014040573795,2.356100414333067
1992M1,354.700958251953,-1.907553016685903,1.328974007298956,2.287311823274307
1992M2,353.779998779297,-0.2599815795328384,1.247394635485117,1.793226064327613
1992M3,344.183319091797,-2.750082779797621,1.266553856586963,1.934352933404758
1992M4,338.691589355469,-1.608449238772416,1.246481458450744,1.951419565020438
1992M5,337.098937988281,-0.4713455579389469,1.139369361331302,1.951216640702171
1992M6,341.021911621094,1.157026037266838,1.389991147179392,1.756471688941241
1992M7,352.254486083984,3.240715403687654,1.860678729686226,2.0734372475461
1992M8,342.892852783203,-2.693587040127227,3.010673455729374,2.031016883215726
1992M9,345.006500244141,0.6145242333143851,2.973674095443921,1.95164721581831
1992M10,344.892395019531,-0.03307882544350478,1.753154009187617,1.72113603190221
1992M11,335.050537109375,-2.895109239659772,1.867624825289786,1.860156695269885
1992M12,334.80712890625,-0.07267460721499384,1.641083136846759,1.834664366766964
1993M1,329.030548095703,-1.740403360837542,1.41896688454839,1.824773563349033
1993M2,329.299987792969,0.08185545030102777,1.010431088620722,1.833654119150847
1993M3,330.096954345703,0.2417260044352537,1.101137486838659,1.713853799989985
1993M4,342.05712890625,3.559135434087044,1.963086006082462,1.994636054910122
1993M5,366.667999267578,6.947903777996453,3.353152162349916,2.796194259404824
1993M6,371.809997558594,1.392616006224727,2.79996367676392,2.800513413762122
1993M7,392.399993896484,5.389874759676879,2.865506185393554,3.035234727056668
1993M8,378.700012207031,-3.553734499509686,4.480189866673001,3.136273735232231
1993M9,354.399993896484,-6.631816563297374,6.244781795457889,3.806952752773627
1993M10,362.380004882813,2.226719697343582,4.497441950605935,3.848750251778793
1993M11,374.167510986328,3.201018899711896,5.417680574739202,3.774125953301014
1993M12,383.302001953125,2.411960783408184,0.5173950628882418,3.782849660753459
1994M1,387.077514648438,0.9801773908908428,1.125814771716902,3.675359353496396
1994M2,382.304992675781,-1.240626902959225,1.840442528364408,3.736293696698584
1994M3,383.877502441406,0.4104797443502241,1.153449918060765,3.732495044369877
1994M4,377.321044921875,-1.722709453301214,1.118708548514053,3.747839079124531
1994M5,381.589996337891,1.125032107979783,1.481593355883712,3.222059241674551
1994M6,385.743194580078,1.082512485683544,1.632008478587494,3.21401660806068
1994M7,385.399993896484,-0.08901088964598271,0.6889817773724647,2.787047245988174
1994M8,380.761352539063,-1.210893255773004,1.146792407639395,2.602911516162834
1994M9,391.928100585938,2.890559850922247,2.119684702493009,1.664690671727899
1994M10,389.594451904297,-0.5972074919991341,2.212202855429695,1.650185005926184
1994M11,384.441253662109,-1.331534021666269,2.25572727220703,1.514743645910843
1994M12,379.399993896484,-1.319994954464128,0.4206721443399626,1.404148248617266
1995M1,378.549987792969,-0.2242909111126217,0.635962237683613,1.36352529836633
1995M2,376.505249023438,-0.5416143530420139,0.5637874714945118,1.328848312869889
1995M3,381.661895751953,1.36031382567964,1.018904406350101,1.390650324273144
1995M4,391.04443359375,2.428606740458021,1.504481853942511,1.451261671786673
1995M5,385.219055175781,-1.500904746773513,2.031784191271356,1.511882372593421
1995M6,387.490478515625,0.5879129953211455,1.966060932904509,1.488596673990453
1995M7,386.240478515625,-0.3231100103055944,1.047244234305937,1.491937853464483
1995M8,383.697631835938,-0.6605351497739229,0.6458123324565425,1.458812879044421
1995M9,383.217498779297,-0.125211539113834,0.2706753583709488,1.155934906406098
1995M10,383.069030761719,-0.03875000113200828,0.33681442386771,1.149153488618642
1995M11,385.676300048828,0.6783206816928489,0.4410838906586925,1.105458052815727
1995M12,387.557678222656,0.4866268010381582,0.3712496222907085,1.025504957742188
1996M1,400.070587158203,3.177631469187074,1.501377538593851,1.329548416057198
1996M2,404.484222412109,1.09717311413044,1.410825992787845,1.301087260033489
1996M3,396.326324462891,-2.037480699188738,2.625254159925058,1.477687764828808
1996M4,393.144989013672,-0.8059450964540154,1.579271635576447,1.346080379350056
1996M5,391.94287109375,-0.3062380455685448,0.8910282639757405,1.262994920855144
1996M6,385.272491455078,-1.716523821415504,0.7150485671865727,1.360801633069819
1996M7,383.586364746094,-0.4386057072647899,0.7788347999729822,1.363331658131866
1996M8,387.471435546875,1.007733448134598,1.362996046069866,1.381185955594723
1996M9,382.964996337891,-1.169853972823201,1.108189811828075,1.427546069106109
1996M10,381.072723388672,-0.4953359682100931,1.114755517651867,1.434580503595063
1996M11,378.516662597656,-0.6730137324655949,0.3496174459073575,1.42577597279315
1996M12,368.977661132813,-2.552399135110182,1.139822190241488,1.564387770762527
1997M1,355.200012207031,-3.805505778784995,1.576645815877797,1.398810802617448
1997M2,346.713195800781,-2.418313236776596,0.7651316267106776,1.285157097399205
1997M3,351.805267333984,1.457989159859678,2.728076318211239,1.480249479343198
1997M4,344.583343505859,-2.074181752446044,2.145552691127018,1.510642557838244
1997M5,343.702789306641,-0.2558687841136338,1.766342853500084,1.513112569536566
1997M6,340.476318359375,-0.9431725784368492,0.9181349127615439,1.500628279876955
1997M7,324.088623046875,-4.932856725268024,2.525344276822161,1.857899460189699
1997M8,324.049987792969,-0.01192191093251807,2.614077493245067,1.75818408788911
1997M9,324.476196289063,0.1314391208607822,2.883378927852227,1.818780180151447
1997M10,323.883331298828,-0.182881605112033,0.1573621731584533,1.834779785717934
1997M11,305.346160888672,-5.893727559332503,3.391538307703545,2.233904231363739
1997M12,287.619995117188,-5.9805939286053,3.322518509226913,2.538669252468312
1998M1,289.5,0.6515149531424549,3.804221635949933,2.588158336318922
1998M2,297.455261230469,2.710853424547313,4.541787464787205,2.867948823209734
1998M3,295.954559326172,-0.5057904509177286,1.629265098116419,2.751360951572533
1998M4,308.285003662109,4.08187649295606,2.354895258236484,3.165267164389435
1998M5,298.978942871094,-3.065154594847713,3.62116662092896,3.214574117827492
1998M6,292.538635253906,-2.177640144301018,3.895494915113717,3.226674883149077
1998M7,292.752258300781,0.07299722538428495,1.617665360768339,3.026704159108732
1998M8,284.109985351563,-2.996528098598439,1.589440769898259,3.074064675768811
1998M9,288.981811523438,1.700231467154851,2.385002704773341,3.163086074307438
1998M10,295.714996337891,2.303239004938173,2.901456526782351,3.297559234966128
1998M11,293.716674804688,-0.6780528726893038,1.576280207290732,2.875902827275781
1998M12,291.678955078125,-0.6961883050896555,1.726508728699661,2.27214389487461
1999M1,286.9368286,-1.63916463740936,0.5497376770646712,2.318878026018939
1999M2,287.655,0.2499763269263775,0.9445709305750523,2.153084440381337
1999M3,286.2136364,-0.5023333005173668,0.9510703485385601,2.153051593496659
1999M4,282.6175,-1.264411907295319,0.7571993685507896,1.666923053152589
1999M5,276.91,-2.040184967002338,0.7689359955144079,1.558834281537075
1999M6,261.3136364,-5.797118572203784,2.424245713074642,2.129375200867713
1999M7,256.6931818,-1.783983136516273,2.246680718935049,2.116452273961599
1999M8,256.9052632,0.08258646969002602,3.00444863215797,2.050636564136249
1999M9,264.3108696,2.84185555026446,2.327231241552378,2.200167596540996
1999M10,310.7815789,16.1964400030657,8.617953812256312,5.349988079962761
1999M11,293.1840909,-5.828963848000638,11.0953928107338,5.644130856907948
1999M12,282.9526316,-3.552120418000859,12.11272106445546,5.734941885334618
2000M1,284.065625,0.3925781282971686,3.147810010910608,5.720274507688322
2000M2,299.715,5.362673770880918,4.467214880805038,5.933812023275768
2000M3,286.924,-4.361465079087926,4.8624694324247,6.086362756104298
2000M4,279.6526316,-2.566914077165978,5.174579743191152,6.122868267343971
2000M5,276.7409091,-1.046650928894109,1.659297350728987,6.100746386278963
2000M6,285.7318182,3.197195003536874,2.987372921493769,5.872708338930312
2000M7,281.5857143,-1.461677977579074,2.578357784958063,5.860818391813048
2000M8,274.425,-2.575889295492337,3.06254432998761,5.938942960873435
2000M9,273.53,-0.3266694512872454,1.124625946947609,5.898067823212559
2000M10,269.9285714,-1.325393143212556,1.126956043748316,3.11184046373389
2000M11,266.2973684,-1.354376294519481,0.5851595781634672,2.750510118638201
2000M12,271.45,1.916434966827246,1.880092897769337,2.706023218274089
2001M1,265.4863636,-2.221448219377142,2.182204439433576,2.746094133330199
2001M2,262.0894737,-1.287753002360107,2.170279727087354,2.015130748018704
2001M3,263.0272727,0.3571777146449055,1.305558343496369,1.770151351538587
2001M4,260.3305556,-1.030553407625529,0.8848489855144711,1.677952639860976
2001M5,272.0931818,4.419239657159502,2.832148458371082,2.204078493270007
2001M6,270.202381,-0.6973350297485309,3.054794468346487,1.938567550776799
2001M7,267.5261905,-0.9953767523830342,3.043743206908943,1.921385368290012
2001M8,272.0921053,1.692316144827307,1.473259126013778,1.88204722916626
2001M9,284.4723529,4.449543958559072,2.722534354695303,2.284999204376188
2001M10,282.2671429,-0.7782133221999128,2.615188560785952,2.254283132208026
2001M11,277.184375,-1.817103928323706,3.358561587351371,2.290178851657318
2001M12,275.8357143,-0.4877448034011166,0.6989112169319882,2.243843544980053
2002M1,281,1.854921888456878,1.859169012904183,2.161973907737216
2002M2,295.2875,4.959478868613158,2.732477721932069,2.434377114886844
2002M3,294.0475,-0.4208139105503844,2.700765257584087,2.463065606917452
2002M4,302.6833333,2.894583547189837,2.714258750277425,2.439693654008476
2002M5,314.4931818,3.827524202796389,2.232734321222468,2.375074702696906
2002M6,321.1777778,2.103239833347626,0.8631106270390342,2.307595489796612
2002M7,313.2913043,-2.486135236147037,3.26337799491528,2.484018608507666
2002M8,310.2809524,-0.9655257282655794,2.33780305971588,2.564596785016563
2002M9,319.1357143,2.813826388585094,2.729021464500788,2.408799316367798
2002M10,316.5565217,-0.8114639779053339,2.138923704710533,2.410996414913502
2002M11,320.4357143,1.217986762442523,1.816961963518288,2.247351434260078
2002M12,332.0361111,3.556205454032319,2.185652962079475,2.272955294392937
2003M1,356.8590909090909,7.20972691527624,3.019835419813179,2.803078692717873
2003M2,358.97,0.5897819008986993,3.315910125383821,2.662789723982232
2003M3,340.55,-5.267686184955395,6.242588165763901,3.294408522046707
2003M4,328.18,-3.699971934032312,3.032316175072874,3.531784444447748
2003M5,355.6825,8.047624063410376,7.277376206457849,4.046888525471295
2003M6,356.352380952381,0.1881596444046257,5.984629755242272,4.038281311761469
2003M7,351.0195652173913,-1.507811215269128,5.098265088496813,3.973814272536333
2003M8,359.7675,2.461602620417575,1.991695522286888,3.946883509473086
2003M9,378.9454545454546,5.193428584326298,3.369612592660772,4.090677931352153
2003M10,378.9195652173912,-0.006832173909165396,2.601241863180357,4.057026683657613
2003M11,389.91,2.859198968079645,2.604658466474254,4.074336657534095
2003M12,406.9526315789473,4.278085108089609,2.182807385712778,4.110446133236983
2004M1,413.7880952380953,1.665720119331341,1.307802257938335,3.728095476034885
2004M2,404.8775,-2.176944331809485,3.246996714619915,3.854916475452406
2004M3,406.6673913043479,0.4411078735820863,1.962988477918969,3.326804439666243
2004M4,403.26,-0.841411574361288,1.30911555580638,3.009495956143301
2004M5,383.778947368421,-4.951478627156038,2.817134965432214,2.85933323832946
2004M6,392.3727272727272,2.214549397435739,3.595912176552007,2.89030628812675
2004M7,398.0909090909091,1.446817109030134,3.934453770719917,2.800050039049475
2004M8,400.5095238095238,0.6057152021711928,0.8046958796376051,2.765959070468832
2004M9,405.275,1.182830300289702,0.4301556480675914,2.419874608079807
2004M10,420.4642857142857,3.679369387535611,1.633662516241285,2.570676853759492
2004M11,439.375,4.399371966193639,1.688058619436176,2.713659133340307
2004M12,442.078947368421,0.6135217518898995,2.010409878748276,2.509137420991508
2005M1,424.03,-4.168427263788656,4.293539369001167,2.845546987099541
2005M2,423.35,-0.1604947357655659,2.566763885417357,2.750117960062533
2005M3,434.3214285714286,2.55856187175094,3.384010806073471,2.82196211483913
2005M4,429.2333333333334,-1.178420719416696,1.93194552328997,2.838676638119024
2005M5,421.8725,-1.729753592831859,2.333047232975859,2.391219934262347
2005M6,430.6568181818182,2.060839173077648,2.047981368136108,2.383285809172293
2005M7,424.4785714285714,-1.445000249260019,2.111105083396585,2.454412146137042
2005M8,437.9295454545454,3.119651738977775,2.389143566170656,2.565772734416723
2005M9,456.0477272727272,4.053942679788576,2.942428721106018,2.738436135240008
2005M10,469.8976190476191,2.991737005258245,0.5798768024600518,2.683542286378833
2005M11,476.6659090909091,1.430100610307674,1.319819200409418,2.461932504265514
2005M12,510.0972222222222,6.778549409390701,2.750289711119478,3.025752142033791
2006M1,549.8642857142856,7.507015517245586,3.318269182693235,3.022316020295893
2006M2,554.995,0.9287610165672178,3.606108691900464,2.961857551790537
2006M3,557.0934782608696,0.3773945675277625,3.966714260011607,3.008188934285997
2006M4,610.6527777777778,9.179546212151706,4.930472169406602,3.444354562197663
2006M5,675.3928571428571,10.07660196584302,5.359682931475824,3.66880669654808
2006M6,596.1454545454545,-12.48098436116186,12.77254865354444,6.000164484845336
2006M7,633.7095238095238,6.110599656913522,12.04312301354226,5.920441364744179
2006M8,632.5931818181818,-0.1763152326183953,9.456718753460459,6.007379025591593
2006M9,598.1857142857143,-5.592626804002499,5.857007760822531,6.489092438830994
2006M10,585.7795454545455,-2.095774824419792,2.746170968517767,6.602208760756244
2006M11,627.8272727272728,6.932156870972962,6.462735883106061,6.760541545418612
2006M12,629.7911764705883,0.3123213309998437,4.674838684680552,6.627106222589803
2007M1,631.1659090909092,0.2180459875648066,3.849467395440796,6.381619487574243
2007M2,664.745,5.183475007561563,2.839968055386251,6.485609595147959
2007M3,654.8954545454545,-1.492789695515626,3.467827236966524,6.537398588931786
2007M4,679.3684210526316,3.668796249039747,3.500207888828481,6.117293398748179
2007M5,666.8595238095237,-1.8584159252198,3.091001089780944,5.417908028633868
2007M6,655.4904761904762,-1.719564073132142,3.151819083684509,3.845928145137546
2007M7,665.2954545454545,1.484746051480645,1.891367019467643,3.478520019116762
2007M8,665.4113636363637,0.01742068044120882,1.60404505097467,3.476023699508079
2007M9,712.6525,6.858848298717223,3.601831722988521,3.374508425689708
2007M10,754.6043478260871,5.719964494796631,3.665633054230093,3.380258755740909
2007M11,806.2477272727273,6.619747994321953,0.6005324887703472,3.340718475219833
2007M12,803.2029411764706,-0.3783638465414013,3.807290993213246,3.379746694656596
2008M1,889.5954545454545,10.2159403180484,5.387415108353685,4.057648783374066
2008M2,922.297619047619,3.610115476592794,5.350765831151421,4.000766380205351
2008M3,968.4342105263158,4.88125825943892,3.505033487163455,3.807792236468889
2008M4,909.7045454545455,-6.256067982708051,6.096411729465382,4.687243558703849
2008M5,888.6625,-2.340234808039154,5.649834030003102,4.729221715090337
2008M6,889.4880952380952,0.09285999730640866,3.203190760243268,4.613471383808212
2008M7,939.7717391304348,5.499089170314645,4.012527562532068,4.674827189342011
2008M8,839.025,-11.3396511662491,8.5972166183609,6.205663599867756
2008M9,829.9318181818181,-1.08969527535847,8.485446878420388,6.054330354614766
2008M10,806.6195652173913,-2.849141209604694,5.480967145261506,5.986673772433187
2008M11,760.8625,-5.839948032641487,2.401578533185114,5.919399877732967
2008M12,816.0921052631579,7.007456446625518,6.72251496420072,6.302811142687861
2009M1,858.6904761904761,5.088130396309204,6.930157676063482,5.702253984938013
2009M2,943.1625,9.383006350865557,2.151472724282269,6.276256724338448
2009M3,924.2727272727273,-2.023140268626964,5.760733614167095,6.121300359706308
2009M4,890.2,-3.756103089503648,7.138388447097147,5.943424941008885
2009M5,928.6447368421053,4.22800944989029,4.199723919171476,6.028298041974113
2009M6,945.6704545454545,1.816790056364676,4.095061457021272,6.041704499573231
2009M7,934.2282608695652,-1.217335262135232,2.728603869040598,5.845456526974066
2009M8,949.375,1.608307432708606,1.694778161080502,4.643351640245315
2009M9,996.5909090909091,4.853649053203063,3.037909078892941,4.71318324804133
2009M10,1043.159090909091,4.56686115186037,1.796641758168847,4.571573933628935
2009M11,1127.035714285714,7.733722783150819,1.751479592707774,4.068369077496371
2009M12,1134.723684210526,0.6798247009774473,3.533070975698071,3.948806452654659
2010M1,1117.9625,-1.488133912881248,4.821828208388118,4.049386378698199
2010M2,1095.4125,-2.037682747204789,1.436830725569062,3.514103807415615
2010M3,1113.336956521739,1.623076801709064,1.974115688388575,3.359889363275818
2010M4,1148.6875,3.125821356750827,2.655848147774944,2.931747279142505
2010M5,1205.434210526316,4.821985647768886,1.600428708462814,2.975184443281135
2010M6,1232.920454545455,2.254586562921595,1.305600846926912,2.973090701235962
2010M7,1192.965909090909,-3.294314142595343,4.148416553088398,3.239317172481471
2010M8,1215.809523809524,1.896756274588089,3.105520719382705,3.236913688645639
2010M9,1270.977272727273,4.437598096656903,3.940929588232305,3.206370157141294
2010M10,1342.02380952381,5.439266957616931,1.826134332917665,3.278285567950794
2010M11,1369.886363636364,2.05490099358473,1.738510807679212,2.759898083849005
2010M12,1390.552631578947,1.497345465646365,2.133211436390884,2.744462047599674
2011M1,1356.4,-2.486711353609067,2.476887146466069,2.862335343584176
2011M2,1372.725,1.196368412265174,2.218421829721505,2.630411362059004
2011M3,1424.010869565217,3.667963069029504,3.097145835491637,2.678021069748209
2011M4,1473.805555555556,3.437042280645517,1.365205963844276,2.690852999404802
2011M5,1510.4375,2.455147507231398,0.6439931862353023,2.554645197632385
2011M6,1528.659090909091,1.199159599994585,1.121735401178308,2.558728767049193
2011M7,1572.809523809524,2.84725857528399,0.8609575042904195,2.002755305767365
2011M8,1755.806818181818,11.00649510223334,5.251558508172071,3.202019858117607
2011M9,1771.852272727273,0.9097004436042463,5.358366271462217,3.226168583199632
2011M10,1665.214285714286,-6.207166589226764,8.649712977603734,4.007037797418054
2011M11,1738.977272727273,4.334335084478217,5.377440164291233,4.073788859365528
2011M12,1652.305555555556,-5.112554713908132,5.796049797882016,4.563596889713309
2012M1,1656.119047619048,0.2305323052390284,4.73697341854349,4.416230146848474
2012M2,1742.619047619048,5.091223929172014,5.103789450890535,4.520653776009328
2012M3,1673.772727272727,-4.030898474435604,4.56434063327388,4.798379758725025
2012M4,1650.065789473684,-1.426503705951207,4.698878638961946,4.811149784735251
2012M5,1585.504545454545,-3.991247764345979,1.492333540353837,4.983566539597224
2012M6,1596.697368421053,0.7034669343598124,2.350710286838915,4.97842991430588
2012M7,1593.909090909091,-0.1747804536416815,2.49589954760635,4.917393352880681
2012M8,1626.034090909091,1.995443033496427,1.091664684430536,3.618914443630866
2012M9,1744.45,7.02953427017627,3.695810583240664,4.235773324458425
2012M10,1747.010869565217,0.1466933252362466,3.562149387105841,3.779590857361077
2012M11,1721.136363636364,-1.492150377123995,4.521769885456746,3.598055092623363
2012M12,1688.529411764706,-1.912676964408617,1.088091393316015,3.297696562968142
2013M1,1670.954545454545,-1.046293232217586,0.4332535777274617,3.316488439304807
2013M2,1627.5875,-2.629619014496267,0.7928374368280888,2.987311903448042
2013M3,1592.8625,-2.15661450223872,0.8127594072156288,2.834971744749034
2013M4,1485.083333333333,-7.006182467089644,2.673834648617961,3.414638815294849
2013M5,1413.5,-4.940198925145393,2.433616639240889,3.503137496125119
2013M6,1342.3625,-5.163777685261016,1.133779140578352,3.656419238504427
2013M7,1286.723913043478,-4.233173547730433,0.4857805415122883,3.715375186880749
2013M8,1347.095238095238,4.585121296412889,5.380046148716501,4.017769916425697
2013M9,1348.797619047619,0.1262944240643112,4.409240713791245,3.053242645654776
2013M10,1316.184782608696,-2.447630766348869,3.558225904850628,2.966963262432996
2013M11,1275.821428571429,-3.114700649430625,1.71143809807113,2.960795959243108
2013M12,1225.402777777778,-4.032064072821708,0.795504743559104,2.986009535853093
2014M1,1244.795454545455,1.570163474086821,3.004842230848311,3.203110323763528
2014M2,1300.975,4.414276047681525,4.297568910633121,3.764187070408137
2014M3,1336.083333333333,2.662846506066296,1.43471472070799,3.98127151652491
2014M4,1299,-2.814771073023751,3.771182883733241,3.618239857292546
2014M5,1287.525,-0.887296684549683,2.778577829719611,3.412067719828615
2014M6,1279.095238095238,-0.6568788082413213,1.184957730775872,3.121046542926807
2014M7,1310.967391304348,2.461234856471785,1.870311413687034,2.968625839183704
2014M8,1295.9875,-1.149237850342976,1.957914001306129,2.633374223158207
2014M9,1238.818181818182,-4.511510685252753,3.487108930825678,2.889431265506324
2014M10,1222.489130434783,-1.326879490184218,1.892014403450309,2.845902220958338
2014M11,1176.3,-3.851513208321239,1.680835503002063,2.911910269584171
2014M12,1202.289473684211,2.185371482701918,3.03187673122339,2.812057171625636
2015M1,1251.845238095238,4.039101948105011,4.125976671405537,3.031783717028802
2015M2,1227.1875,-1.989368750213622,3.087804819262732,2.743025966622212
2015M3,1178.629545454545,-4.037260441991148,4.198490776415909,2.725530182833567
2015M4,1197.91,1.622601029225622,2.865723234548804,2.764319398361264
2015M5,1199.052631578947,0.09533996487432735,2.928166216675307,2.772006761478057
2015M6,1181.504545454545,-1.474310648422671,1.548504189299078,2.783731516062403
2015M7,1130.036956521739,-4.453832775110228,2.310711570399266,2.794280656531427
2015M8,1117.475,-1.117866118526002,1.831815053444488,2.794385542234159
2015M9,1124.531818181818,0.6295111530253087,2.582711312899925,2.635991728696931
2015M10,1159.245454545455,3.040253583035515,2.087860381886161,2.850377624244674
2015M11,1085.702380952381,-6.554218998672258,4.991184930745432,3.226218019683206
2015M12,1068.252631578947,-1.62028742770319,4.797885426256795,3.105015744575487
2016M1,1097.375,2.689670527669096,4.625453345336087,2.925780868861481
2016M2,1199.911904761905,8.932717713646252,5.305928967622937,4.090238376358981
2016M3,1246.338095238095,3.79615866501579,3.331270854205973,4.044781901995365
2016M4,1242.261904761905,-0.3275893370959454,4.639375373169199,4.03322510725002
2016M5,1259.3975,1.369959731838173,2.072575358087578,4.044029732177012
2016M6,1276.404545454545,1.34137445694361,0.971933648729347,4.006321304070448
2016M7,1337.326190476191,4.662506373010289,1.909258045513607,3.811404382725373
2016M8,1341.088636363637,0.2809459031148167,2.285916959451287,3.748145929840817
2016M9,1326.029545454545,-1.129252617359812,3.020242932310568,3.819836610620533
2016M10,1266.569047619048,-4.587746573017502,2.505128297965868,4.138648220489885
2016M11,1235.979545454545,-2.444789751162479,1.745665218575649,3.617635027987452
2016M12,1151.402777777778,-7.08828041349514,2.324038832108108,4.273609623918643
2017M1,1192.616666666666,3.516876689907952,5.316214653830553,4.316404139127744
2017M2,1234.3575,3.440081911396643,6.100842399074459,3.59406726168901
2017M3,1231.093478260869,-0.2647810623605121,2.16151345310081,3.415088301291516
2017M4,1265.627777777778,2.766548492968128,1.973516987219554,3.511985116470196
2017M5,1245.004761904762,-1.642891136528011,2.255781612350108,3.524924359980313
2017M6,1260.256818181818,1.217616941547238,2.236994012132171,3.520515593192879
2017M7,1236.221428571428,-1.92560318281218,1.738882079384393,3.209197314314745
2017M8,1282.315909090909,3.660825477017462,2.80051441314323,3.438915379417963
2017M9,1314.978571428571,2.515262291539047,2.950756579381335,3.525930863342601
2017M10,1279.513636363637,-2.734033587225376,3.409830022309632,3.346012493683367
2017M11,1282.284090909091,0.2162899588837014,2.631374483543178,3.249929918203837
2017M12,1261.255882352941,-1.653497713996313,1.492652713667503,2.390891370419527
2018M1,1331.665909090909,5.432276507503805,3.672211366808714,2.64242275098843
2018M2,1331.525,-0.01058197446977914,3.70882004821054,2.528428264812889
2018M3,1324.657142857143,-0.5171236066138576,3.298399980741911,2.537592461614366
2018M4,1334.74,0.7582850484189778,0.6421848333765049,2.447076683151874
2018M5,1303.02619047619,-2.404711825446341,1.591341454312933,2.515050849945887
2018M6,1281.566666666667,-1.660611023743077,1.653747937015463,2.564620007938274
2018M7,1238.525,-3.416213238642433,0.8811886147841999,2.705953184467261
2018M8,1201.245454545455,-3.056225809404753,0.9273142865398337,2.574903328111092
2018M9,1198.4725,-0.2311068077317853,1.744314158394368,2.393938353025854
2018M10,1215.393478260869,1.402004550405033,2.255517975352078,2.38366864197257
2018M11,1220.945454545455,0.4557646574012085,0.8199812043374856,2.390549532302549
2018M12,1247.923529411765,2.185547220130843,0.8661655696916598,2.464524755981522
2019M1,1291.745454545455,3.451337578433131,1.503763615660913,2.100583079840617
2019M2,1320.065,2.168660846574968,0.735727528735162,2.214613278017829
2019M3,1300.897619047619,-1.462647542119816,2.548820314618458,2.248450660759074
2019M4,1286.445,-1.117190221493997,2.004268720161555,2.244692576110856
2019M5,1283.947619047619,-0.1943190872643199,0.6557043236301494,2.145412741048007
2019M6,1359.0425,5.684099837349354,3.689287344193798,2.654195501394942
2019M7,1412.978260869565,3.891931082040064,3.012892252385361,2.511224037725361
2019M8,1498.797619047619,5.896348086842173,1.101105936173475,2.49460221035297
2019M9,1511.314285714286,0.8316460785511691,2.550628623970474,2.432314339492368
2019M10,1494.8,-1.09872415200084,3.612676092280712,2.584301692455687
2019M11,1470.016666666667,-1.671868003433911,1.311640566881398,2.747107747064542
2019M12,1476.044444444444,0.4092098542313778,1.074960766047689,2.757415291435648
2020M1,1560.672727272727,5.575112660023874,3.731312673065825,2.961702789853197
2020M2,1597.1025,2.307408627866967,2.613031445942312,2.964496262996402
2020M3,1591.927272727273,-0.3245646597637878,2.955541842770192,2.874892617076367
2020M4,1682.93,5.559091853071047,2.947262604092665,2.929340594056439
2020M5,1716.381578947368,1.968201975105622,2.965599515518685,2.830915821519836
2020M6,1732.218181818182,0.9184431533019722,2.433519538114046,2.66036589662702
2020M7,1843.313043478261,6.216174641768052,2.805150747124237,2.884093994379577
2020M8,1968.030952380952,6.546900669132579,3.158450902910336,2.964564182168116
2020M9,1922.213636363636,-2.35560688163259,5.047102450606669,3.235517395781056
2020M10,1900.275,-1.147884498477029,4.829129542368718,3.239831546095977
2020M11,1863.492857142857,-1.95460056443828,0.6151138420763794,3.269851423082777
2020M12,1855.955263157895,-0.4053076725242364,0.7748676896150964,3.313505683731877
2021M1,1866.985,0.5925300076208928,1.28347592186027,3.118748884546691
2021M2,1808.175,-3.20067809263814,1.966308025778051,3.382253631186546
2021M3,1718.228260869565,-5.102437028369154,2.899360972194731,3.810841010311721
2021M4,1761.6775,2.497280107719837,3.954725343417738,3.544462392328584
2021M5,1855.56,5.19200571783594,5.338426705145661,3.789402620039358
2021M6,1834.565909090909,-1.137864557514515,3.176556850683925,3.822496037886624
2021M7,1807.093181818182,-1.508831429960687,3.766211460794259,3.394914899322118
2021M8,1783.969047619048,-1.287889340046862,0.1866097813267734,2.660655974558559
2021M9,1777.252272727273,-0.3772179402612314,0.5998175966563914,2.617683927967727
2021M10,1776.854761904762,-0.0223690969515049,0.6527865380644524,2.618519674806734
2021M11,1820.234090909091,2.412030055045095,1.518339076763354,2.708888273164726
2021M12,1786.652631578947,-1.862128327210299,2.143962186123604,2.751444828643646
2022M1,1816.765,1.671361605831637,2.284096128127865,2.801047930780775
2022M2,1856.295,2.152511871675362,2.192198007014045,2.709214403556597
2022M3,1947.828260869565,4.813247386332334,1.692260092055895,2.437152690213871
2022M4,1933.9,-0.7176350176479958,2.766101854352316,2.439717722427218
2022M5,1849.833181818182,-4.444322635179263,4.657994265570205,2.440404594432456
2022M6,1837.064090909091,-0.6926768510051884,2.15884496890711,2.425298576338753
2022M7,1737.380476190476,-5.579018911538887,2.557300675257514,2.896133178924639
2022M8,1764.132608695652,1.528062434775408,3.635900323420087,2.925209463659027
2022M9,1683.208181818181,-4.695752533612899,3.873556451940871,3.214656903093098
2022M10,1666.626666666667,-0.9899980942521391,3.130737867058976,3.215007369693752
2022M11,1727.898636363636,3.610438567155672,4.161118520361105,3.331336847095445
2022M12,1797.408181818182,3.943971911193219,2.757393756848536,3.521256094476605
2023M1,1896.059545454545,5.343208090865859,0.9193835435032917,3.821675900643191
2023M2,1853.409,-2.275116307103592,4.05532133511347,3.846119187172536
2023M3,1913.648260869565,3.198485829307922,3.928507361998252,3.686865632663233
2023M4,1999.6685,4.396991242971905,3.557006108468288,3.904198882415337
2023M5,1989.826956521739,-0.4933738388171685,2.548918518015427,3.626403979060448
2023M6,1944.728636363636,-2.292522967604444,3.461748320196508,3.707077228498127
2023M7,1950.27,0.284537577152281,1.321824799916934,3.186493938649209
2023M8,1919.302173913043,-1.600615564082348,1.333777797104683,3.263152672945627
2023M9,1915.434761904762,-0.2017042307835744,0.9787054698360923,2.814298629705061
2023M10,1913.984545454546,-0.07574080575388546,0.846370952110981,2.765200522227025
2023M11,1985.777727272728,3.682342103423561,2.206991536872613,2.771080833735573
2023M12,2034.704285714285,2.433985463288025,1.913997013178637,2.66539973431383
2024M1,2034.006086956522,-0.03432039642370841,1.891406366341725,2.302239752755553
2024M2,2024.44619047619,-0.4711113256144994,1.566466697475653,2.152512343585171
2024M3,2162.346190476191,6.589765453324288,3.956540588022389,2.666519543990004
2024M4,2333.550454545454,7.619707650321006,4.404129000492396,3.155253373453092
2024M5,2350.596521739131,0.7278226976126552,3.717553675957747,3.112017101102099
2024M6,2328.2625,-0.9546853737843145,4.543294093927685,2.989718125330781
2024M7,2393.962173913043,2.782752539598764,1.871808938887443,2.984361991756589
2024M8,2468.328636363637,3.059144951821251,2.241861904930723,2.812926051411957
2024M9,2569.049047619048,3.999455389232665,0.6378273419123255,2.761863604324832
2024M10,2689.128695652174,4.568142613218624,0.7620873549591556,2.700984022832314
2024M11,2652.199523809524,-1.38279314673054,3.283941759548628,2.941365422132823
2024M12,2640.605454545455,-0.438107500881487,3.198140282347479,3.054061671035181
2025M1,2707.467391304348,2.500542627383724,2.025191031332654,2.974193549938552
2025M2,2894.38,6.675726975914571,3.574783673730522,3.064810377395253
2025M3,2986.256190476191,3.124956690896561,2.252037110554793,2.849348470741025
2025M4,3222.011818181818,7.598546006360103,2.361940090382918,2.846024855335682
2025M5,3288.009545454546,2.027642759588134,2.95104676942965,2.788779825357892
2025M6,3351.858571428571,1.923260912663916,3.246914418582442,2.550393332338845
2025M7,3341.649130434783,-0.3050552674573788,1.317685385688291,2.727924270213708
2025M8,3367.256190476191,0.7633789171296412,1.114470789878044,2.786389639544435
2025M9,3666.523636363636,8.51457491730954,4.813322962293481,3.259072549698636
