Date,"Gold Price (US$ per troy ounce)","Monthly Log Return (%)","3-Month Volatility (%)","12-Month Volatility (%)"
1990/01/01,409.819061279297,,,
1990/02/01,417.181060791016,1.780457776374216,,
1990/03/01,392.703338623047,-6.046586283977909,,
1990/04/01,374.292114257813,-4.801791654598456,14.56970418118127,
1990/05/01,369.197631835938,-1.37044584198046,8.389271385333423,
1990/06/01,352.527618408203,-4.620311901862343,6.688602005441262,
1990/07/01,362.498565673828,2.78915482477398,12.86577664093132,
1990/08/01,394.631805419922,8.493267448770908,22.77731596943445,
1990/09/01,389.755004882813,-1.243484289288566,16.94717755026556,
1990/10/01,380.995208740234,-2.273154955719252,20.58059316355191,
1990/11/01,381.794097900391,0.2094652993430028,4.320807220707233,
1990/12/01,376.682342529297,-1.347921304939265,4.346242900386248,
1991/01/01,383.702270507813,1.846467513241765,5.533416522407718,13.78928931627756
1991/02/01,364.391662597656,-5.163762932392457,12.15796842802461,14.25050730482753
1991/03/01,362.760803222656,-0.4485612539770916,12.38092200212813,13.20351607199218
1991/04/01,358.323333740234,-1.230792711236744,8.75365839879022,12.44275872251703
1991/05/01,356.964294433594,-0.3799984477498231,1.637337955283891,12.39463186216831
1991/06/01,366.910003662109,2.748083516812701,7.258126988960806,11.75397952625321
1991/07/01,367.792266845703,0.2401690162376031,5.737445355313607,11.44530149772392
1991/08/01,356.669525146484,-3.070863333095449,10.11065900943958,7.313009606507599
1991/09/01,348.742858886719,-2.247479656967142,5.971480857834493,7.440812568859346
1991/10/01,358.814361572266,2.847029944670166,11.10436397154855,8.157107752005235
1991/11/01,359.589996337891,0.2159327288215032,8.825542614805988,8.157723802514662
1991/12/01,361.532012939453,0.5386110176724812,4.97103445569704,8.16177125071791
1992/01/01,354.700958251953,-1.907553016685903,4.603701005160407,7.923480581328208
1992/02/01,353.779998779297,-0.2599815795328384,4.321101771498164,6.211917305744403
1992/03/01,344.183319091797,-2.750082779797621,4.387471260261848,6.700795120853877
1992/04/01,338.691589355469,-1.608449238772416,4.317938433458485,6.759915666998713
1992/05/01,337.098937988281,-0.4713455579389469,3.946891244826235,6.759212716540056
1992/06/01,341.021911621094,1.157026037266838,4.815070577971312,6.084596414605091
1992/07/01,352.254486083984,3.240715403687654,6.445580192758521,7.182597318111224
1992/08/01,342.892852783203,-2.693587040127227,10.42927878064449,7.035648865519643
1992/09/01,345.006500244141,0.6145242333143851,10.30110923692059,6.76070427249531
1992/10/01,344.892395019531,-0.03307882544350478,6.073103634812053,5.962190107984231
1992/11/01,335.050537109375,-2.895109239659772,6.469642173757713,6.443771812493717
1992/12/01,334.80712890625,-0.07267460721499384,5.684878744926189,6.355463796153124
1993/01/01,329.030548095703,-1.740403360837542,4.915445476591064,6.321201048058059
1993/02/01,329.299987792969,0.08185545030102777,3.500235966076442,6.351964195754446
1993/03/01,330.096954345703,0.2417260044352537,3.814452146646525,5.936963716655284
1993/04/01,342.05712890625,3.559135434087044,6.800329404324581,6.909621979426153
1993/05/01,366.667999267578,6.947903777996453,11.615659821399,9.686301050243168
1993/06/01,371.809997558594,1.392616006224727,9.699358695004939,9.701263039828314
1993/07/01,392.399993896484,5.389874759676879,9.926404605009035,10.51436152031921
1993/08/01,378.700012207031,-3.553734499509686,15.51983295326574,10.86437091173209
1993/09/01,354.399993896484,-6.631816563297374,21.63255870382852,13.18767117963624
1993/10/01,362.380004882813,2.226719697343582,15.57959592508231,13.33246196344876
1993/11/01,374.167510986328,3.201018899711896,18.76739602925451,13.07395581056336
1993/12/01,383.302001953125,2.411960783408184,1.792309073015458,13.10417561963936
1994/01/01,387.077514648438,0.9801773908908428,3.899936769050462,12.73181827265852
1994/02/01,382.304992675781,-1.240626902959225,6.375479935075357,12.94290102936258
1994/03/01,383.877502441406,0.4104797443502241,3.995667724134807,12.92974211169535
1994/04/01,377.321044921875,-1.722709453301214,3.875320089775943,12.98289540727168
1994/05/01,381.589996337891,1.125032107979783,5.132389937094133,11.16154062315434
1994/06/01,385.743194580078,1.082512485683544,5.653443206593448,11.13368012306257
1994/07/01,385.399993896484,-0.08901088964598271,2.386702887796436,9.654614866292862
1994/08/01,380.761352539063,-1.210893255773004,3.972605431531343,9.016749987200333
1994/09/01,391.928100585938,2.890559850922247,7.342803201488823,5.766657644637367
1994/10/01,389.594451904297,-0.5972074919991341,7.663295484506357,5.716408544304998
1994/11/01,384.441253662109,-1.331534021666269,7.814068486962652,5.247225910319402
1994/12/01,379.399993896484,-1.319994954464128,1.457251054651527,4.86411221592792
1995/01/01,378.549987792969,-0.2242909111126217,2.203037814726424,4.723390188351991
1995/02/01,376.505249023438,-0.5416143530420139,1.953017090598569,4.603265586885661
1995/03/01,381.661895751953,1.36031382567964,3.529588399708359,4.81735403440644
1995/04/01,391.04443359375,2.428606740458021,5.211678020187695,5.027317901223732
1995/05/01,385.219055175781,-1.500904746773513,7.038306898594461,5.237314168799169
1995/06/01,387.490478515625,0.5879129953211455,6.810634853133749,5.156650142659019
1995/07/01,386.240478515625,-0.3231100103055944,3.627760443502899,5.168224327871471
1995/08/01,383.697631835938,-0.6605351497739229,2.237159543938589,5.053476050481535
1995/09/01,383.217498779297,-0.125211539113834,0.9376469461107942,4.004275976275474
1995/10/01,383.069030761719,-0.03875000113200828,1.166759389721826,3.980784455965023
1995/11/01,385.676300048828,0.6783206816928489,1.527959418042021,3.829419026225998
1995/12/01,387.557678222656,0.4866268010381582,1.286046416196524,3.552453380446487
1996/01/01,400.070587158203,3.177631469187074,5.200924356374505,4.605690815467584
1996/02/01,404.484222412109,1.09717311413044,4.887244600294701,4.507098478917166
1996/03/01,396.326324462891,-2.037480699188738,9.094147175543501,5.118860572812771
1996/04/01,393.144989013672,-0.8059450964540154,5.470757423541612,4.66295921621177
1996/05/01,391.94287109375,-0.3062380455685448,3.086612448371752,4.375142745245084
1996/06/01,385.272491455078,-1.716523821415504,2.477000896492944,4.713955134999254
1996/07/01,383.586364746094,-0.4386057072647899,2.697962888511897,4.722719398903029
1996/08/01,387.471435546875,1.007733448134598,4.721556804616998,4.784568499581264
1996/09/01,382.964996337891,-1.169853972823201,3.838882117032839,4.945164643674024
1996/10/01,381.072723388672,-0.4953359682100931,3.861626389181555,4.96953263954879
1996/11/01,378.516662597656,-0.6730137324655949,1.211110359048014,4.939032850177354
1996/12/01,368.977661132813,-2.552399135110182,3.948459890185391,5.419198203400222
1997/01/01,355.200012207031,-3.805505778784995,5.46166131728246,4.845622760619241
1997/02/01,346.713195800781,-2.418313236776596,2.650493703881436,4.451914776806333
1997/03/01,351.805267333984,1.457989159859678,9.450333580134611,5.127734612199593
1997/04/01,344.583343505859,-2.074181752446044,7.432412542696258,5.233019324503289
1997/05/01,343.702789306641,-0.2558687841136338,6.118791131696672,5.241575696016858
1997/06/01,340.476318359375,-0.9431725784368492,3.180512634211626,5.19832884804315
1997/07/01,324.088623046875,-4.932856725268024,8.748049188118532,6.435952520806699
1997/08/01,324.049987792969,-0.01192191093251807,9.055430066445489,6.090528338566165
1997/09/01,324.476196289063,0.1314391208607822,9.988317601027067,6.300439359643163
1997/10/01,323.883331298828,-0.182881605112033,0.5451185581997849,6.355863619127597
1997/11/01,305.346160888672,-5.893727559332503,11.74863332951742,7.738471255930191
1997/12/01,287.619995117188,-5.9805939286053,11.50954173413803,8.794208257776035
1998/01/01,289.5,0.6515149531424549,13.17821031343615,8.965643473074621
1998/02/01,297.455261230469,2.710853424547313,15.73321329238176,9.934866150613262
1998/03/01,295.954559326172,-0.5057904509177286,5.643939857872657,9.53099391616936
1998/04/01,308.285003662109,4.08187649295606,8.157596467537244,10.96480709650394
1998/05/01,298.978942871094,-3.065154594847713,12.54408914024294,11.13561139354624
1998/06/01,292.538635253906,-2.177640144301018,13.49439022720634,11.17752967424114
1998/07/01,292.752258300781,0.07299722538428495,5.603757188990001,10.48481076611272
1998/08/01,284.109985351563,-2.996528098598439,5.505984338170355,10.64887240836866
1998/09/01,288.981811523438,1.700231467154851,8.261891721713244,10.95725157882814
1998/10/01,295.714996337891,2.303239004938173,10.05094024067872,11.42308027185858
1998/11/01,293.716674804688,-0.6780528726893038,5.460394811985498,9.962419628945266
1998/12/01,291.678955078125,-0.6961883050896555,5.980801675637927,7.870937336060525
1999/01/01,286.9368286,-1.63916463740936,1.904347175021805,8.032829115239654
1999/02/01,287.655,0.2499763269263775,3.27208968621721,7.458503287452959
1999/03/01,286.2136364,-0.5023333005173668,3.294604330482053,7.458389502506692
1999/04/01,282.6175,-1.264411907295319,2.623015555578078,5.774390840736239
1999/05/01,276.91,-2.040184967002338,2.663672423999018,5.399960352404684
1999/06/01,261.3136364,-5.797118572203784,8.397833490152644,7.376372072560124
1999/07/01,256.6931818,-1.783983136516273,7.782730307161754,7.331605740592348
1999/08/01,256.9052632,0.08258646969002602,10.40771535925684,7.103613433884916
1999/09/01,264.3108696,2.84185555026446,8.061765502660636,7.621604124751414
1999/10/01,310.7815789,16.1964400030657,29.85346772021966,18.53290234876673
1999/11/01,293.1840909,-5.828963848000638,38.43556815625077,19.55184281746366
1999/12/01,282.9526316,-3.552120418000859,41.95969660309326,19.86642144770881
2000/01/01,284.065625,0.3925781282971686,10.90433374294223,19.81561216111444
2000/02/01,299.715,5.362673770880918,15.47488628376414,20.55532781375341
2000/03/01,286.924,-4.361465079087926,16.84408821442036,21.08377905373517
2000/04/01,279.6526316,-2.566914077165978,17.92527004604758,21.21023785418195
2000/05/01,276.7409091,-1.046650928894109,5.74797463265408,21.13360541025477
2000/06/01,285.7318182,3.197195003536874,10.34856336236536,20.34365844212145
2000/07/01,281.5857143,-1.461677977579074,8.931693367276228,20.30247045710864
2000/08/01,274.425,-2.575889295492337,10.60896475994105,20.57310190297266
2000/09/01,273.53,-0.3266694512872454,3.89581855924704,20.43150627258265
2000/10/01,269.9285714,-1.325393143212556,3.903890251337796,10.77973157647159
2000/11/01,266.2973684,-1.354376294519481,2.027052239829394,9.528046544427328
2000/12/01,271.45,1.916434966827246,6.51283284377178,9.373939401023536
2001/01/01,265.4863636,-2.221448219377142,7.559377923202628,9.512749122589453
2001/02/01,262.0894737,-1.287753002360107,7.518069507904029,6.980617678925342
2001/03/01,263.0272727,0.3571777146449055,4.522586766362343,6.131984155903099
2001/04/01,260.3305556,-1.030553407625529,3.065206799873683,5.812598449867065
2001/05/01,272.0931818,4.419239657159502,9.810850048953167,7.635151868427018
2001/06/01,270.202381,-0.6973350297485309,10.58211845171294,6.715394983699551
2001/07/01,267.5261905,-0.9953767523830342,10.54383575911784,6.655874157595481
2001/08/01,272.0921053,1.692316144827307,5.103519317940764,6.519602846320377
2001/09/01,284.4723529,4.449543958559072,9.431135655368024,7.915469434468038
2001/10/01,282.2671429,-0.7782133221999128,9.059278917308397,7.809065839259619
2001/11/01,277.184375,-1.817103928323706,11.63439861928351,7.933412258980445
2001/12/01,275.8357143,-0.4877448034011166,2.421099475411994,7.772902048281825
2002/01/01,281,1.854921888456878,6.440350380415446,7.489297305678171
2002/02/01,295.2875,4.959478868613158,9.465580489872812,8.432929695533904
2002/03/01,294.0475,-0.4208139105503844,9.35572529090497,8.532309547113
2002/04/01,302.6833333,2.894583547189837,9.40246812073781,8.45134672729209
2002/05/01,314.4931818,3.827524202796389,7.734418568320248,8.227500113685172
2002/06/01,321.1777778,2.103239833347626,2.989902917168478,7.993745263289042
2002/07/01,313.2913043,-2.486135236147037,11.30467298299103,8.604892873763644
2002/08/01,310.2809524,-0.9655257282655794,8.098387355035763,8.884023865152967
2002/09/01,319.1357143,2.813826388585094,9.45360766292278,8.34432560237241
2002/10/01,316.5565217,-0.8114639779053339,7.409449060144187,8.351936574993196
2002/11/01,320.4357143,1.217986762442523,6.294140872467567,7.785053733202484
2002/12/01,332.0361111,3.556205454032319,7.571323956070128,7.873748106442484
2003/01/01,356.8590909090909,7.20972691527624,10.46101675522503,9.71014942680221
2003/02/01,358.97,0.5897819008986993,11.48664962099373,9.224174183619064
2003/03/01,340.55,-5.267686184955395,21.62495974766256,11.41216588214558
2003/04/01,328.18,-3.699971934032312,10.50425135967828,12.23446019832984
2003/05/01,355.6825,8.047624063410376,25.2095706707557,14.01883307736756
2003/06/01,356.352380952381,0.1881596444046257,20.73136560113622,13.98901681445351
2003/07/01,351.0195652173913,-1.507811215269128,17.66090832746224,13.76569643975057
2003/08/01,359.7675,2.461602620417575,6.899435675616641,13.67240553992628
2003/09/01,378.9454545454546,5.193428584326298,11.67268042462469,14.17052402900536
2003/10/01,378.9195652173912,-0.006832173909165396,9.010966139607017,14.0539526875153
2003/11/01,389.91,2.859198968079645,9.022801600595688,14.11391619597882
2003/12/01,406.9526315789473,4.278085108089609,7.561466590382254,14.23900308908297
2004/01/01,413.7880952380953,1.665720119331341,4.530359914004987,12.9145015599202
2004/02/01,404.8775,-2.176944331809485,11.24792656346183,13.35382238883582
2004/03/01,406.6673913043479,0.4411078735820863,6.799991556855904,11.52438863269528
2004/04/01,403.26,-0.841411574361288,4.53490931127084,10.42519980242655
2004/05/01,383.778947368421,-4.951478627156038,9.758841783814775,9.905020889114146
2004/06/01,392.3727272727272,2.214549397435739,12.45660517868732,10.01231468094268
2004/07/01,398.0909090909091,1.446817109030134,13.62934766183569,9.69965786273782
2004/08/01,400.5095238095238,0.6057152021711928,2.787548296347324,9.581563283416003
2004/09/01,405.275,1.182830300289702,1.490102875231571,8.382691538280099
2004/10/01,420.4642857142857,3.679369387535611,5.659172961101445,8.905085841105496
2004/11/01,439.375,4.399371966193639,5.847606590036063,9.400390986737477
2004/12/01,442.078947368421,0.6135217518898995,6.964264108060801,8.691906992659263
2005/01/01,424.03,-4.168427263788656,14.87325666281448,9.857263913961892
2005/02/01,423.35,-0.1604947357655659,8.891530921151524,9.526688067271968
2005/03/01,434.3214285714286,2.55856187175094,11.72255729896273,9.775563519871783
2005/04/01,429.2333333333334,-1.178420719416696,6.69245560758694,9.833464326961922
2005/05/01,421.8725,-1.729753592831859,8.08191268794434,8.283428836427793
2005/06/01,430.6568181818182,2.060839173077648,7.094415565132319,8.255944220888631
2005/07/01,424.4785714285714,-1.445000249260019,7.313082529119635,8.502333079647048
2005/08/01,437.9295454545454,3.119651738977775,8.276236086367746,8.888097473369383
2005/09/01,456.0477272727272,4.053942679788576,10.19287208521108,9.486221039036502
2005/10/01,469.8976190476191,2.991737005258245,2.008752167982782,9.296063168535378
2005/11/01,476.6659090909091,1.430100610307674,4.571987823828084,8.528384364386305
2005/12/01,510.0972222222222,6.778549409390701,9.527283030385734,10.48151288222577
2006/01/01,549.8642857142856,7.507015517245586,11.49482163522947,10.46960980736371
2006/02/01,554.995,0.9287610165672178,12.49192694397469,10.26017552896555
2006/03/01,557.0934782608696,0.3773945675277625,13.74110127489617,10.42067214589964
2006/04/01,610.6527777777778,9.179546212151706,17.07965660543316,11.93159420201602
2006/05/01,675.3928571428571,10.07660196584302,18.56648629955166,12.70911920314041
2006/06/01,596.1454545454545,-12.48098436116186,44.24540642016885,20.78517948304492
2006/07/01,633.7095238095238,6.110599656913522,41.71860188251441,20.50901049393868
2006/08/01,632.5931818181818,-0.1763152326183953,32.75903470776586,20.81017138529651
2006/09/01,598.1857142857143,-5.592626804002499,20.28927004413969,22.47887559813264
2006/10/01,585.7795454545455,-2.095774824419792,9.513015287486809,22.87072203161233
2006/11/01,627.8272727272728,6.932156870972962,22.38757381087643,23.41920288669051
2006/12/01,629.7911764705883,0.3123213309998437,16.19411623811035,22.9569693693628
2007/01/01,631.1659090909092,0.2180459875648066,13.33494622196659,22.1065783741005
2007/02/01,664.745,5.183475007561563,9.837937927603138,22.46681067370496
2007/03/01,654.8954545454545,-1.492789695515626,12.01290593259443,22.64621301071788
2007/04/01,679.3684210526316,3.668796249039747,12.12507580100865,21.19092594287509
2007/05/01,666.8595238095237,-1.8584159252198,10.70754186750273,18.76818395265839
2007/06/01,655.4904761904762,-1.719564073132142,10.9182215784135,13.32268589927472
2007/07/01,665.2954545454545,1.484746051480645,6.551887546956142,12.04994681651139
2007/08/01,665.4113636363637,0.01742068044120882,5.556575051835074,12.04129931172305
2007/09/01,712.6525,6.858848298717223,12.47711108905894,11.68964008772768
2007/10/01,754.6043478260871,5.719964494796631,12.6981253836608,11.70955981534562
2007/11/01,806.2477272727273,6.619747994321953,2.080305564292055,11.57258826572956
2007/12/01,803.2029411764706,-0.3783638465414013,13.18884287888943,11.7077859837164
2008/01/01,889.5954545454545,10.2159403180484,18.66255337826554,14.05610770414784
2008/02/01,922.297619047619,3.610115476592794,18.53559655791554,13.85906127945819
2008/03/01,968.4342105263158,4.88125825943892,12.14179216399484,13.19057923646088
2008/04/01,909.7045454545455,-6.256067982708051,21.11858971858578,16.23708798225004
2008/05/01,888.6625,-2.340234808039154,19.57159918859399,16.38250458158898
2008/06/01,889.4880952380952,0.09285999730640866,11.09617828615304,15.98153367204184
2008/07/01,939.7717391304348,5.499089170314645,13.8998032101521,16.19407641708955
2008/08/01,839.025,-11.3396511662491,29.78163197335314,21.49704929930346
2008/09/01,829.9318181818181,-1.08969527535847,29.39445023670168,20.97281555999854
2008/10/01,806.6195652173913,-2.849141209604694,18.98662714041735,20.73844628438864
2008/11/01,760.8625,-5.839948032641487,8.319312075686712,20.505402677101
2008/12/01,816.0921052631579,7.007456446625518,23.28747494527544,21.83357825929325
2009/01/01,858.6904761904761,5.088130396309204,24.00677039881081,19.75318723914947
2009/02/01,943.1625,9.383006350865557,7.452920139111034,21.74159105580001
2009/03/01,924.2727272727273,-2.023140268626964,19.95576661721459,21.20480646280194
2009/04/01,890.2,-3.756103089503648,24.72810294906991,20.58862793759889
2009/05/01,928.6447368421053,4.22800944989029,14.54827041153457,20.88263698373429
2009/06/01,945.6704545454545,1.816790056364676,14.18570900735575,20.92907831515667
2009/07/01,934.2282608695652,-1.217335262135232,9.452161069814663,20.24925539630839
2009/08/01,949.375,1.608307432708606,5.87088376509916,16.08504191662633
2009/09/01,996.5909090909091,4.853649053203063,10.52362574683468,16.32694570198018
2009/10/01,1043.159090909091,4.56686115186037,6.223749616296639,15.83639664720565
2009/11/01,1127.035714285714,7.733722783150819,6.067303285979817,14.09324389233167
2009/12/01,1134.723684210526,0.6798247009774473,12.23891687331201,13.67906681050739
2010/01/01,1117.9625,-1.488133912881248,16.70330288459407,14.02748589476525
2010/02/01,1095.4125,-2.037682747204789,4.97732763712334,12.17321267503016
2010/03/01,1113.336956521739,1.623076801709064,6.838537344615641,11.63899817000792
2010/04/01,1148.6875,3.125821356750827,9.200127858267795,10.15587048485327
2010/05/01,1205.434210526316,4.821985647768886,5.544047673898864,10.3063412353029
2010/06/01,1232.920454545455,2.254586562921595,4.522734002564738,10.29908830010253
2010/07/01,1192.965909090909,-3.294314142595343,14.37053648181772,11.22132384913653
2010/08/01,1215.809523809524,1.896756274588089,10.75783933985739,11.21299793689886
2010/09/01,1270.977272727273,4.437598096656903,13.65178055173969,11.10719204008265
2010/10/01,1342.02380952381,5.439266957616931,6.325914892118589,11.35631433082114
2010/11/01,1369.886363636364,2.05490099358473,6.022378096816001,9.560567409876933
2010/12/01,1390.552631578947,1.497345465646365,7.389661182231991,9.5070954117743
2011/01/01,1356.4,-2.486711353609067,8.580188764587053,9.915420486775824
2011/02/01,1372.725,1.196368412265174,7.684838643395118,9.112012247785295
2011/03/01,1424.010869565217,3.667963069029504,10.72882789104375,9.276937113087707
2011/04/01,1473.805555555556,3.437042280645517,4.729212184348652,9.321388221336445
2011/05/01,1510.4375,2.455147507231398,2.230857836575419,8.849550555222251
2011/06/01,1528.659090909091,1.199159599994585,3.885805414978974,8.863696454634544
2011/07/01,1572.809523809524,2.84725857528399,2.982444281177412,6.937747889434437
2011/08/01,1755.806818181818,11.00649510223334,18.19193231014929,11.09212216220836
2011/09/01,1771.852272727273,0.9097004436042463,18.56192525547193,11.17577579976853
2011/10/01,1665.214285714286,-6.207166589226764,29.96348469619509,13.88078610595391
2011/11/01,1738.977272727273,4.334335084478217,18.62799915842789,14.11201856745832
2011/12/01,1652.305555555556,-5.112554713908132,20.07810546626195,15.80876335649351
2012/01/01,1656.119047619048,0.2305323052390284,16.40935727004112,15.29826998451784
2012/02/01,1742.619047619048,5.091223929172014,17.68004528015293,15.6600040469525
2012/03/01,1673.772727272727,-4.030898474435604,15.81133975976293,16.62207507224367
2012/04/01,1650.065789473684,-1.426503705951207,16.27739308256437,16.66631173997104
2012/05/01,1585.504545454545,-3.991247764345979,5.169595027463971,17.26358089896522
2012/06/01,1596.697368421053,0.7034669343598124,8.14309930135962,17.24578710699711
2012/07/01,1593.909090909091,-0.1747804536416815,8.646049654084747,17.03435025598163
2012/08/01,1626.034090909091,1.995443033496427,3.781637396524667,12.53628736922703
2012/09/01,1744.45,7.02953427017627,12.80266341064719,14.67314921461384
2012/10/01,1747.010869565217,0.1466933252362466,12.33964744523531,13.0928867935444
2012/11/01,1721.136363636364,-1.492150377123995,15.66387036349197,12.46402845771122
2012/12/01,1688.529411764706,-1.912676964408617,3.769259153003497,11.42355599001216
2013/01/01,1670.954545454545,-1.046293232217586,1.500834418369911,11.48865295918147
2013/02/01,1627.5875,-2.629619014496267,2.74646944545786,10.3483519896546
2013/03/01,1592.8625,-2.15661450223872,2.815481175254063,9.820630199855026
2013/04/01,1485.083333333333,-7.006182467089644,9.262434924888769,11.82865583517495
2013/05/01,1413.5,-4.940198925145393,8.430295330620478,12.13522425837665
2013/06/01,1342.3625,-5.163777685261016,3.927526152086966,12.66620778972394
2013/07/01,1286.723913043478,-4.233173547730433,1.682793158455211,12.87043718571634
2013/08/01,1347.095238095238,4.585121296412889,18.63702655328449,13.91796325674214
2013/09/01,1348.797619047619,0.1262944240643112,15.2740578781754,10.57674278022018
2013/10/01,1316.184782608696,-2.447630766348869,12.32605610401806,10.27786222944852
2013/11/01,1275.821428571429,-3.114700649430625,5.928595479736487,10.25649806450739
2013/12/01,1225.402777777778,-4.032064072821708,2.755709267012838,10.34384045596543
2014/01/01,1244.795454545455,1.570163474086821,10.40907882511577,11.09589964601365
2014/02/01,1300.975,4.414276047681525,14.88721540448999,13.03952651028148
2014/03/01,1336.083333333333,2.662846506066296,4.969997581266459,13.79152909069588
2014/04/01,1299,-2.814771073023751,13.06376071852018,12.53395053360291
2014/05/01,1287.525,-0.887296684549683,9.62527594771766,11.8197492992177
2014/06/01,1279.095238095238,-0.6568788082413213,4.104813989050667,10.81162237027286
2014/07/01,1310.967391304348,2.461234856471785,6.47894878896383,10.28362156425594
2014/08/01,1295.9875,-1.149237850342976,6.782413054225383,9.122275899704475
2014/09/01,1238.818181818182,-4.511510685252753,12.07969967943452,10.00928351366998
2014/10/01,1222.489130434783,-1.326879490184218,6.554130150856112,9.8584944801459
2014/11/01,1176.3,-3.851513208321239,5.822584980730324,10.08715306800274
2014/12/01,1202.289473684211,2.185371482701918,10.50272908152952,9.741251790088072
2015/01/01,1251.845238095238,4.039101948105011,14.29280245143662,10.50240687090782
2015/02/01,1227.1875,-1.989368750213622,10.69646966163817,9.502120681340804
2015/03/01,1178.629545454545,-4.037260441991148,14.54399867972331,9.441513508460458
2015/04/01,1197.91,1.622601029225622,9.9271564853383,9.575883292619881
2015/05/01,1199.052631578947,0.09533996487432735,10.14346532057674,9.602513099608913
2015/06/01,1181.504545454545,-1.474310648422671,5.364175863198514,9.643128840901639
2015/07/01,1130.036956521739,-4.453832775110228,8.004539683137592,9.679672135438702
2015/08/01,1117.475,-1.117866118526002,6.345593485270704,9.68003547017094
2015/09/01,1124.531818181818,0.6295111530253087,8.946774430451182,9.131343204868802
2015/10/01,1159.245454545455,3.040253583035515,7.232560521073981,9.87399773189849
2015/11/01,1085.702380952381,-6.554218998672258,17.28997178004647,11.17594705277112
2015/12/01,1068.252631578947,-1.62028742770319,16.62036265434206,10.7560900558121
2016/01/01,1097.375,2.689670527669096,16.02304040432307,10.1352022333622
2016/02/01,1199.911904761905,8.932717713646252,18.38027710654881,14.16900136584357
2016/03/01,1246.338095238095,3.79615866501579,11.53986074651624,14.0115355195821
2016/04/01,1242.261904761905,-0.3275893370959454,16.07126772342574,13.97150160823894
2016/05/01,1259.3975,1.369959731838173,7.179611645445888,14.00892992689949
2016/06/01,1276.404545454545,1.34137445694361,3.366876922370062,13.87830410019123
2016/07/01,1337.326190476191,4.662506373010289,6.613863879178438,13.20309207814208
2016/08/01,1341.088636363637,0.2809459031148167,7.918648631305987,12.98395836933357
2016/09/01,1326.029545454545,-1.129252617359812,10.46242841992543,13.23230217241291
2016/10/01,1266.569047619048,-4.587746573017502,8.678018983110858,14.336697985086
2016/11/01,1235.979545454545,-2.444789751162479,6.047161703157708,12.53185534343025
2016/12/01,1151.402777777778,-7.08828041349514,8.050706671948555,14.80421800068482
2017/01/01,1192.616666666666,3.516876689907952,18.41590776875342,14.95246254993971
2017/02/01,1234.3575,3.440081911396643,21.13393800833472,12.45021420613063
2017/03/01,1231.093478260869,-0.2647810623605121,7.487702244028501,11.83021290034199
2017/04/01,1265.627777777778,2.766548492968128,6.836463382929052,12.16587331430416
2017/05/01,1245.004761904762,-1.642891136528011,7.814256726740058,12.21069616864622
2017/06/01,1260.256818181818,1.217616941547238,7.74917457048054,12.1954237524971
2017/07/01,1236.221428571428,-1.92560318281218,6.023664219729572,11.11698559981345
2017/08/01,1282.315909090909,3.660825477017462,9.701266501786021,11.91275232016383
2017/09/01,1314.978571428571,2.515262291539047,10.22172063251324,12.21418279856916
2017/10/01,1279.513636363637,-2.734033587225376,11.811997687628,11.59092728363965
2017/11/01,1282.284090909091,0.2162899588837014,9.115348598474197,11.25808747873442
2017/12/01,1261.255882352941,-1.653497713996313,5.170700676255349,8.282290657889204
2018/01/01,1331.665909090909,5.432276507503805,12.72091332688928,9.15362091957577
2018/02/01,1331.525,-0.01058197446977914,12.84772951926142,8.758732435898278
2018/03/01,1324.657142857143,-0.5171236066138576,11.42599270065839,8.790478144839716
2018/04/01,1334.74,0.7582850484189778,2.22459351851652,8.476922290472347
2018/05/01,1303.02619047619,-2.404711825446341,5.512568502121094,8.71239171145113
2018/06/01,1281.566666666667,-1.660611023743077,5.728750899645994,8.884104311713577
2018/07/01,1238.525,-3.416213238642433,3.052526903714947,9.37369679680019
2018/08/01,1201.245454545455,-3.056225809404753,3.212310917742952,8.919726777733214
2018/09/01,1198.4725,-0.2311068077317853,6.042481493401583,8.292845715257076
2018/10/01,1215.393478260869,1.402004550405033,7.813343461389369,8.257270392610398
2018/11/01,1220.945454545455,0.4557646574012085,2.840498214328085,8.281106495916063
2018/12/01,1247.923529411765,2.185547220130843,3.000485548945592,8.537364187742572
2019/01/01,1291.745454545455,3.451337578433131,5.209189969796359,7.276633239606919
2019/02/01,1320.065,2.168660846574968,2.548634920592783,7.671645433287079
2019/03/01,1300.897619047619,-1.462647542119816,8.829372568565722,7.788861565493058
2019/04/01,1286.445,-1.117190221493997,6.942990510681723,7.775843178393342
2019/05/01,1283.947619047619,-0.1943190872643199,2.27142640654001,7.431927741401517
2019/06/01,1359.0425,5.684099837349354,12.78006624772901,9.194402923273579
2019/07/01,1412.978260869565,3.891931082040064,10.43696491772416,8.699135245057176
2019/08/01,1498.797619047619,5.896348086842173,3.814342851936305,8.641555546009934
2019/09/01,1511.314285714286,0.8316460785511691,8.835636735912708,8.425784031958232
2019/10/01,1494.8,-1.09872415200084,12.51467708623916,8.952283666838978
2019/11/01,1470.016666666667,-1.671868003433911,4.543656206214049,9.516260383563717
2019/12/01,1476.044444444444,0.4092098542313778,3.723773325875515,9.55196676466777
2020/01/01,1560.672727272727,5.575112660023874,12.9256462573513,10.25963941788845
2020/02/01,1597.1025,2.307408627866967,9.051806452294505,10.26931629271567
2020/03/01,1591.927272727273,-0.3245646597637878,10.23829727114744,9.958920158161849
2020/04/01,1682.93,5.559091853071047,10.20961714707251,10.1475334831595
2020/05/01,1716.381578947368,1.968201975105622,10.27313807156002,9.806580069645888
2020/06/01,1732.218181818182,0.9184431533019722,8.429958962450149,9.21577779936306
2020/07/01,1843.313043478261,6.216174641768052,9.717327233817947,9.990794664139392
2020/08/01,1968.030952380952,6.546900669132579,10.94119487410499,10.26955157162811
2020/09/01,1922.213636363636,-2.35560688163259,17.48367575091228,11.20816103653146
2020/10/01,1900.275,-1.147884498477029,16.72859544742892,11.22310569160532
2020/11/01,1863.492857142857,-1.95460056443828,2.130816853830376,11.32709759596153
2020/12/01,1855.955263157895,-0.4053076725242364,2.684220415113716,11.47832039078372
2021/01/01,1866.985,0.5925300076208928,4.446091013906581,10.80366304816726
2021/02/01,1808.175,-3.20067809263814,6.811490807956077,11.71647026659885
2021/03/01,1718.228260869565,-5.102437028369154,10.04368102664714,13.20114049885403
2021/04/01,1761.6775,2.497280107719837,13.69957044955959,12.27837789806047
2021/05/01,1855.56,5.19200571783594,18.49285257158961,13.12687573648558
2021/06/01,1834.565909090909,-1.137864557514515,11.00391571703108,13.24151469870072
2021/07/01,1807.093181818182,-1.508831429960687,13.04653920428771,11.76033018599697
2021/08/01,1783.969047619048,-1.287889340046862,0.646435244894579,9.216782658794221
2021/09/01,1777.252272727273,-0.3772179402612314,2.077829105365452,9.067923122793145
2021/10/01,1776.854761904762,-0.0223690969515049,2.261318900849253,9.070818234767994
2021/11/01,1820.234090909091,2.412030055045095,5.259680848142701,9.383864242297651
2021/12/01,1786.652631578947,-1.862128327210299,7.426902871745047,9.531284474866876
2022/01/01,1816.765,1.671361605831637,7.912341086577629,9.703114661095949
2022/02/01,1856.295,2.152511871675362,7.593996656799119,9.384993991114877
2022/03/01,1947.828260869565,4.813247386332334,5.862160918123992,8.442544570507193
2022/04/01,1933.9,-0.7176350176479958,9.582057901297397,8.451430102740328
2022/05/01,1849.833181818182,-4.444322635179263,16.13576545866415,8.453809497163068
2022/06/01,1837.064090909091,-0.6926768510051884,7.478458343623134,8.401480715486372
2022/07/01,1737.380476190476,-5.579018911538887,8.858749399552424,10.03249962276688
2022/08/01,1764.132608695652,1.528062434775408,12.5951281828394,10.13322282767748
2022/09/01,1683.208181818181,-4.695752533612899,13.41839316149564,11.13589817011853
2022/10/01,1666.626666666667,-0.9899980942521391,10.84519410185193,11.13711222203591
2022/11/01,1727.898636363636,3.610438567155672,14.41453738716253,11.54008935259125
2022/12/01,1797.408181818182,3.943971911193219,9.551892166669774,12.19798892419007
2023/01/01,1896.059545454545,5.343208090865859,3.184838017980824,13.23867365995111
2023/02/01,1853.409,-2.275116307103592,14.04804518686917,13.32334768829669
2023/03/01,1913.648260869565,3.198485829307922,13.6087486977787,12.77167719290458
2023/04/01,1999.6685,4.396991242971905,12.32183060539986,13.52454165439398
2023/05/01,1989.826956521739,-0.4933738388171685,8.829712755111773,12.56223188100528
2023/06/01,1944.728636363636,-2.292522967604444,11.99184794719313,12.84169221468075
2023/07/01,1950.27,0.284537577152281,4.578935424321392,11.03833879950139
2023/08/01,1919.302173913043,-1.600615564082348,4.620341821185208,11.30389244479202
2023/09/01,1915.434761904762,-0.2017042307835744,3.390335198803362,9.749016428641271
2023/10/01,1913.984545454546,-0.07574080575388546,2.931914982213328,9.578935595226401
2023/11/01,1985.777727272728,3.682342103423561,7.645242947475772,9.599305591820672
2023/12/01,2034.704285714285,2.433985463288025,6.630280144720955,9.23321552462428
2024/01/01,2034.006086956522,-0.03432039642370841,6.552023848526201,7.975192445954856
2024/02/01,2024.44619047619,-0.4711113256144994,5.426399816784913,7.456521486017344
2024/03/01,2162.346190476191,6.589765453324288,13.70585864132644,9.237094659132161
2024/04/01,2333.550454545454,7.619707650321006,15.25635038388073,10.9301183071477
2024/05/01,2350.596521739131,0.7278226976126552,12.87798369324653,10.78034346626409
2024/06/01,2328.2625,-0.9546853737843145,15.73843240882071,10.35668738676498
2024/07/01,2393.962173913043,2.782752539598764,6.484136368429276,10.33813319579972
2024/08/01,2468.328636363637,3.059144951821251,7.76603744578632,9.744261677959226
2024/09/01,2569.049047619048,3.999455389232665,2.209498725297507,9.567376172531832
2024/10/01,2689.128695652174,4.568142613218624,2.63994803719007,9.356483115954688
2024/11/01,2652.199523809524,-1.38279314673054,11.37590795327072,10.18918870952066
2024/12/01,2640.605454545455,-0.438107500881487,11.07868291751701,10.57957996736328
2025/01/01,2707.467391304348,2.500542627383724,7.015467522601941,10.30290868007443
2025/02/01,2894.38,6.675726975914571,12.38341389793798,10.61681457842585
2025/03/01,2986.256190476191,3.124956690896561,7.801285392023019,9.870432639584275
2025/04/01,3222.011818181818,7.598546006360103,8.182000481954079,9.85891929809053
2025/05/01,3288.009545454546,2.027642759588134,10.2227258803283,9.660616697285857
2025/06/01,3351.858571428571,1.923260912663916,11.2476414816255,8.834821661791553
2025/07/01,3341.649130434783,-0.3050552674573788,4.564596072806224,9.449806870420785
2025/08/01,3367.256190476191,0.7633789171296412,3.86064006324038,9.652336850748982
2025/09/01,3666.523636363636,8.51457491730954,16.67383984786049,11.28975848326217
