Year,"Nominal GDP (mil GEL)","Real GDP Growth (%)","GDP Deflator Index","GDP Deflator Growth (%)","Nominal GDP (mil USD)","Real GDP (mil GEL, 2015 prices)","Avg Deflator Growth (4yr)"
2020,49788.54,-6.29,125,6.85,18131.296431172614,39830.832,3.9850000000000003
2021,60724.14,10.64,137.7875,10.23,22113.67079388201,44070.86274154042,
2022,72860.06,10.96,148.98962375,8.13,26533.160961398396,48902.77468064282,
2023,80882.76,7.83,153.384817650625,2.95,29454.756008739983,52731.920433111016,
2024,93022.28,9.68,160.83931978844538,4.86,33875.55717407138,57835.53432229988,
2025,98138.5054,5.5,160.83931978844538,0,35738.7128186453,61016.48871002637,
2026,107355.88973187987,5.2,167.24876668201492,3.9850000000000003,39095.371351740665,64189.34612294775,
2027,117215.72303458003,5,173.9136300342932,3.9850000000000003,42685.987995112904,67398.81342909514,
2028,127981.10807738344,5,180.84408819115976,3.9850000000000003,46606.37584755406,70768.7541005499,
2029,139735.21299598052,5,188.05072510557747,3.9850000000000003,50886.82192133304,74307.19180557739,
2030,152568.84429556385,5,195.54454650103472,3.9850000000000003,55560.39486364306,78022.55139585625,
2031,166581.14837777914,5,203.33699667910093,3.9850000000000003,60663.20042890719,81923.67896564906,
2032,181880.37749766532,5,211.43997599676308,3.9850000000000003,66234.6604142991,86019.86291393153,
2033,198584.72606799463,5,219.86585904023408,3.9850000000000003,72317.81721339935,90320.8560596281,
2034,216823.24377189443,5,228.6275135229874,3.9850000000000003,78959.66634082099,94836.8988626095,
2035,236736.83253801463,5,237.73831993687844,3.9850000000000003,86211.51949672784,99578.74380573997,
2036,258479.33508038725,5,247.21219198636302,3.9850000000000003,94129.40097610606,104557.68099602699,
2037,282218.72341250774,5,257.0635978370196,3.9850000000000003,102774.4804852541,109785.56504582835,
2038,308138.39651752095,5,267.3075822108248,3.9850000000000003,112213.54570922103,115274.84329811975,
2039,336438.5971996814,5,277.9597893619262,3.9850000000000003,122519.51828102017,121038.58546302574,
2040,367337.9590629931,5,289.03648696799894,3.9850000000000003,133772.01713874476,127090.51473617705,
2041,401075.19556823606,5,300.55459097367367,3.9850000000000003,146057.97362280992,133445.0404729859,
2042,437910.9442172118,5,312.53169142397456,3.9850000000000003,159472.30306526285,140117.2924966352,
2043,478129.780111481,5,324.98607932721995,3.9850000000000003,174118.63805953425,147123.15712146694,
