Year,"Real GDP","Project Allocation (%)","Project Investment",Imports,"GDP impact",,,"Baseline GDP Growth","Projected Growth"
,,,,,I-M,Multiplier,"% of GDP",,
2020,39830.832,0,0,0,0,0,0,-6.29,-6.29
2021,44070.86274154042,0,0,0,0,0,0,10.64,10.64
2022,48902.77468064282,0,0,0,0,0,0,10.96,10.96
2023,52731.920433111016,0,0,0,0,0,0,7.83,7.83
2024,57835.53432229988,0,0,0,0,0,0,9.68,9.68
2025,61016.48871002637,0,0,0,0,0,0,5.5,5.5
2026,64189.34612294775,0.05,0.8924500000000001,0.4390987684183255,0.45335123158167456,0.36268098526533965,0.5650174167075381,5.2,5.765017416707538
2027,67398.81342909514,0.1,1.7849000000000002,0.878197536836651,0.9067024631633491,0.7253619705306793,1.076223650871501,5,6.076223650871501
2028,70768.7541005499,0.15,2.67735,1.3172963052549764,1.3600536947450237,1.088042955796019,1.5374623583878588,5,6.537462358387859
2029,74307.19180557739,0.2,3.5698000000000003,1.756395073673302,1.8134049263266983,1.4507239410613586,1.9523331535083923,5,6.952333153508392
2030,78022.55139585625,0.2,3.5698000000000003,1.756395073673302,1.8134049263266983,1.4507239410613586,1.8593649081032306,5,6.859364908103231
2031,81923.67896564906,0.15,2.67735,1.3172963052549764,1.3600536947450237,1.088042955796019,1.328117791502308,5,6.328117791502308
2032,86019.86291393153,0.1,1.7849000000000002,0.878197536836651,0.9067024631633491,0.7253619705306793,0.8432493914300365,5,5.843249391430037
2033,90320.8560596281,0.05,0.8924500000000001,0.4390987684183255,0.45335123158167456,0.36268098526533965,0.4015473292523984,5,5.4015473292523986
2034,94836.8988626095,0,0,0,0,0,0,5,5
2035,99578.74380573997,0,0,0,0,0,0,5,5
2036,104557.68099602699,0,0,0,0,0,0,5,5
2037,109785.56504582835,0,0,0,0,0,0,5,5
2038,115274.84329811975,0,0,0,0,0,0,5,5
2039,121038.58546302574,0,0,0,0,0,0,5,5
2040,127090.51473617705,0,0,0,0,0,0,5,5
2041,133445.0404729859,0,0,0,0,0,0,5,5
2042,140117.2924966352,0,0,0,0,0,0,5,5
,,,,,,,,,
,,,,,,,,,
,Assumptions,,,,,,,,
,,,,,,,,,
,"total investment",6.5,,,,,,,
,"import content share",0.4920149794591579,,,,,,,
,"demand multiplier",0.8,,,,,,,
,"Project allocation","Bell shape: 5%,10%,15%,20%,20%,15%,10%,5%",,,,,,,
,"Allocation %:",0.05,0.1,0.15,0.2,0.2,0.15,0.1,0.05
,,,,,,,,,
,,,,,,,,,
,,,,,,,,,
"SCENARIO 2: Demand Multiplier = 1",,,,,,,,,
,,,,,,,,,
Year,"Real GDP","Project Allocation (%)","Project Investment",Imports,"GDP impact",,,"Baseline GDP Growth","Projected Growth"
,,,,,I-M,Multiplier,"% of GDP",,
2020,39830.832,0,0,0,0,0,0,-6.29,-6.29
2021,44070.86274154042,0,0,0,0,0,0,10.64,10.64
2022,48902.77468064282,0,0,0,0,0,0,10.96,10.96
2023,52731.920433111016,0,0,0,0,0,0,7.83,7.83
2024,57835.53432229988,0,0,0,0,0,0,9.68,9.68
2025,61016.48871002637,0,0,0,0,0,0,5.5,5.5
2026,64189.34612294775,0.05,0.8924500000000001,0.4390987684183255,0.45335123158167456,0.45335123158167456,0.7062717708844227,5.2,5.906271770884423
2027,67398.81342909514,0.1,1.7849000000000002,0.878197536836651,0.9067024631633491,0.9067024631633491,1.3452795635893764,5,6.345279563589377
2028,70768.7541005499,0.15,2.67735,1.3172963052549764,1.3600536947450237,1.3600536947450237,1.9218279479848235,5,6.9218279479848235
2029,74307.19180557739,0.2,3.5698000000000003,1.756395073673302,1.8134049263266983,1.8134049263266983,2.44041644188549,5,7.44041644188549
2030,78022.55139585625,0.2,3.5698000000000003,1.756395073673302,1.8134049263266983,1.8134049263266983,2.3242061351290384,5,7.324206135129039
2031,81923.67896564906,0.15,2.67735,1.3172963052549764,1.3600536947450237,1.3600536947450237,1.6601472393778849,5,6.660147239377885
2032,86019.86291393153,0.1,1.7849000000000002,0.878197536836651,0.9067024631633491,0.9067024631633491,1.0540617392875458,5,6.054061739287546
2033,90320.8560596281,0.05,0.8924500000000001,0.4390987684183255,0.45335123158167456,0.45335123158167456,0.501934161565498,5,5.501934161565498
2034,94836.8988626095,0,0,0,0,0,0,5,5
2035,99578.74380573997,0,0,0,0,0,0,5,5
2036,104557.68099602699,0,0,0,0,0,0,5,5
2037,109785.56504582835,0,0,0,0,0,0,5,5
2038,115274.84329811975,0,0,0,0,0,0,5,5
2039,121038.58546302574,0,0,0,0,0,0,5,5
2040,127090.51473617705,0,0,0,0,0,0,5,5
2041,133445.0404729859,0,0,0,0,0,0,5,5
2042,140117.2924966352,0,0,0,0,0,0,5,5
,,,,,,,,,
,,,,,,,,,
,,,,,,,,,
,,,,,,,,,
,,,,,,,,,
"SCENARIO 3: Import Content Share = 0.5",,,,,,,,,
,,,,,,,,,
Year,"Real GDP","Project Allocation (%)","Project Investment",Imports,"GDP impact",,,"Baseline GDP Growth","Projected Growth"
,,,,,I-M,Multiplier,"% of GDP",,
2020,39830.832,0,0,0,0,0,0,-6.29,-6.29
2021,44070.86274154042,0,0,0,0,0,0,10.64,10.64
2022,48902.77468064282,0,0,0,0,0,0,10.96,10.96
2023,52731.920433111016,0,0,0,0,0,0,7.83,7.83
2024,57835.53432229988,0,0,0,0,0,0,9.68,9.68
2025,61016.48871002637,0,0,0,0,0,0,5.5,5.5
2026,64189.34612294775,0.05,0.8924500000000001,0.44622500000000004,0.44622500000000004,0.3569800000000001,0.5561359034819322,5.2,5.756135903481932
2027,67398.81342909514,0.1,1.7849000000000002,0.8924500000000001,0.8924500000000001,0.7139600000000002,1.0593064828227279,5,6.059306482822728
2028,70768.7541005499,0.15,2.67735,1.338675,1.338675,1.07094,1.5132949754610396,5,6.51329497546104
2029,74307.19180557739,0.2,3.5698000000000003,1.7849000000000002,1.7849000000000002,1.4279200000000003,1.9216444132838604,5,6.92164441328386
2030,78022.55139585625,0.2,3.5698000000000003,1.7849000000000002,1.7849000000000002,1.4279200000000003,1.8301375364608197,5,6.8301375364608194
2031,81923.67896564906,0.15,2.67735,1.338675,1.338675,1.07094,1.3072410974720137,5,6.307241097472014
2032,86019.86291393153,0.1,1.7849000000000002,0.8924500000000001,0.8924500000000001,0.7139600000000002,0.8299943476012785,5,5.8299943476012785
2033,90320.8560596281,0.05,0.8924500000000001,0.44622500000000004,0.44622500000000004,0.3569800000000001,0.3952354036196565,5,5.395235403619656
2034,94836.8988626095,0,0,0,0,0,0,5,5
2035,99578.74380573997,0,0,0,0,0,0,5,5
2036,104557.68099602699,0,0,0,0,0,0,5,5
2037,109785.56504582835,0,0,0,0,0,0,5,5
2038,115274.84329811975,0,0,0,0,0,0,5,5
2039,121038.58546302574,0,0,0,0,0,0,5,5
2040,127090.51473617705,0,0,0,0,0,0,5,5
2041,133445.0404729859,0,0,0,0,0,0,5,5
2042,140117.2924966352,0,0,0,0,0,0,5,5
