Year,"Real GDP","Project Allocation (%)","Project Investment",Imports,"GDP impact",,,"Baseline GDP Growth","Projected Growth"
,,,,,I-M,Multiplier,"% of GDP",,
2020,15200,0,0,0,0,0.8,0,-3.1,-3.1
2021,16800,0,0,0,0,0.8,0,10.6,10.6
2022,18900,0,0,0,0,0.8,0,10.1,10.1
2023,20400,0,0,0,0,0.8,0,7.8,7.8
2024,21500,0,0,0,0,0.8,0,5.1,5.1
2025,0,0,0,0,0,0.8,0,4,4
2026,0,5,325,99.67836975202553,225.32163024797447,0.8,0,3.5,3.5
2027,0,10,650,199.35673950405106,450.64326049594894,0.8,0,3.5,3.5
2028,0,15,975,299.03510925607657,675.9648907439234,0.8,0,3.5,3.5
2029,0,20,1300,398.7134790081021,901.2865209918979,0.8,0,3.5,3.5
2030,0,20,1300,398.7134790081021,901.2865209918979,0.8,0,3.5,3.5
2031,0,15,975,299.03510925607657,675.9648907439234,0.8,0,3.5,3.5
2032,0,10,650,199.35673950405106,450.64326049594894,0.8,0,3.5,3.5
2033,0,5,325,99.67836975202553,225.32163024797447,0.8,0,3.5,3.5
2034,0,0,0,0,0,0.8,0,3.5,3.5
2035,0,0,0,0,0,0.8,0,3.5,3.5
2036,0,0,0,0,0,0.8,0,3.5,3.5
2037,0,0,0,0,0,0.8,0,3.5,3.5
2038,0,0,0,0,0,0.8,0,3.5,3.5
2039,0,0,0,0,0,0.8,0,3.5,3.5
2040,0,0,0,0,0,0.8,0,3.5,3.5
2041,0,0,0,0,0,0.8,0,3.5,3.5
2042,0,0,0,0,0,0.8,0,3.5,3.5
,0,,,,,,,3.5,
,,,,,,,,,
,Assumptions,,,,,,,,
,,,,,,,,,
,"Total Investment (USD millions)",6500,,,,,,,
,"Import Content Share (%)",30.670267616007855,,,,,,,
,"Demand Multiplier",0.8,,,,,,,
,"Project Allocation","Bell shape (2026-2033)",,,,,,,
