"WEO Data - Georgia",,,,,
"Exchange Rate (Lari/USD): 2.746",,,,,
Year,"Real GDP (2017=100)","Nominal GDP (USD millions)","GDP Deflator (2017=100)","GDP Growth Rate (%)","Deflator Growth Rate (%)"
2020,15019.762845849804,15200,101.2,-3.1,
2021,16076.555023923444,16800,104.5,10.6,3.2608695652173836
2022,16755.31914893617,18900,112.8,10.1,7.942583732057407
2023,17099.748533109807,20400,119.3,7.8,5.762411347517737
2024,17324.738114423853,21500,124.1,5.1,4.023470243084648
2025,0,,130.6119411489639,4,5.247333721969294
2026,0,,137.46558558179217,3.5,5.247333721969294
2027,0,,144.67886361012813,3.5,5.247333721969294
2028,0,,152.27064640890435,3.5,5.247333721969294
2029,0,,160.26079538657945,3.5,5.247333721969294
2030,0,,168.67021414599566,3.5,5.247333721969294
2031,0,,177.52090317179633,3.5,5.247333721969294
2032,0,,186.83601738747447,3.5,5.247333721969294
2033,0,,196.63992673263186,3.5,5.247333721969294
2034,0,,206.95827991892898,3.5,5.247333721969294
2035,0,,217.81807153152258,3.5,5.247333721969294
2036,0,,229.2477126515394,3.5,5.247333721969294
2037,0,,241.2771051843469,3.5,5.247333721969294
2038,0,,253.9377200880765,3.5,5.247333721969294
2039,0,,267.26267970705817,3.5,5.247333721969294
2040,0,,281.28684442556545,3.5,5.247333721969294
2041,0,,296.04690386857146,3.5,5.247333721969294
2042,0,,311.58147288811307,3.5,5.247333721969294
2043,0,,327.93119258637967,3.5,5.247333721969294
