,"Gold, Fixing Committee of the London Bullion Market Association, London 3 PM fixed price, US$ per troy ounce","Monthly log return","3-month volatility","12-month volatility"
1990M1,409.819061279297,,,
1990M2,417.181060791016,1.780457776374256,,
1990M3,392.703338623047,-6.046586283977895,,
1990M4,374.292114257813,-4.801791654598464,4.20591131550913,
1990M5,369.197631835938,-1.370445841980494,2.421774046313514,
1990M6,352.527618408203,-4.620311901862362,1.930833084171878,
1990M7,362.498565673828,2.789154824773998,3.714029803487667,
1990M8,394.631805419922,8.493267448770947,6.575244753185098,
1990M9,389.755004882813,-1.243484289288599,4.892228760325136,
1990M10,380.995208740234,-2.273154955719203,5.941105501529446,
1990M11,381.794097900391,0.2094652993429591,1.247309605995855,
1990M12,376.682342529297,-1.347921304939259,1.254652254250703,
1991M1,383.702270507813,1.846467513241734,1.597359759375189,3.980624949343249
1991M2,364.391662597656,-5.163762932392402,3.509703172359447,4.113767114265453
1991M3,362.760803222656,-0.4485612539771644,3.574064325372166,3.811526779207122
1991M4,358.323333740234,-1.230792711236717,2.526963516467729,3.591915048953388
1991M5,356.964294433594,-0.3799984477498519,0.4726587546187233,3.578022021064595
1991M6,366.910003662109,2.748083516812727,2.095240785444512,3.393081621765821
1991M7,367.792266845703,0.2401690162376013,1.656257810175562,3.303973950333667
1991M8,356.669525146484,-3.070863333095453,2.91869585039224,2.111084032451726
1991M9,348.742858886719,-2.247479656967144,1.723818040365721,2.147977569810232
1991M10,358.814361572266,2.847029944670165,3.20555376407657,2.354754178214493
1991M11,359.589996337891,0.2159327288214996,2.547714702201374,2.35493201667822
1991M12,361.532012939453,0.538611017672519,1.435014040573783,2.35610041433306
1992M1,354.700958251953,-1.90755301668597,1.328974007299004,2.287311823274306
1992M2,353.779998779297,-0.2599815795328197,1.24739463548517,1.793226064327626
1992M3,344.183319091797,-2.75008277979758,1.266553856586962,1.934352933404766
1992M4,338.691589355469,-1.608449238772458,1.246481458450734,1.951419565020449
1992M5,337.098937988281,-0.471345557938907,1.139369361331301,1.951216640702182
1992M6,341.021911621094,1.157026037266817,1.389991147179396,1.756471688941246
1992M7,352.254486083984,3.240715403687666,1.86067872968621,2.073437247546106
1992M8,342.892852783203,-2.693587040127277,3.010673455729402,2.031016883215738
1992M9,345.006500244141,0.6145242333143841,2.973674095443951,1.951647215818323
1992M10,344.892395019531,-0.0330788254434999,1.753154009187644,1.721136031902224
1992M11,335.050537109375,-2.895109239659721,1.867624825289756,1.860156695269892
1992M12,334.80712890625,-0.0726746072150064,1.641083136846726,1.834664366766968
1993M1,329.030548095703,-1.740403360837561,1.418966884548361,1.824773563349033
1993M2,329.299987792969,0.0818554503010382,1.01043108862073,1.833654119150848
1993M3,330.096954345703,0.2417260044352609,1.101137486838672,1.713853799989991
1993M4,342.05712890625,3.559135434087057,1.963086006082461,1.994636054910127
1993M5,366.667999267578,6.947903777996434,3.353152162349899,2.796194259404824
1993M6,371.809997558594,1.392616006224756,2.79996367676389,2.800513413762124
1993M7,392.399993896484,5.389874759676872,2.865506185393524,3.035234727056667
1993M8,378.700012207031,-3.553734499509709,4.480189866673009,3.136273735232228
1993M9,354.399993896484,-6.631816563297388,6.244781795457896,3.806952752773627
1993M10,362.380004882813,2.226719697343604,4.497441950605957,3.848750251778794
1993M11,374.167510986328,3.201018899711894,5.417680574739215,3.774125953301018
1993M12,383.302001953125,2.411960783408152,0.5173950628882231,3.782849660753463
1994M1,387.077514648438,0.9801773908908018,1.125814771716913,3.675359353496399
1994M2,382.304992675781,-1.240626902959185,1.840442528364367,3.736293696698585
1994M3,383.877502441406,0.4104797443502228,1.153449918060725,3.732495044369877
1994M4,377.321044921875,-1.722709453301174,1.11870854851403,3.747839079124527
1994M5,381.589996337891,1.125032107979784,1.481593355883689,3.22205924167455
1994M6,385.743194580078,1.082512485683473,1.63200847858745,3.214016608060678
1994M7,385.399993896484,-0.0890108896459018,0.6889817773723929,2.78704724598817
1994M8,380.761352539063,-1.210893255773016,1.146792407639363,2.602911516162828
1994M9,391.928100585938,2.89055985092217,2.119684702492957,1.664690671727874
1994M10,389.594451904297,-0.5972074919990966,2.212202855429645,1.650185005926154
1994M11,384.441253662109,-1.331534021666236,2.255727272206964,1.514743645910807
1994M12,379.399993896484,-1.319994954464132,0.4206721443399777,1.404148248617233
1995M1,378.549987792969,-0.2242909111126678,0.6359622376835785,1.363525298366299
1995M2,376.505249023438,-0.5416143530419859,0.5637874714944979,1.328848312869859
1995M3,381.661895751953,1.360313825679604,1.018904406350077,1.390650324273112
1995M4,391.04443359375,2.428606740458061,1.504481853942507,1.451261671786654
1995M5,385.219055175781,-1.500904746773557,2.03178419127139,1.511882372593406
1995M6,387.490478515625,0.5879129953211937,1.96606093290455,1.488596673990445
1995M7,386.240478515625,-0.323110010305605,1.047244234305982,1.491937853464475
1995M8,383.697631835938,-0.6605351497739775,0.6458123324565911,1.458812879044414
1995M9,383.217498779297,-0.1252115391137565,0.2706753583710097,1.155934906406107
1995M10,383.069030761719,-0.0387500011320263,0.3368144238677492,1.149153488618652
1995M11,385.676300048828,0.6783206816928455,0.4410838906586632,1.105458052815741
1995M12,387.557678222656,0.4866268010381702,0.3712496222907106,1.025504957742202
1996M1,400.070587158203,3.177631469187059,1.501377538593835,1.329548416057205
1996M2,404.484222412109,1.097173114130445,1.410825992787826,1.301087260033498
1996M3,396.326324462891,-2.037480699188788,2.625254159925076,1.477687764828825
1996M4,393.144989013672,-0.8059450964539749,1.57927163557647,1.346080379350066
1996M5,391.94287109375,-0.306238045568552,0.8910282639757725,1.262994920855149
1996M6,385.272491455078,-1.716523821415539,0.7150485671865938,1.360801633069826
1996M7,383.586364746094,-0.4386057072647276,0.778834799973016,1.363331658131872
1996M8,387.471435546875,1.007733448134562,1.362996046069864,1.381185955594724
1996M9,382.964996337891,-1.169853972823187,1.108189811828042,1.427546069106109
1996M10,381.072723388672,-0.4953359682101421,1.114755517651846,1.434580503595065
1996M11,378.516662597656,-0.6730137324655772,0.3496174459073354,1.425775972793151
1996M12,368.977661132813,-2.552399135110139,1.139822190241454,1.564387770762522
1997M1,355.200012207031,-3.805505778785001,1.576645815877811,1.398810802617447
1997M2,346.713195800781,-2.418313236776637,0.7651316267106901,1.285157097399206
1997M3,351.805267333984,1.457989159859707,2.728076318211265,1.480249479343202
1997M4,344.583343505859,-2.074181752446069,2.145552691127055,1.510642557838248
1997M5,343.702789306641,-0.2558687841136553,1.76634285350011,1.51311256953657
1997M6,340.476318359375,-0.9431725784367906,0.918134912761554,1.500628279876957
1997M7,324.088623046875,-4.932856725268042,2.525344276822179,1.857899460189702
1997M8,324.049987792969,-0.0119219109325108,2.614077493245093,1.758184087889118
1997M9,324.476196289063,0.1314391208607546,2.883378927852232,1.818780180151452
1997M10,323.883331298828,-0.1828816051120618,0.1573621731584369,1.83477978571794
1997M11,305.346160888672,-5.89372755933244,3.391538307703493,2.233904231363732
1997M12,287.619995117188,-5.980593928605327,3.322518509226891,2.53866925246831
1998M1,289.5,0.6515149531424846,3.804221635949944,2.588158336318924
1998M2,297.455261230469,2.710853424547288,4.541787464787215,2.86794882320973
1998M3,295.954559326172,-0.5057904509177646,1.629265098116414,2.751360951572525
1998M4,308.285003662109,4.081876492956127,2.354895258236523,3.165267164389437
1998M5,298.978942871094,-3.06515459484773,3.621166620929005,3.214574117827496
1998M6,292.538635253906,-2.177640144301041,3.895494915113766,3.226674883149081
1998M7,292.752258300781,0.0729972253843413,1.617665360768384,3.026704159108736
1998M8,284.109985351563,-2.99652809859845,1.589440769898301,3.074064675768816
1998M9,288.981811523438,1.700231467154811,2.385002704773335,3.16308607430744
1998M10,295.714996337891,2.303239004938185,2.90145652678235,3.297559234966132
1998M11,293.716674804688,-0.6780528726893387,1.576280207290743,2.875902827275796
1998M12,291.678955078125,-0.6961883050895956,1.726508728699658,2.272143894874621
1999M1,286.9368286,-1.63916463740934,0.5497376770646708,2.318878026018948
1999M2,287.655,0.2499763269263155,0.9445709305750124,2.153084440381349
1999M3,286.2136364,-0.5023333005173214,0.9510703485385243,2.15305159349667
1999M4,282.6175,-1.264411907295315,0.7571993685507565,1.666923053152588
1999M5,276.91,-2.040184967002379,0.7689359955144561,1.558834281537075
1999M6,261.3136364,-5.797118572203797,2.424245713074648,2.129375200867714
1999M7,256.6931818,-1.783983136516287,2.246680718935048,2.116452273961598
1999M8,256.9052632,0.0825864696900602,3.004448632157993,2.050636564136249
1999M9,264.3108696,2.841855550264505,2.327231241552404,2.200167596541006
1999M10,310.7815789,16.19644000306568,8.617953812256275,5.349988079962758
1999M11,293.1840909,-5.82896384800069,11.0953928107338,5.64413085690795
1999M12,282.9526316,-3.552120418000815,12.11272106445545,5.734941885334617
2000M1,284.065625,0.3925781282971385,3.147810010910623,5.720274507688322
2000M2,299.715,5.36267377088091,4.467214880805018,5.933812023275767
2000M3,286.924,-4.361465079087878,4.862469432424676,6.086362756104293
2000M4,279.6526316,-2.566914077165982,5.174579743191135,6.122868267343968
2000M5,276.7409091,-1.046650928894088,1.659297350728995,6.100746386278958
2000M6,285.7318182,3.197195003536901,2.987372921493792,5.872708338930306
2000M7,281.5857143,-1.461677977579079,2.578357784958085,5.860818391813043
2000M8,274.425,-2.575889295492395,3.062544329987657,5.938942960873431
2000M9,273.53,-0.3266694512872092,1.124625946947685,5.898067823212553
2000M10,269.9285714,-1.325393143212583,1.126956043748391,3.111840463733892
2000M11,266.2973684,-1.354376294519444,0.5851595781635358,2.750510118638193
2000M12,271.45,1.916434966827208,1.880092897769326,2.706023218274082
2001M1,265.4863636,-2.221448219377109,2.182204439433548,2.746094133330191
2001M2,262.0894737,-1.287753002360148,2.17027972708734,2.015130748018697
2001M3,263.0272727,0.3571777146449406,1.305558343496401,1.77015135153859
2001M4,260.3305556,-1.030553407625501,0.8848489855145333,1.677952639860977
2001M5,272.0931818,4.419239657159491,2.832148458371067,2.204078493270005
2001M6,270.202381,-0.6973350297485581,3.054794468346486,1.938567550776794
2001M7,267.5261905,-0.9953767523830592,3.043743206908959,1.921385368290006
2001M8,272.0921053,1.692316144827366,1.473259126013844,1.882047229166254
2001M9,284.4723529,4.449543958559055,2.722534354695314,2.28499920437618
2001M10,282.2671429,-0.7782133221999388,2.615188560785962,2.254283132208017
2001M11,277.184375,-1.817103928323683,3.358561587351365,2.29017885165731
2001M12,275.8357143,-0.4877448034011244,0.6989112169320062,2.243843544980048
2002M1,281,1.85492188845684,1.859169012904166,2.161973907737212
2002M2,295.2875,4.959478868613232,2.73247772193212,2.434377114886849
2002M3,294.0475,-0.4208139105504216,2.700765257584152,2.46306560691746
2002M4,302.6833333,2.894583547189811,2.714258750277481,2.439693654008485
2002M5,314.4931818,3.82752420279644,2.232734321222511,2.375074702696921
2002M6,321.1777778,2.103239833347637,0.8631106270390713,2.307595489796626
2002M7,313.2913043,-2.486135236147113,3.263377994915352,2.484018608507688
2002M8,310.2809524,-0.965525728265515,2.337803059715924,2.564596785016578
2002M9,319.1357143,2.813826388585028,2.729021464500784,2.408799316367813
2002M10,316.5565217,-0.8114639779052801,2.138923704710472,2.41099641491351
2002M11,320.4357143,1.217986762442536,1.816961963518241,2.24735143426009
2002M12,332.0361111,3.556205454032302,2.18565296207945,2.272955294392947
2003M1,356.8590909090909,7.20972691527626,3.019835419813189,2.803078692717884
2003M2,358.97,0.5897819008986893,3.315910125383839,2.662789723982236
2003M3,340.55,-5.267686184955434,6.242588165763934,3.294408522046716
2003M4,328.18,-3.699971934032309,3.032316175072896,3.531784444447757
2003M5,355.6825,8.047624063410375,7.277376206457864,4.046888525471299
2003M6,356.352380952381,0.1881596444047062,5.984629755242265,4.03828131176147
2003M7,351.0195652173913,-1.50781121526915,5.098265088496808,3.973814272536329
2003M8,359.7675,2.461602620417569,1.991695522286903,3.946883509473086
2003M9,378.9454545454546,5.193428584326298,3.369612592660789,4.090677931352155
2003M10,378.9195652173912,-0.0068321739091992,2.601241863180381,4.057026683657619
2003M11,389.91,2.859198968079646,2.604658466474278,4.074336657534102
2003M12,406.9526315789473,4.278085108089602,2.182807385712802,4.110446133236988
2004M1,413.7880952380953,1.665720119331393,1.307802257938319,3.72809547603489
2004M2,404.8775,-2.176944331809505,3.246996714619931,3.854916475452412
2004M3,406.6673913043479,0.4411078735820695,1.962988477919012,3.326804439666243
2004M4,403.26,-0.8414115743612172,1.309115555806401,3.009495956143295
2004M5,383.778947368421,-4.951478627156103,2.817134965432266,2.859333238329469
2004M6,392.3727272727272,2.21454939743575,3.595912176552056,2.890306288126762
2004M7,398.0909090909091,1.446817109030096,3.934453770719955,2.800050039049485
2004M8,400.5095238095238,0.6057152021712753,0.804695879637594,2.765959070468841
2004M9,405.275,1.182830300289694,0.4301556480675794,2.419874608079818
2004M10,420.4642857142857,3.679369387535569,1.633662516241244,2.570676853759497
2004M11,439.375,4.399371966193666,1.688058619436193,2.713659133340314
2004M12,442.078947368421,0.6135217518899339,2.010409878748268,2.509137420991518
2005M1,424.03,-4.168427263788654,4.293539369001187,2.845546987099549
2005M2,423.35,-0.1604947357655817,2.566763885417376,2.750117960062539
2005M3,434.3214285714286,2.558561871750964,3.384010806073488,2.821962114839137
2005M4,429.2333333333334,-1.178420719416717,1.931945523290008,2.838676638119035
2005M5,421.8725,-1.729753592831873,2.333047232975893,2.391219934262348
2005M6,430.6568181818182,2.060839173077689,2.047981368136153,2.383285809172296
2005M7,424.4785714285714,-1.445000249260087,2.111105083396642,2.454412146137051
2005M8,437.9295454545454,3.119651738977769,2.389143566170708,2.565772734416732
2005M9,456.0477272727272,4.05394267978858,2.942428721106065,2.738436135240017
2005M10,469.8976190476191,2.991737005258255,0.5798768024600884,2.683542286378847
2005M11,476.6659090909091,1.430100610307683,1.319819200409432,2.461932504265525
2005M12,510.0972222222222,6.778549409390688,2.750289711119473,3.025752142033799
2006M1,549.8642857142856,7.507015517245641,3.318269182693251,3.022316020295911
2006M2,554.995,0.9287610165672257,3.60610869190048,2.961857551790553
2006M3,557.0934782608696,0.3773945675277446,3.966714260011647,3.008188934286014
2006M4,610.6527777777778,9.179546212151646,4.930472169406574,3.444354562197665
2006M5,675.3928571428571,10.07660196584306,5.359682931475836,3.668806696548087
2006M6,596.1454545454545,-12.48098436116187,12.77254865354445,6.000164484845345
2006M7,633.7095238095238,6.110599656913518,12.04312301354228,5.920441364744183
2006M8,632.5931818181818,-0.1763152326184069,9.456718753460466,6.007379025591598
2006M9,598.1857142857143,-5.592626804002432,5.8570077608225,6.489092438830991
2006M10,585.7795454545455,-2.095774824419827,2.746170968517738,6.602208760756243
2006M11,627.8272727272728,6.93215687097295,6.462735883106037,6.760541545418611
2006M12,629.7911764705883,0.312321330999854,4.674838684680563,6.627106222589802
2007M1,631.1659090909092,0.2180459875647855,3.849467395440799,6.381619487574239
2007M2,664.745,5.183475007561622,2.839968055386296,6.485609595147958
2007M3,654.8954545454545,-1.49278969551565,3.467827236966577,6.537398588931785
2007M4,679.3684210526316,3.66879624903973,3.500207888828521,6.117293398748186
2007M5,666.8595238095237,-1.858415925219781,3.091001089780943,5.417908028633867
2007M6,655.4904761904762,-1.71956407313214,3.151819083684501,3.845928145137541
2007M7,665.2954545454545,1.484746051480634,1.891367019467646,3.478520019116758
2007M8,665.4113636363637,0.0174206804412158,1.604045050974681,3.476023699508074
2007M9,712.6525,6.858848298717213,3.60183172298852,3.374508425689713
2007M10,754.6043478260871,5.719964494796681,3.6656330542301,3.380258755740914
2007M11,806.2477272727273,6.619747994321923,0.6005324887703347,3.340718475219837
2007M12,803.2029411764706,-0.3783638465414185,3.807290993213262,3.379746694656601
2008M1,889.5954545454545,10.2159403180484,5.387415108353696,4.057648783374069
2008M2,922.297619047619,3.610115476592846,5.350765831151429,4.000766380205352
2008M3,968.4342105263158,4.881258259438948,3.505033487163435,3.807792236468888
2008M4,909.7045454545456,-6.256067982708124,6.096411729465452,4.687243558703863
2008M5,888.6625,-2.34023480803911,5.649834030003153,4.729221715090348
2008M6,889.4880952380952,0.0928599973064159,3.203190760243332,4.613471383808223
2008M7,939.7717391304348,5.499089170314608,4.01252756253204,4.67482718934202
2008M8,839.025,-11.33965116624909,8.597216618360886,6.205663599867761
2008M9,829.9318181818181,-1.089695275358515,8.485446878420367,6.054330354614773
2008M10,806.6195652173913,-2.849141209604689,5.480967145261494,5.986673772433192
2008M11,760.8625,-5.839948032641473,2.401578533185109,5.919399877732973
2008M12,816.0921052631579,7.007456446625593,6.722514964200764,6.302811142687872
2009M1,858.6904761904761,5.088130396309154,6.930157676063496,5.702253984938023
2009M2,943.1625,9.383006350865577,2.151472724282319,6.276256724338455
2009M3,924.2727272727273,-2.023140268626999,5.760733614167126,6.121300359706314
2009M4,890.2,-3.756103089503604,7.138388447097157,5.943424941008883
2009M5,928.6447368421052,4.22800944989028,4.199723919171472,6.02829804197411
2009M6,945.6704545454544,1.816790056364681,4.095061457021257,6.04170449957323
2009M7,934.2282608695652,-1.217335262135233,2.728603869040612,5.845456526974067
2009M8,949.375,1.608307432708589,1.69477816108053,4.643351640245318
2009M9,996.5909090909092,4.853649053203046,3.037909078892949,4.71318324804133
2009M10,1043.159090909091,4.56686115186038,1.796641758168881,4.571573933628935
2009M11,1127.035714285714,7.733722783150831,1.751479592707808,4.068369077496374
2009M12,1134.723684210526,0.6798247009774272,3.5330709756981,3.948806452654657
2010M1,1117.9625,-1.488133912881295,4.821828208388157,4.049386378698203
2010M2,1095.4125,-2.037682747204705,1.436830725569062,3.514103807415607
2010M3,1113.336956521739,1.623076801709011,1.974115688388549,3.359889363275806
2010M4,1148.6875,3.12582135675088,2.65584814777493,2.931747279142502
2010M5,1205.434210526316,4.821985647768834,1.60042870846284,2.975184443281128
2010M6,1232.920454545455,2.254586562921634,1.305600846926894,2.973090701235954
2010M7,1192.965909090909,-3.2943141425954,4.148416553088423,3.239317172481474
2010M8,1215.809523809524,1.896756274588096,3.105520719382768,3.236913688645641
2010M9,1270.977272727273,4.437598096656892,3.940929588232344,3.206370157141297
2010M10,1342.02380952381,5.439266957616962,1.826134332917694,3.278285567950799
2010M11,1369.886363636364,2.054900993584763,1.738510807679228,2.759898083849009
2010M12,1390.552631578947,1.497345465646305,2.133211436390935,2.744462047599677
2011M1,1356.4,-2.486711353609028,2.476887146466063,2.862335343584169
2011M2,1372.725,1.196368412265159,2.21842182972148,2.630411362059008
2011M3,1424.010869565217,3.667963069029501,3.097145835491629,2.678021069748212
2011M4,1473.805555555556,3.437042280645475,1.365205963844305,2.690852999404801
2011M5,1510.4375,2.455147507231459,0.6439931862353223,2.55464519763239
2011M6,1528.659090909091,1.199159599994548,1.121735401178347,2.558728767049198
2011M7,1572.809523809524,2.847258575283984,0.8609575042904971,2.002755305767358
2011M8,1755.806818181818,11.00649510223333,5.251558508172083,3.202019858117599
2011M9,1771.852272727273,0.9097004436042332,5.358366271462221,3.226168583199625
2011M10,1665.214285714286,-6.207166589226709,8.649712977603704,4.007037797418035
2011M11,1738.977272727273,4.33433508447818,5.377440164291197,4.073788859365508
2011M12,1652.305555555556,-5.112554713908146,5.79604979788199,4.563596889713292
2012M1,1656.119047619048,0.2305323052390839,4.736973418543495,4.416230146848458
2012M2,1742.619047619048,5.091223929172006,5.103789450890551,4.520653776009312
2012M3,1673.772727272727,-4.030898474435674,4.564340633273921,4.798379758725016
2012M4,1650.065789473684,-1.426503705951188,4.69887863896198,4.811149784735244
2012M5,1585.504545454546,-3.991247764345918,1.492333540353896,4.98356653959721
2012M6,1596.697368421053,0.7034669343597422,2.350710286838877,4.978429914305867
2012M7,1593.909090909091,-0.1747804536416985,2.49589954760631,4.917393352880667
2012M8,1626.034090909091,1.995443033496436,1.091664684430607,3.618914443630853
2012M9,1744.45,7.029534270176274,3.695810583240687,4.235773324458415
2012M10,1747.010869565217,0.1466933252362245,3.562149387105866,3.779590857361073
2012M11,1721.136363636364,-1.492150377123913,4.521769885456735,3.598055092623361
2012M12,1688.529411764706,-1.912676964408622,1.088091393316049,3.297696562968137
2013M1,1670.954545454545,-1.046293232217632,0.4332535777275934,3.316488439304804
2013M2,1627.5875,-2.629619014496232,0.7928374368281333,2.987311903448037
2013M3,1592.8625,-2.156614502238785,0.8127594072156804,2.834971744749024
2013M4,1485.083333333333,-7.006182467089594,2.673834648617947,3.414638815294832
2013M5,1413.5,-4.940198925145367,2.433616639240862,3.503137496125106
2013M6,1342.3625,-5.163777685261017,1.133779140578403,3.656419238504418
2013M7,1286.723913043478,-4.233173547730473,0.485780541512422,3.715375186880744
2013M8,1347.095238095238,4.585121296412886,5.380046148716521,4.01776991642569
2013M9,1348.797619047619,0.1262944240643548,4.409240713791276,3.053242645654769
2013M10,1316.184782608696,-2.447630766348929,3.558225904850665,2.966963262432992
2013M11,1275.821428571429,-3.114700649430624,1.711438098071202,2.960795959243101
2013M12,1225.402777777778,-4.032064072821662,0.7955047435591358,2.986009535853084
2014M1,1244.795454545455,1.570163474086783,3.004842230848293,3.203110323763517
2014M2,1300.975,4.414276047681565,4.297568910633122,3.764187070408134
2014M3,1336.083333333333,2.662846506066252,1.434714720708063,3.981271516524902
2014M4,1299,-2.814771073023703,3.771182883733237,3.618239857292542
2014M5,1287.525,-0.887296684549721,2.778577829719591,3.412067719828614
2014M6,1279.095238095238,-0.6568788082413235,1.184957730775888,3.121046542926807
2014M7,1310.967391304348,2.461234856471783,1.870311413687076,2.968625839183699
2014M8,1295.9875,-1.14923785034291,1.957914001306134,2.633374223158199
2014M9,1238.818181818182,-4.511510685252773,3.487108930825704,2.889431265506319
2014M10,1222.489130434783,-1.326879490184218,1.892014403450376,2.84590222095833
2014M11,1176.3,-3.851513208321222,1.680835503002108,2.911910269584161
2014M12,1202.289473684211,2.185371482701904,3.031876731223395,2.81205717162563
2015M1,1251.845238095238,4.039101948105017,4.125976671405541,3.031783717028799
2015M2,1227.1875,-1.989368750213672,3.087804819262777,2.743025966622205
2015M3,1178.629545454546,-4.037260441991108,4.198490776415919,2.725530182833561
2015M4,1197.91,1.622601029225645,2.865723234548823,2.764319398361263
2015M5,1199.052631578947,0.0953399648743413,2.928166216675316,2.772006761478055
2015M6,1181.504545454546,-1.474310648422694,1.548504189299136,2.783731516062402
2015M7,1130.036956521739,-4.4538327751102,2.310711570399281,2.794280656531424
2015M8,1117.475,-1.117866118526045,1.831815053444486,2.794385542234156
2015M9,1124.531818181818,0.6295111530253195,2.582711312899934,2.635991728696927
2015M10,1159.245454545454,3.040253583035568,2.087860381886235,2.850377624244675
2015M11,1085.702380952381,-6.554218998672301,4.991184930745492,3.226218019683216
2015M12,1068.252631578947,-1.620287427703193,4.797885426256856,3.105015744575499
2016M1,1097.375,2.689670527669108,4.625453345336128,2.925780868861494
2016M2,1199.911904761905,8.932717713646277,5.30592896762296,4.090238376358992
2016M3,1246.338095238095,3.796158665015703,3.331270854206012,4.044781901995373
2016M4,1242.261904761905,-0.3275893370958904,4.639375373169197,4.033225107250026
2016M5,1259.3975,1.369959731838133,2.072575358087533,4.044029732177018
2016M6,1276.404545454545,1.341374456943623,0.9719336487293622,4.006321304070453
2016M7,1337.326190476191,4.662506373010267,1.909258045513627,3.811404382725381
2016M8,1341.088636363637,0.2809459031148265,2.28591695945129,3.748145929840823
2016M9,1326.029545454545,-1.12925261735981,3.020242932310571,3.819836610620538
2016M10,1266.569047619048,-4.587746573017437,2.505128297965861,4.138648220489879
2016M11,1235.979545454545,-2.444789751162535,1.745665218575647,3.617635027987443
2016M12,1151.402777777778,-7.088280413495074,2.324038832108077,4.273609623918624
2017M1,1192.616666666666,3.5168766899079,5.316214653830507,4.316404139127721
2017M2,1234.3575,3.440081911396664,6.100842399074421,3.594067261688978
2017M3,1231.093478260869,-0.2647810623605195,2.16151345310083,3.415088301291492
2017M4,1265.627777777778,2.766548492968113,1.973516987219591,3.511985116470172
2017M5,1245.004761904762,-1.642891136527958,2.255781612350105,3.524924359980288
2017M6,1260.256818181818,1.217616941547206,2.236994012132159,3.520515593192852
2017M7,1236.221428571428,-1.925603182812186,1.7388820793844,3.20919731431472
2017M8,1282.315909090909,3.660825477017493,2.800514413143267,3.438915379417942
2017M9,1314.978571428571,2.515262291539067,2.950756579381373,3.525930863342581
2017M10,1279.513636363637,-2.734033587225415,3.409830022309686,3.346012493683357
2017M11,1282.284090909091,0.2162899588837419,2.631374483543232,3.249929918203823
2017M12,1261.255882352941,-1.653497713996366,1.49265271366759,2.390891370419532
2018M1,1331.665909090909,5.432276507503797,3.672211366808741,2.642422750988438
2018M2,1331.525,-0.0105819744697477,3.708820048210567,2.528428264812895
2018M3,1324.657142857143,-0.5171236066138896,3.298399980741927,2.537592461614373
2018M4,1334.74,0.758285048418994,0.6421848333766204,2.447076683151882
2018M5,1303.02619047619,-2.404711825446348,1.591341454312981,2.5150508499459
2018M6,1281.566666666667,-1.660611023743108,1.653747937015518,2.56462000793829
2018M7,1238.525,-3.416213238642385,0.8811886147842346,2.705953184467269
2018M8,1201.245454545454,-3.056225809404722,0.927314286539864,2.574903328111094
2018M9,1198.4725,-0.2311068077317735,1.744314158394389,2.393938353025853
2018M10,1215.393478260869,1.402004550404978,2.255517975352065,2.383668641972563
2018M11,1220.945454545455,0.4557646574012253,0.819981204337521,2.390549532302541
2018M12,1247.923529411765,2.185547220130868,0.8661655696917254,2.464524755981514
2019M1,1291.745454545454,3.451337578433122,1.503763615660938,2.100583079840608
2019M2,1320.065,2.168660846574966,0.7357275287352218,2.21461327801782
2019M3,1300.897619047619,-1.462647542119822,2.54882031461848,2.248450660759065
2019M4,1286.445,-1.117190221494013,2.00426872016159,2.244692576110846
2019M5,1283.947619047619,-0.194319087264283,0.6557043236302715,2.145412741047996
2019M6,1359.0425,5.684099837349343,3.689287344193805,2.654195501394928
2019M7,1412.978260869565,3.891931082040045,3.012892252385351,2.511224037725352
2019M8,1498.797619047619,5.896348086842185,1.101105936173526,2.494602210352967
2019M9,1511.314285714286,0.8316460785511737,2.550628623970495,2.432314339492367
2019M10,1494.8,-1.098724152000851,3.612676092280737,2.584301692455687
2019M11,1470.016666666667,-1.671868003433907,1.311640566881451,2.747107747064542
2019M12,1476.044444444444,0.4092098542313849,1.074960766047755,2.757415291435648
2020M1,1560.672727272727,5.575112660023951,3.731312673065881,2.961702789853207
2020M2,1597.1025,2.30740862786698,2.613031445942369,2.964496262996412
2020M3,1591.927272727273,-0.3245646597638263,2.955541842770268,2.87489261707638
2020M4,1682.93,5.559091853071063,2.94726260409271,2.92934059405645
2020M5,1716.381578947368,1.968201975105632,2.965599515518729,2.830915821519849
2020M6,1732.218181818182,0.91844315330194,2.433519538114087,2.660365896627037
2020M7,1843.313043478261,6.216174641768024,2.80515074712425,2.88409399437959
2020M8,1968.030952380952,6.546900669132594,3.158450902910366,2.964564182168129
2020M9,1922.213636363636,-2.35560688163261,5.047102450606688,3.235517395781071
2020M10,1900.275,-1.147884498476959,4.829129542368731,3.239831546095985
2020M11,1863.492857142857,-1.95460056443828,0.6151138420765649,3.269851423082785
2020M12,1855.955263157895,-0.405307672524291,0.7748676896151749,3.313505683731889
2021M1,1866.985,0.5925300076209616,1.283475921860358,3.118748884546692
2021M2,1808.175,-3.200678092638221,1.966308025778156,3.382253631186556
2021M3,1718.228260869566,-5.102437028369167,2.899360972194814,3.81084101031173
2021M4,1761.6775,2.497280107719835,3.954725343417776,3.544462392328591
2021M5,1855.56,5.192005717835979,5.338426705145697,3.789402620039369
2021M6,1834.565909090909,-1.137864557514501,3.176556850683955,3.822496037886634
2021M7,1807.093181818182,-1.508831429960722,3.766211460794307,3.394914899322135
2021M8,1783.969047619048,-1.287889340046799,0.1866097813272441,2.660655974558577
2021M9,1777.252272727273,-0.377217940261243,0.5998175966565203,2.617683927967744
2021M10,1776.854761904762,-0.0223690969515466,0.6527865380645165,2.618519674806751
2021M11,1820.234090909091,2.412030055045112,1.518339076763422,2.708888273164745
2021M12,1786.652631578947,-1.86212832721031,2.143962186123653,2.751444828643665
2022M1,1816.765,1.671361605831656,2.284096128127911,2.801047930780793
2022M2,1856.295,2.152511871675333,2.192198007014077,2.709214403556605
2022M3,1947.828260869565,4.813247386332353,1.692260092055937,2.43715269021388
2022M4,1933.9,-0.7176350176480106,2.766101854352355,2.439717722427228
2022M5,1849.833181818182,-4.444322635179265,4.657994265570234,2.44040459443246
2022M6,1837.064090909091,-0.6926768510052028,2.158844968907143,2.425298576338758
2022M7,1737.380476190476,-5.579018911538824,2.557300675257521,2.89613317892463
2022M8,1764.132608695652,1.528062434775368,3.635900323420057,2.92520946365902
2022M9,1683.208181818181,-4.695752533612918,3.873556451940855,3.214656903093092
2022M10,1666.626666666667,-0.989998094252087,3.130737867058998,3.215007369693747
2022M11,1727.898636363636,3.610438567155682,4.161118520361137,3.33133684709544
2022M12,1797.408181818182,3.943971911193245,2.757393756848537,3.521256094476602
2023M1,1896.059545454545,5.343208090865836,0.9193835435033122,3.821675900643184
2023M2,1853.409,-2.27511630710362,4.055321335113496,3.846119187172533
2023M3,1913.648260869565,3.198485829307973,3.92850736199828,3.686865632663231
2023M4,1999.6685,4.396991242971904,3.557006108468331,3.904198882415334
2023M5,1989.826956521739,-0.4933738388172237,2.548918518015487,3.626403979060445
2023M6,1944.728636363636,-2.292522967604427,3.461748320196527,3.707077228498124
2023M7,1950.27,0.2845375771522995,1.321824799916984,3.186493938649216
2023M8,1919.302173913044,-1.600615564082375,1.33377779710475,3.263152672945635
2023M9,1915.434761904762,-0.2017042307835836,0.9787054698361888,2.814298629705068
2023M10,1913.984545454546,-0.07574080575381,0.8463709521111068,2.765200522227033
2023M11,1985.777727272728,3.682342103423508,2.206991536872592,2.771080833735574
2023M12,2034.704285714285,2.433985463288036,1.913997013178602,2.66539973431383
2024M1,2034.006086956522,-0.0343203964237481,1.891406366341753,2.302239752755558
2024M2,2024.44619047619,-0.4711113256144372,1.566466697475687,2.152512343585169
2024M3,2162.346190476191,6.589765453324237,3.956540588022364,2.66651954398999
2024M4,2333.550454545454,7.61970765032105,4.404129000492372,3.155253373453088
2024M5,2350.596521739131,0.7278226976126234,3.717553675957778,3.112017101102093
2024M6,2328.2625,-0.9546853737843364,4.543294093927734,2.989718125330778
2024M7,2393.962173913043,2.782752539598832,1.871808938887518,2.984361991756589
2024M8,2468.328636363637,3.059144951821224,2.241861904930766,2.812926051411954
2024M9,2569.049047619048,3.999455389232676,0.6378273419123733,2.761863604324828
2024M10,2689.128695652173,4.568142613218651,0.7620873549592312,2.700984022832318
2024M11,2652.199523809524,-1.382793146730599,3.283941759548687,2.941365422132836
2024M12,2640.605454545455,-0.4381075008814683,3.198140282347529,3.054061671035191
2025M1,2707.467391304348,2.500542627383773,2.025191031332731,2.974193549938561
2025M2,2894.38,6.675726975914564,3.574783673730519,3.064810377395266
2025M3,2986.256190476191,3.124956690896585,2.252037110554782,2.849348470741045
2025M4,3222.011818181818,7.598546006360074,2.361940090382901,2.846024855335691
2025M5,3288.009545454546,2.027642759588133,2.95104676942964,2.788779825357897
2025M6,3351.858571428571,1.923260912663949,3.246914418582427,2.550393332338847
2025M7,3341.649130434783,-0.3050552674574547,1.317685385688386,2.727924270213718
2025M8,3367.256190476191,0.7633789171295646,1.114470789878152,2.78638963954445
2025M9,3666.523636363636,8.51457491730958,4.813322962293556,3.259072549698656
