Year,"Real GDP","Project Allocation (%)","Project Investment",Imports,"GDP impact",,,"Baseline GDP Growth","Deflator Index"
,,,,,I-M,Multiplier,"% of GDP",,
2020,50000000000,0,0,0,0,0,0,-0.062,100
2021,55300000000.00001,0,0,0,0,0,0,0.106,109.6
2022,61051200000.000015,0,0,0,0,0,0,0.104,119.0256
2023,65813193600.00002,0,0,0,0,0,0,0.078,122.4773424
2024,72065446992.00003,0,0,0,0,0,0,0.095,126.151662672
2025,77254159175.42404,0,0,0,0,0,0,0.07200000000000001,129.93621255216
2026,81348629611.72151,0.05,892450000,85812500,806637500,645310000,0.00793264745921445,0.053,133.8342989287248
2027,85416061092.30759,0.1,1784900000,171625000,1613275000,1290620000,0.015109804684218,0.05,137.8493278965866
2028,89686864146.92297,0.15,2677350000,257437500,2419912500,1935930000,0.02158543526316857,0.05,143.8802359920622
2029,94171207354.26912,0.2,3569800000,343250000,3226550000,2581240000,0.027410076524658503,0.05,150.174996316715
2030,98879767721.98257,0.2,3569800000,343250000,3226550000,2581240000,0.02610483478538905,0.05,156.7451524055712
2031,103823756108.08171,0.15,2677350000,257437500,2419912500,1935930000,0.018646310560992176,0.05,163.6027528233149
2032,109014943913.4858,0.1,1784900000,171625000,1613275000,1290620000,0.011838927340312493,0.05,170.760373259335
2033,114465691109.1601,0.05,892450000,85812500,806637500,645310000,0.005637584447767853,0.05,178.2311395894309
2034,120188975664.6181,0,0,0,0,0,0,0.05,186.0287519464684
2035,126198424447.84901,0,0,0,0,0,0,0.05,194.1675098441264
2036,132508345670.24147,0,0,0,0,0,0,0.05,202.662338399807
2037,139133762953.75354,0,0,0,0,0,0,0.05,211.5288157047985
2038,146090451101.44122,0,0,0,0,0,0,0.05,220.7832013918834
2039,153394973656.5133,0,0,0,0,0,0,0.05,230.4424664527783
2040,161064722339.339,0,0,0,0,0,0,0.05,240.5243243600873
2041,169117958456.30594,0,0,0,0,0,0,0.05,251.0472635508412
2042,177573856379.12125,0,0,0,0,0,0,0.05,262.0305813311904
2043,186452549198.07733,0,0,0,0,0,0,0.05,273.49441926443
,,,,,,,,,
,Assumptions,,,,,,,,
,,,,,,,,,
,"total investment",6500000000,,,,,,,
,"import content share",0.09615384615384616,,,,,,,
,"demand multiplier",0.8,,,,,,,
,"Project allocation","Bell Curve",,,,,,,
,"Exchange Rate",2.746,,,,,,,
,,,,,,,,,
,,,,,,,,,
,,,,,,,,,
,,,,,,,,,
,,,,,,,,,
"Scenario 2: Multiplier = 1",,,,,,,,,
,,Multiplier,1,,,,,,
,,,,,I-M,Multiplier,"% of GDP",,
2020,50000000000,0,0,0,0,0,0,-0.062,
2021,55300000000.00001,0,0,0,0,0,0,0.106,
2022,61051200000.000015,0,0,0,0,0,0,0.104,
2023,65813193600.00002,0,0,0,0,0,0,0.078,
2024,72065446992.00003,0,0,0,0,0,0,0.095,
2025,77254159175.42404,0,0,0,0,0,0,0.07200000000000001,
2026,81348629611.72151,0.05,892450000,85812500,806637500,806637500,0.009915809324018062,0.053,
2027,85416061092.30759,0.1,1784900000,171625000,1613275000,1613275000,0.0188872558552725,0.05,
2028,89686864146.92297,0.15,2677350000,257437500,2419912500,2419912500,0.026981794078960713,0.05,
2029,94171207354.26912,0.2,3569800000,343250000,3226550000,3226550000,0.034262595655823125,0.05,
2030,98879767721.98257,0.2,3569800000,343250000,3226550000,3226550000,0.03263104348173631,0.05,
2031,103823756108.08171,0.15,2677350000,257437500,2419912500,2419912500,0.02330788820124022,0.05,
2032,109014943913.4858,0.1,1784900000,171625000,1613275000,1613275000,0.014798659175390617,0.05,
2033,114465691109.1601,0.05,892450000,85812500,806637500,806637500,0.007046980559709817,0.05,
2034,120188975664.6181,0,0,0,0,0,0,0.05,
2035,126198424447.84901,0,0,0,0,0,0,0.05,
2036,132508345670.24147,0,0,0,0,0,0,0.05,
2037,139133762953.75354,0,0,0,0,0,0,0.05,
2038,146090451101.44122,0,0,0,0,0,0,0.05,
2039,153394973656.5133,0,0,0,0,0,0,0.05,
2040,161064722339.339,0,0,0,0,0,0,0.05,
2041,169117958456.30594,0,0,0,0,0,0,0.05,
2042,177573856379.12125,0,0,0,0,0,0,0.05,
2043,186452549198.07733,0,0,0,0,0,0,0.05,
,,,,,,,,,
,,,,,,,,,
,,,,,,,,,
"Scenario 3: Import Share = 0.5",,,,,,,,,
,,"Import Share",0.5,,,,,,
,,,,,I-M,Multiplier,"% of GDP",,
2020,50000000000,0,0,0,0,0,0,-0.062,
2021,55300000000.00001,0,0,0,0,0,0,0.106,
2022,61051200000.000015,0,0,0,0,0,0,0.104,
2023,65813193600.00002,0,0,0,0,0,0,0.078,
2024,72065446992.00003,0,0,0,0,0,0,0.095,
2025,77254159175.42404,0,0,0,0,0,0,0.07200000000000001,
2026,81348629611.72151,0.05,892450000,446225000,446225000,356980000,0.004388273062544164,0.053,
2027,85416061092.30759,0.1,1784900000,892450000,892450000,713960000,0.008358615357226979,0.05,
2028,89686864146.92297,0.15,2677350000,1338675000,1338675000,1070940000,0.011940879081752825,0.05,
2029,94171207354.26912,0.2,3569800000,1784900000,1784900000,1427920000,0.015163021056194064,0.05,
2030,98879767721.98257,0.2,3569800000,1784900000,1784900000,1427920000,0.014440972434470538,0.05,
2031,103823756108.08171,0.15,2677350000,1338675000,1338675000,1070940000,0.010314980310336098,0.05,
2032,109014943913.4858,0.1,1784900000,892450000,892450000,713960000,0.006549193847832443,0.05,
2033,114465691109.1601,0.05,892450000,446225000,446225000,356980000,0.003118663737063068,0.05,
2034,120188975664.6181,0,0,0,0,0,0,0.05,
2035,126198424447.84901,0,0,0,0,0,0,0.05,
2036,132508345670.24147,0,0,0,0,0,0,0.05,
2037,139133762953.75354,0,0,0,0,0,0,0.05,
2038,146090451101.44122,0,0,0,0,0,0,0.05,
2039,153394973656.5133,0,0,0,0,0,0,0.05,
2040,161064722339.339,0,0,0,0,0,0,0.05,
2041,169117958456.30594,0,0,0,0,0,0,0.05,
2042,177573856379.12125,0,0,0,0,0,0,0.05,
2043,186452549198.07733,0,0,0,0,0,0,0.05,
