"IMF WEO Data (Simulated for CLI Task)",,,
,,,
Year,"Real GDP Growth (%)","GDP Deflator Growth (%)","GDP Deflator Index (2020=100)"
2020,-0.062,0.08800000000000001,100
2021,0.106,0.096,109.6
2022,0.104,0.086,119.0256
2023,0.078,0.029,122.4773424
2024,0.095,0.03,126.151662672
2025,0.07200000000000001,0.03,129.93621255216
2026,0.053,0.03,133.8342989287248
2027,0.05,0.03,137.8493278965866
2028,0.05,0.04375,143.8802359920622
2029,0.05,0.04375,150.174996316715
2030,0.05,0.04375,156.7451524055712
2031,0.05,0.04375,163.6027528233149
2032,0.05,0.04375,170.760373259335
2033,0.05,0.04375,178.2311395894309
2034,0.05,0.04375,186.0287519464684
2035,0.05,0.04375,194.1675098441264
2036,0.05,0.04375,202.662338399807
2037,0.05,0.04375,211.5288157047985
2038,0.05,0.04375,220.7832013918834
2039,0.05,0.04375,230.4424664527783
2040,0.05,0.04375,240.5243243600873
2041,0.05,0.04375,251.0472635508412
2042,0.05,0.04375,262.0305813311904
2043,0.05,0.04375,273.49441926443
