Products/Industries,"Industry 1","Industry 2","Industry 3","Industry 4","Industry 5","Industry 6","Industry 7","Industry 8","Industry 9","Industry 10","Industry 11","Industry 12","Industry 13","Industry 14","Industry 15","Industry 16","Industry 17","Industry 18","Industry 19","Industry 20","Industry 21","Industry 22","Industry 23","Industry 24","Industry 25","Industry 26","Industry 27","Industry 28","Industry 29","Industry 30","Industry 31","Industry 32","Industry 33","Industry 34","Industry 35","Industry 36","Industry 37","Industry 38",Total,"Imports (CIF)"
"Product 1",100,10,10,10,10,10,10,10,10,10,10,10,10,10,10,10,10,10,10,10,10,10,10,10,10,10,10,10,10,10,10,10,10,10,10,10,10,10,470,50
"Product 2",10,100,10,10,10,10,10,10,10,10,10,10,10,10,10,10,10,10,10,10,10,10,10,10,10,10,10,10,10,10,10,10,10,10,10,10,10,10,470,50
"Product 3",10,10,100,10,10,10,10,10,10,10,10,10,10,10,10,10,10,10,10,10,10,10,10,10,10,10,10,10,10,10,10,10,10,10,10,10,10,10,470,50
"Product 4",10,10,10,100,10,10,10,10,10,10,10,10,10,10,10,10,10,10,10,10,10,10,10,10,10,10,10,10,10,10,10,10,10,10,10,10,10,10,470,50
"Product 5",10,10,10,10,100,10,10,10,10,10,10,10,10,10,10,10,10,10,10,10,10,10,10,10,10,10,10,10,10,10,10,10,10,10,10,10,10,10,470,50
"Product 6",10,10,10,10,10,100,10,10,10,10,10,10,10,10,10,10,10,10,10,10,10,10,10,10,10,10,10,10,10,10,10,10,10,10,10,10,10,10,470,50
"Product 7",10,10,10,10,10,10,100,10,10,10,10,10,10,10,10,10,10,10,10,10,10,10,10,10,10,10,10,10,10,10,10,10,10,10,10,10,10,10,470,50
"Product 8",10,10,10,10,10,10,10,100,10,10,10,10,10,10,10,10,10,10,10,10,10,10,10,10,10,10,10,10,10,10,10,10,10,10,10,10,10,10,470,50
"Product 9",10,10,10,10,10,10,10,10,100,10,10,10,10,10,10,10,10,10,10,10,10,10,10,10,10,10,10,10,10,10,10,10,10,10,10,10,10,10,470,50
"Product 10",10,10,10,10,10,10,10,10,10,100,10,10,10,10,10,10,10,10,10,10,10,10,10,10,10,10,10,10,10,10,10,10,10,10,10,10,10,10,470,50
"Product 11",10,10,10,10,10,10,10,10,10,10,100,10,10,10,10,10,10,10,10,10,10,10,10,10,10,10,10,10,10,10,10,10,10,10,10,10,10,10,470,50
"Product 12",10,10,10,10,10,10,10,10,10,10,10,100,10,10,10,10,10,10,10,10,10,10,10,10,10,10,10,10,10,10,10,10,10,10,10,10,10,10,470,50
"Product 13",10,10,10,10,10,10,10,10,10,10,10,10,100,10,10,10,10,10,10,10,10,10,10,10,10,10,10,10,10,10,10,10,10,10,10,10,10,10,470,50
"Product 14",10,10,10,10,10,10,10,10,10,10,10,10,10,100,10,10,10,10,10,10,10,10,10,10,10,10,10,10,10,10,10,10,10,10,10,10,10,10,470,50
"Product 15",10,10,10,10,10,10,10,10,10,10,10,10,10,10,100,10,10,10,10,10,10,10,10,10,10,10,10,10,10,10,10,10,10,10,10,10,10,10,470,50
"Product 16",10,10,10,10,10,10,10,10,10,10,10,10,10,10,10,100,10,10,10,10,10,10,10,10,10,10,10,10,10,10,10,10,10,10,10,10,10,10,470,50
"Product 17",10,10,10,10,10,10,10,10,10,10,10,10,10,10,10,10,100,10,10,10,10,10,10,10,10,10,10,10,10,10,10,10,10,10,10,10,10,10,470,50
"Product 18",10,10,10,10,10,10,10,10,10,10,10,10,10,10,10,10,10,100,10,10,10,10,10,10,10,10,10,10,10,10,10,10,10,10,10,10,10,10,470,50
"Product 19",10,10,10,10,10,10,10,10,10,10,10,10,10,10,10,10,10,10,100,10,10,10,10,10,10,10,10,10,10,10,10,10,10,10,10,10,10,10,470,50
"Product 20",10,10,10,10,10,10,10,10,10,10,10,10,10,10,10,10,10,10,10,100,10,10,10,10,10,10,10,10,10,10,10,10,10,10,10,10,10,10,470,50
"Product 21",10,10,10,10,10,10,10,10,10,10,10,10,10,10,10,10,10,10,10,10,100,10,10,10,10,10,10,10,10,10,10,10,10,10,10,10,10,10,470,50
"Product 22",10,10,10,10,10,10,10,10,10,10,10,10,10,10,10,10,10,10,10,10,10,100,10,10,10,10,10,10,10,10,10,10,10,10,10,10,10,10,470,50
"Product 23",10,10,10,10,10,10,10,10,10,10,10,10,10,10,10,10,10,10,10,10,10,10,100,10,10,10,10,10,10,10,10,10,10,10,10,10,10,10,470,50
"Product 24",10,10,10,10,10,10,10,10,10,10,10,10,10,10,10,10,10,10,10,10,10,10,10,100,10,10,10,10,10,10,10,10,10,10,10,10,10,10,470,50
"Product 25",10,10,10,10,10,10,10,10,10,10,10,10,10,10,10,10,10,10,10,10,10,10,10,10,100,10,10,10,10,10,10,10,10,10,10,10,10,10,470,50
"Product 26",10,10,10,10,10,10,10,10,10,10,10,10,10,10,10,10,10,10,10,10,10,10,10,10,10,100,10,10,10,10,10,10,10,10,10,10,10,10,470,50
"Product 27",10,10,10,10,10,10,10,10,10,10,10,10,10,10,10,10,10,10,10,10,10,10,10,10,10,10,100,10,10,10,10,10,10,10,10,10,10,10,470,50
"Product 28",10,10,10,10,10,10,10,10,10,10,10,10,10,10,10,10,10,10,10,10,10,10,10,10,10,10,10,100,10,10,10,10,10,10,10,10,10,10,470,50
"Product 29",10,10,10,10,10,10,10,10,10,10,10,10,10,10,10,10,10,10,10,10,10,10,10,10,10,10,10,10,100,10,10,10,10,10,10,10,10,10,470,50
"Product 30",10,10,10,10,10,10,10,10,10,10,10,10,10,10,10,10,10,10,10,10,10,10,10,10,10,10,10,10,10,100,10,10,10,10,10,10,10,10,470,50
"Product 31",10,10,10,10,10,10,10,10,10,10,10,10,10,10,10,10,10,10,10,10,10,10,10,10,10,10,10,10,10,10,100,10,10,10,10,10,10,10,470,50
"Product 32",10,10,10,10,10,10,10,10,10,10,10,10,10,10,10,10,10,10,10,10,10,10,10,10,10,10,10,10,10,10,10,100,10,10,10,10,10,10,470,50
"Product 33",10,10,10,10,10,10,10,10,10,10,10,10,10,10,10,10,10,10,10,10,10,10,10,10,10,10,10,10,10,10,10,10,100,10,10,10,10,10,470,50
"Product 34",10,10,10,10,10,10,10,10,10,10,10,10,10,10,10,10,10,10,10,10,10,10,10,10,10,10,10,10,10,10,10,10,10,100,10,10,10,10,470,50
"Product 35",10,10,10,10,10,10,10,10,10,10,10,10,10,10,10,10,10,10,10,10,10,10,10,10,10,10,10,10,10,10,10,10,10,10,100,10,10,10,470,50
"Product 36",10,10,10,10,10,10,10,10,10,10,10,10,10,10,10,10,10,10,10,10,10,10,10,10,10,10,10,10,10,10,10,10,10,10,10,100,10,10,470,50
"Product 37",10,10,10,10,10,10,10,10,10,10,10,10,10,10,10,10,10,10,10,10,10,10,10,10,10,10,10,10,10,10,10,10,10,10,10,10,100,10,470,50
"Product 38",10,10,10,10,10,10,10,10,10,10,10,10,10,10,10,10,10,10,10,10,10,10,10,10,10,10,10,10,10,10,10,10,10,10,10,10,10,100,470,50
