Year,"Real GDP (USD bln)","Real GDP Growth (%)","GDP Deflator (2020=100)","Nominal GDP (USD bln)","GDP Deflator Growth (%)"
2020,15.9,0,100,15.9,0
2021,17.3,8.8,103.5,17.9,3.5
2022,18.7,8.1,107.8,20.1,4.2
2023,20.2,8,112.5,22.7,4.3
2024,21.6,6.9,117.5,25.4,4.4
2025,23,6.5,122.8,28.2,4.5
2026,24.6,7,128.5,31.6,4.6
,,,,,
2028,26.32,7,133.83,35.23,4.15
2029,28.16,7,139.39,39.26,4.15
2030,30.14,7,145.17,43.75,4.15
2031,32.25,7,151.2,48.75,4.15
2032,34.5,7,157.47,54.33,4.15
2033,36.92,7,164.01,60.55,4.15
2034,39.5,7,170.81,67.47,4.15
2035,42.27,7,177.9,75.19,4.15
2036,45.23,7,185.28,83.8,4.15
2037,48.39,7,192.97,93.38,4.15
2038,51.78,7,200.98,104.07,4.15
2039,55.4,7,209.32,115.97,4.15
2040,59.28,7,218.01,129.24,4.15
2041,63.43,7,227.06,144.03,4.15
2042,67.87,7,236.48,160.5,4.15
2043,72.62,7,246.29,178.87,4.15
