Year,"Real GDP","Project Allocation","Project Investment",Imports,"GDP Impact (I-M)",Multiplier,"% of GDP","Baseline GDP Growth"
2020,15.9,,,,,,,0
2021,17.3,,,,,,,8.8
2022,18.7,,,,,,,8.1
2023,20.2,,,,,,,8
2024,21.6,,,,,,,6.9
2025,23,,,,,,,6.5
2026,24.6,0.325,0.325,0.195,0.10400000000000001,0.8,0.42276422764227645,7
2027,0,0.65,0.65,0.39,0.20800000000000002,0.8,#DIV/0!,0
2028,26.32,0.975,0.975,0.585,0.31200000000000006,0.8,1.1854103343465048,7
2029,28.16,1.3,1.3,0.78,0.41600000000000004,0.8,1.4772727272727275,7
2030,30.14,1.3,1.3,0.78,0.41600000000000004,0.8,1.3802256138022562,7
2031,32.25,0.975,0.975,0.585,0.31200000000000006,0.8,0.9674418604651165,7
2032,34.5,0.65,0.65,0.39,0.20800000000000002,0.8,0.6028985507246377,7
2033,36.92,0.325,0.325,0.195,0.10400000000000001,0.8,0.28169014084507044,7
2034,39.5,,,,,,,7
2035,42.27,,,,,,,7
2036,45.23,,,,,,,7
2037,48.39,,,,,,,7
2038,51.78,,,,,,,7
2039,55.4,,,,,,,7
2040,59.28,,,,,,,7
2041,63.43,,,,,,,7
2042,67.87,,,,,,,7
2043,72.62,,,,,,,7
,,,,,,,,
,,Assumptions:,,,,,,
,,,,,,,,
,,"Total Investment (USD bln):",6.5,,,,,
,,"Exchange Rate (Lari/USD):",2.746,,,,,
,,"Demand Multiplier:",0.8,,,,,
,,"Project Duration (years):",8,,,,,
,,,,,,,,
,,,,,,,,
"SCENARIO 2 (Multiplier = 1.0):",,,,,,,,
Year,"Real GDP","Project Allocation","Project Investment",Imports,"GDP Impact (I-M)",Multiplier,"% of GDP",
2026,24.6,0.325,0.325,0.195,0.13,1,0.5284552845528455,
2027,0,0.65,0.65,0.39,0.26,1,#DIV/0!,
2028,26.32,0.975,0.975,0.585,0.39,1,1.4817629179331306,
2029,28.16,1.3,1.3,0.78,0.52,1,1.8465909090909092,
2030,30.14,1.3,1.3,0.78,0.52,1,1.7252820172528203,
2031,32.25,0.975,0.975,0.585,0.39,1,1.2093023255813955,
2032,34.5,0.65,0.65,0.39,0.26,1,0.7536231884057971,
2033,36.92,0.325,0.325,0.195,0.13,1,0.35211267605633806,
,,,,,,,,
"SCENARIO 3 (Import Share = 0.5):",,,,,,,,
Year,"Real GDP","Project Allocation","Project Investment",Imports,"GDP Impact (I-M)",Multiplier,"% of GDP",
2026,24.6,0.325,0.325,0.1625,0.1625,0.8,0.6605691056910569,
2027,0,0.65,0.65,0.325,0.325,0.8,#DIV/0!,
2028,26.32,0.975,0.975,0.4875,0.4875,0.8,1.8522036474164134,
2029,28.16,1.3,1.3,0.65,0.65,0.8,2.3082386363636362,
2030,30.14,1.3,1.3,0.65,0.65,0.8,2.1566025215660254,
2031,32.25,0.975,0.975,0.4875,0.4875,0.8,1.5116279069767442,
2032,34.5,0.65,0.65,0.325,0.325,0.8,0.9420289855072465,
2033,36.92,0.325,0.325,0.1625,0.1625,0.8,0.44014084507042256,
