,"Gold, Fixing Committee of the London Bullion Market Association, London 3 PM fixed price, US$ per troy ounce","Monthly log return","3-month volatility","12-month volatility"
1990M1,409.819061279297,,,
1990M2,417.181060791016,1.780457776374216,,
1990M3,392.703338623047,-6.046586283977909,,
1990M4,374.292114257813,-4.801791654598456,4.205911315509111,
1990M5,369.197631835938,-1.37044584198046,2.421774046313538,
1990M6,352.527618408203,-4.620311901862343,1.930833084171891,
1990M7,362.498565673828,2.789154824773979,3.714029803487648,
1990M8,394.631805419922,8.493267448770908,6.57524475318507,
1990M9,389.755004882813,-1.243484289288566,4.892228760325103,
1990M10,380.995208740234,-2.273154955719252,5.941105501529433,
1990M11,381.794097900391,0.2094652993430028,1.2473096059959,
1990M12,376.682342529297,-1.347921304939265,1.25465225425075,
1991M1,383.702270507813,1.846467513241765,1.59735975937521,13.78928931627756
1991M2,364.391662597656,-5.163762932392457,3.509703172359491,14.25050730482753
1991M3,362.760803222656,-0.4485612539770916,3.574064325372218,13.20351607199218
1991M4,358.323333740234,-1.230792711236744,2.526963516467781,12.44275872251703
1991M5,356.964294433594,-0.3799984477498231,0.4726587546187768,12.39463186216831
1991M6,366.910003662109,2.748083516812701,2.095240785444506,11.75397952625321
1991M7,367.792266845703,0.2401690162376031,1.656257810175541,11.44530149772392
1991M8,356.669525146484,-3.070863333095449,2.918695850392228,7.313009606507599
1991M9,348.742858886719,-2.247479656967142,1.723818040365721,7.440812568859346
1991M10,358.814361572266,2.847029944670165,3.20555376407657,8.157107752005235
1991M11,359.589996337891,0.2159327288215032,2.547714702201377,8.157723802514662
1991M12,361.532012939453,0.5386110176724812,1.435014040573798,8.16177125071791
1992M1,354.700958251953,-1.907553016685903,1.328974007298958,7.923480581328208
1992M2,353.779998779297,-0.2599815795328384,1.247394635485119,6.211917305744403
1992M3,344.183319091797,-2.750082779797621,1.266553856586964,6.700795120853877
1992M4,338.691589355469,-1.608449238772416,1.246481458450745,6.759915666998713
1992M5,337.098937988281,-0.4713455579389469,1.139369361331304,6.759212716540056
1992M6,341.021911621094,1.157026037266838,1.389991147179394,6.08459641460509
1992M7,352.254486083984,3.240715403687654,1.860678729686228,7.182597318111224
1992M8,342.892852783203,-2.693587040127227,3.010673455729375,7.035648865519643
1992M9,345.006500244141,0.6145242333143851,2.973674095443922,6.76070427249531
1992M10,344.892395019531,-0.03307882544350478,1.753154009187618,5.962190107984231
1992M11,335.050537109375,-2.895109239659772,1.867624825289787,6.443771812493717
1992M12,334.80712890625,-0.07267460721499384,1.64108313684676,6.355463796153124
1993M1,329.030548095703,-1.740403360837542,1.418966884548391,6.321201048058059
1993M2,329.299987792969,0.08185545030102777,1.010431088620724,6.351964195754446
1993M3,330.096954345703,0.2417260044352537,1.101137486838661,5.936963716655284
1993M4,342.05712890625,3.559135434087044,1.963086006082464,6.909621979426153
1993M5,366.667999267578,6.947903777996453,3.353152162349917,9.686301050243168
1993M6,371.809997558594,1.392616006224727,2.799963676763921,9.701263039828314
1993M7,392.399993896484,5.389874759676879,2.865506185393556,10.51436152031921
1993M8,378.700012207031,-3.553734499509686,4.480189866673002,10.86437091173209
1993M9,354.399993896484,-6.631816563297374,6.24478179545789,13.18767117963624
1993M10,362.380004882813,2.226719697343581,4.497441950605936,13.33246196344876
1993M11,374.167510986328,3.201018899711896,5.417680574739203,13.07395581056336
1993M12,383.302001953125,2.411960783408184,0.5173950628882554,13.10417561963937
1994M1,387.077514648438,0.9801773908908428,1.125814771716907,12.73181827265852
1994M2,382.304992675781,-1.240626902959225,1.84044252836441,12.94290102936258
1994M3,383.877502441406,0.4104797443502241,1.153449918060769,12.92974211169536
1994M4,377.321044921875,-1.722709453301214,1.118708548514056,12.98289540727168
1994M5,381.589996337891,1.125032107979783,1.481593355883715,11.16154062315434
1994M6,385.743194580078,1.082512485683544,1.632008478587497,11.13368012306257
1994M7,385.399993896484,-0.08901088964598271,0.688981777372472,9.654614866292864
1994M8,380.761352539063,-1.210893255773004,1.146792407639399,9.016749987200336
1994M9,391.928100585938,2.890559850922247,2.119684702493011,5.76665764463737
1994M10,389.594451904297,-0.5972074919991341,2.212202855429696,5.716408544305001
1994M11,384.441253662109,-1.331534021666269,2.255727272207031,5.247225910319407
1994M12,379.399993896484,-1.319994954464128,0.4206721443399698,4.864112215927925
1995M1,378.549987792969,-0.2242909111126217,0.6359622376836179,4.723390188351996
1995M2,376.505249023438,-0.5416143530420139,0.5637874714945176,4.603265586885666
1995M3,381.661895751953,1.36031382567964,1.018904406350105,4.817354034406444
1995M4,391.04443359375,2.428606740458021,1.504481853942514,5.027317901223737
1995M5,385.219055175781,-1.500904746773513,2.031784191271358,5.237314168799172
1995M6,387.490478515625,0.5879129953211455,1.966060932904511,5.156650142659024
1995M7,386.240478515625,-0.3231100103055944,1.047244234305941,5.168224327871474
1995M8,383.697631835938,-0.6605351497739229,0.6458123324565492,5.05347605048154
1995M9,383.217498779297,-0.125211539113834,0.270675358370964,4.004275976275479
1995M10,383.069030761719,-0.03875000113200828,0.3368144238677224,3.980784455965028
1995M11,385.676300048828,0.6783206816928489,0.4410838906587023,3.829419026226005
1995M12,387.557678222656,0.4866268010381582,0.3712496222907205,3.552453380446493
1996M1,400.070587158203,3.177631469187074,1.501377538593854,4.605690815467589
1996M2,404.484222412109,1.09717311413044,1.410825992787849,4.50709847891717
1996M3,396.326324462891,-2.037480699188738,2.62525415992506,5.118860572812776
1996M4,393.144989013672,-0.8059450964540154,1.57927163557645,4.662959216211775
1996M5,391.94287109375,-0.3062380455685448,0.8910282639757461,4.375142745245089
1996M6,385.272491455078,-1.716523821415504,0.7150485671865797,4.713955134999257
1996M7,383.586364746094,-0.4386057072647899,0.7788347999729885,4.722719398903035
1996M8,387.471435546875,1.007733448134598,1.36299604606987,4.784568499581268
1996M9,382.964996337891,-1.169853972823201,1.10818981182808,4.945164643674029
1996M10,381.072723388672,-0.4953359682100931,1.114755517651871,4.969532639548794
1996M11,378.516662597656,-0.6730137324655949,0.3496174459073719,4.939032850177359
1996M12,368.977661132813,-2.552399135110182,1.139822190241492,5.419198203400226
1997M1,355.200012207031,-3.805505778784994,1.5766458158778,4.845622760619245
1997M2,346.713195800781,-2.418313236776596,0.7651316267106837,4.451914776806339
1997M3,351.805267333984,1.457989159859678,2.72807631821124,5.127734612199598
1997M4,344.583343505859,-2.074181752446044,2.145552691127019,5.233019324503294
1997M5,343.702789306641,-0.2558687841136338,1.766342853500086,5.241575696016862
1997M6,340.476318359375,-0.9431725784368492,0.9181349127615471,5.198328848043154
1997M7,324.088623046875,-4.932856725268024,2.525344276822163,6.435952520806702
1997M8,324.049987792969,-0.01192191093251807,2.614077493245068,6.090528338566169
1997M9,324.476196289063,0.1314391208607822,2.883378927852228,6.300439359643167
1997M10,323.883331298828,-0.182881605112033,0.1573621731584762,6.3558636191276
1997M11,305.346160888672,-5.893727559332502,3.391538307703545,7.738471255930192
1997M12,287.619995117188,-5.980593928605299,3.322518509226914,8.794208257776036
1998M1,289.5,0.6515149531424549,3.804221635949934,8.965643473074623
1998M2,297.455261230469,2.710853424547313,4.541787464787205,9.934866150613262
1998M3,295.954559326172,-0.5057904509177286,1.629265098116421,9.53099391616936
1998M4,308.285003662109,4.08187649295606,2.354895258236485,10.96480709650394
1998M5,298.978942871094,-3.065154594847713,3.621166620928961,11.13561139354624
1998M6,292.538635253906,-2.177640144301018,3.895494915113718,11.17752967424114
1998M7,292.752258300781,0.07299722538428495,1.617665360768341,10.48481076611272
1998M8,284.109985351563,-2.996528098598439,1.589440769898261,10.64887240836866
1998M9,288.981811523438,1.70023146715485,2.385002704773343,10.95725157882814
1998M10,295.714996337891,2.303239004938173,2.901456526782352,11.42308027185858
1998M11,293.716674804688,-0.6780528726893037,1.576280207290734,9.962419628945264
1998M12,291.678955078125,-0.6961883050896555,1.726508728699663,7.870937336060524
1999M1,286.9368286,-1.63916463740936,0.5497376770646766,8.032829115239652
1999M2,287.655,0.2499763269263775,0.9445709305750556,7.458503287452958
1999M3,286.2136364,-0.5023333005173668,0.9510703485385633,7.458389502506691
1999M4,282.6175,-1.264411907295319,0.7571993685507938,5.774390840736238
1999M5,276.91,-2.040184967002338,0.7689359955144117,5.399960352404682
1999M6,261.3136364,-5.797118572203784,2.424245713074643,7.376372072560122
1999M7,256.6931818,-1.783983136516273,2.24668071893505,7.331605740592346
1999M8,256.9052632,0.08258646969002602,3.00444863215797,7.103613433884915
1999M9,264.3108696,2.84185555026446,2.327231241552381,7.621604124751413
1999M10,310.7815789,16.1964400030657,8.617953812256314,18.53290234876673
1999M11,293.1840909,-5.828963848000638,11.0953928107338,19.55184281746366
1999M12,282.9526316,-3.552120418000859,12.11272106445546,19.86642144770881
2000M1,284.065625,0.3925781282971686,3.147810010910614,19.81561216111444
2000M2,299.715,5.36267377088092,4.467214880805046,20.55532781375341
2000M3,286.924,-4.361465079087925,4.862469432424706,21.08377905373517
2000M4,279.6526316,-2.566914077165978,5.174579743191157,21.21023785418195
2000M5,276.7409091,-1.046650928894109,1.659297350728997,21.13360541025477
2000M6,285.7318182,3.197195003536874,2.987372921493777,20.34365844212145
2000M7,281.5857143,-1.461677977579074,2.578357784958073,20.30247045710864
2000M8,274.425,-2.575889295492337,3.062544329987618,20.57310190297266
2000M9,273.53,-0.3266694512872454,1.124625946947629,20.43150627258264
2000M10,269.9285714,-1.325393143212556,1.126956043748336,10.77973157647159
2000M11,266.2973684,-1.354376294519481,0.5851595781635064,9.528046544427324
2000M12,271.45,1.916434966827246,1.88009289776935,9.373939401023533
2001M1,265.4863636,-2.221448219377142,2.182204439433586,9.512749122589451
2001M2,262.0894737,-1.287753002360107,2.170279727087365,6.980617678925338
2001M3,263.0272727,0.3571777146449055,1.305558343496386,6.131984155903092
2001M4,260.3305556,-1.030553407625529,0.8848489855144978,5.812598449867058
2001M5,272.0931818,4.419239657159501,2.832148458371091,7.635151868427012
2001M6,270.202381,-0.6973350297485309,3.054794468346496,6.715394983699544
2001M7,267.5261905,-0.9953767523830342,3.043743206908952,6.655874157595473
2001M8,272.0921053,1.692316144827306,1.473259126013795,6.51960284632037
2001M9,284.4723529,4.449543958559071,2.722534354695314,7.915469434468032
2001M10,282.2671429,-0.7782133221999128,2.615188560785963,7.809065839259612
2001M11,277.184375,-1.817103928323706,3.358561587351379,7.933412258980439
2001M12,275.8357143,-0.4877448034011166,0.6989112169320207,7.772902048281819
2002M1,281,1.854921888456878,1.859169012904196,7.489297305678165
2002M2,295.2875,4.959478868613159,2.73247772193208,8.432929695533899
2002M3,294.0475,-0.4208139105503844,2.700765257584099,8.532309547112995
2002M4,302.6833333,2.894583547189836,2.714258750277436,8.451346727292087
2002M5,314.4931818,3.827524202796388,2.23273432122248,8.227500113685167
2002M6,321.1777778,2.103239833347625,0.8631106270390686,7.993745263289036
2002M7,313.2913043,-2.486135236147037,3.263377994915288,8.604892873763639
2002M8,310.2809524,-0.9655257282655794,2.33780305971589,8.884023865152963
2002M9,319.1357143,2.813826388585094,2.729021464500796,8.344325602372404
2002M10,316.5565217,-0.8114639779053339,2.138923704710545,8.351936574993191
2002M11,320.4357143,1.217986762442523,1.816961963518303,7.785053733202478
2002M12,332.0361111,3.556205454032318,2.185652962079487,7.873748106442478
2003M1,356.8590909090909,7.20972691527624,3.019835419813189,9.710149426802204
2003M2,358.97,0.5897819008986993,3.31591012538383,9.22417418361906
2003M3,340.55,-5.267686184955394,6.242588165763905,11.41216588214558
2003M4,328.18,-3.699971934032312,3.032316175072884,12.23446019832984
2003M5,355.6825,8.047624063410376,7.277376206457853,14.01883307736755
2003M6,356.352380952381,0.1881596444046257,5.984629755242278,13.98901681445351
2003M7,351.0195652173913,-1.507811215269128,5.09826508849682,13.76569643975057
2003M8,359.7675,2.461602620417574,1.991695522286904,13.67240553992628
2003M9,378.9454545454546,5.193428584326299,3.369612592660783,14.17052402900535
2003M10,378.9195652173912,-0.006832173909165396,2.601241863180373,14.0539526875153
2003M11,389.91,2.859198968079644,2.604658466474269,14.11391619597881
2003M12,406.9526315789473,4.278085108089609,2.182807385712796,14.23900308908296
2004M1,413.7880952380953,1.665720119331341,1.307802257938366,12.9145015599202
2004M2,404.8775,-2.176944331809485,3.246996714619925,13.35382238883581
2004M3,406.6673913043479,0.4411078735820863,1.962988477918985,11.52438863269528
2004M4,403.26,-0.841411574361288,1.309115555806401,10.42519980242654
2004M5,383.778947368421,-4.951478627156038,2.817134965432223,9.905020889114137
2004M6,392.3727272727272,2.214549397435739,3.595912176552014,10.01231468094267
2004M7,398.0909090909091,1.446817109030134,3.934453770719924,9.699657862737809
2004M8,400.5095238095238,0.6057152021711928,0.8046958796376507,9.581563283415996
2004M9,405.275,1.182830300289702,0.4301556480676742,8.382691538280088
2004M10,420.4642857142857,3.679369387535611,1.633662516241309,8.905085841105487
2004M11,439.375,4.399371966193639,1.688058619436201,9.400390986737467
2004M12,442.078947368421,0.6135217518898995,2.010409878748297,8.69190699265925
2005M1,424.03,-4.168427263788656,4.293539369001174,9.857263913961882
2005M2,423.35,-0.1604947357655659,2.566763885417366,9.526688067271957
2005M3,434.3214285714286,2.558561871750939,3.384010806073479,9.775563519871772
2005M4,429.2333333333334,-1.178420719416696,1.931945523289985,9.833464326961911
2005M5,421.8725,-1.729753592831859,2.333047232975869,8.283428836427781
2005M6,430.6568181818182,2.060839173077647,2.047981368136119,8.255944220888619
2005M7,424.4785714285714,-1.445000249260019,2.111105083396596,8.502333079647036
2005M8,437.9295454545454,3.119651738977774,2.389143566170669,8.888097473369372
2005M9,456.0477272727272,4.053942679788576,2.94242872110603,9.486221039036492
2005M10,469.8976190476191,2.991737005258244,0.5798768024601266,9.296063168535369
2005M11,476.6659090909091,1.430100610307674,1.319819200409448,8.528384364386293
2005M12,510.0972222222222,6.778549409390703,2.750289711119496,10.48151288222577
2006M1,549.8642857142856,7.507015517245587,3.318269182693251,10.4696098073637
2006M2,554.995,0.9287610165672178,3.606108691900479,10.26017552896554
2006M3,557.0934782608696,0.3773945675277625,3.966714260011617,10.42067214589963
2006M4,610.6527777777778,9.179546212151706,4.93047216940661,11.93159420201601
2006M5,675.3928571428571,10.07660196584302,5.359682931475835,12.7091192031404
2006M6,596.1454545454545,-12.48098436116186,12.77254865354444,20.78517948304492
2006M7,633.7095238095238,6.110599656913522,12.04312301354226,20.50901049393868
2006M8,632.5931818181818,-0.1763152326183953,9.456718753460459,20.8101713852965
2006M9,598.1857142857143,-5.592626804002499,5.857007760822531,22.47887559813263
2006M10,585.7795454545455,-2.095774824419792,2.746170968517766,22.87072203161233
2006M11,627.8272727272728,6.932156870972964,6.462735883106063,23.4192028866905
2006M12,629.7911764705883,0.3123213309998437,4.674838684680557,22.9569693693628
2007M1,631.1659090909092,0.2180459875648066,3.849467395440803,22.1065783741005
2007M2,664.745,5.183475007561563,2.839968055386257,22.46681067370496
2007M3,654.8954545454545,-1.492789695515626,3.467827236966528,22.64621301071788
2007M4,679.3684210526316,3.668796249039747,3.500207888828487,21.19092594287509
2007M5,666.8595238095237,-1.8584159252198,3.091001089780946,18.76818395265839
2007M6,655.4904761904762,-1.719564073132142,3.151819083684511,13.32268589927472
2007M7,665.2954545454545,1.484746051480645,1.891367019467645,12.04994681651138
2007M8,665.4113636363637,0.01742068044120882,1.604045050974674,12.04129931172305
2007M9,712.6525,6.858848298717223,3.601831722988527,11.68964008772767
2007M10,754.6043478260871,5.719964494796632,3.665633054230101,11.70955981534561
2007M11,806.2477272727273,6.619747994321953,0.6005324887704191,11.57258826572955
2007M12,803.2029411764706,-0.3783638465414013,3.807290993213254,11.70778598371639
2008M1,889.5954545454545,10.2159403180484,5.387415108353693,14.05610770414784
2008M2,922.297619047619,3.610115476592794,5.350765831151428,13.85906127945818
2008M3,968.4342105263158,4.881258259438921,3.505033487163467,13.19057923646087
2008M4,909.7045454545455,-6.256067982708051,6.096411729465385,16.23708798225003
2008M5,888.6625,-2.340234808039154,5.649834030003102,16.38250458158897
2008M6,889.4880952380952,0.09285999730640866,3.203190760243265,15.98153367204183
2008M7,939.7717391304348,5.499089170314645,4.012527562532074,16.19407641708954
2008M8,839.025,-11.3396511662491,8.5972166183609,21.49704929930346
2008M9,829.9318181818181,-1.08969527535847,8.485446878420388,20.97281555999854
2008M10,806.6195652173913,-2.849141209604694,5.4809671452615,20.73844628438864
2008M11,760.8625,-5.839948032641487,2.40157853318511,20.505402677101
2008M12,816.0921052631579,7.007456446625518,6.722514964200723,21.83357825929325
2009M1,858.6904761904761,5.088130396309205,6.930157676063487,19.75318723914946
2009M2,943.1625,9.383006350865557,2.151472724282308,21.74159105580001
2009M3,924.2727272727273,-2.023140268626964,5.760733614167105,21.20480646280194
2009M4,890.2,-3.756103089503647,7.138388447097151,20.58862793759889
2009M5,928.6447368421053,4.22800944989029,4.199723919171479,20.88263698373428
2009M6,945.6704545454545,1.816790056364675,4.095061457021277,20.92907831515667
2009M7,934.2282608695652,-1.217335262135232,2.728603869040609,20.24925539630839
2009M8,949.375,1.608307432708606,1.694778161080515,16.08504191662633
2009M9,996.5909090909091,4.853649053203064,3.037909078892951,16.32694570198018
2009M10,1043.159090909091,4.56686115186037,1.796641758168873,15.83639664720565
2009M11,1127.035714285714,7.733722783150821,1.75147959270781,14.09324389233167
2009M12,1134.723684210526,0.6798247009774473,3.533070975698085,13.67906681050739
2010M1,1117.9625,-1.488133912881248,4.821828208388126,14.02748589476525
2010M2,1095.4125,-2.037682747204789,1.436830725569068,12.17321267503016
2010M3,1113.336956521739,1.623076801709064,1.97411568838858,11.63899817000792
2010M4,1148.6875,3.125821356750827,2.655848147774952,10.15587048485326
2010M5,1205.434210526316,4.821985647768887,1.600428708462838,10.3063412353029
2010M6,1232.920454545455,2.254586562921595,1.305600846926942,10.29908830010253
2010M7,1192.965909090909,-3.294314142595342,4.148416553088405,11.22132384913652
2010M8,1215.809523809524,1.896756274588089,3.105520719382711,11.21299793689886
2010M9,1270.977272727273,4.437598096656902,3.940929588232311,11.10719204008265
2010M10,1342.02380952381,5.439266957616931,1.826134332917687,11.35631433082113
2010M11,1369.886363636364,2.05490099358473,1.738510807679235,9.560567409876924
2010M12,1390.552631578947,1.497345465646365,2.1332114363909,9.507095411774289
2011M1,1356.4,-2.486711353609067,2.476887146466074,9.915420486775814
2011M2,1372.725,1.196368412265174,2.21842182972151,9.112012247785286
2011M3,1424.010869565217,3.667963069029504,3.097145835491642,9.276937113087698
2011M4,1473.805555555556,3.437042280645517,1.365205963844299,9.321388221336436
2011M5,1510.4375,2.455147507231398,0.6439931862353551,8.849550555222242
2011M6,1528.659090909091,1.199159599994585,1.121735401178333,8.863696454634535
2011M7,1572.809523809524,2.84725857528399,0.8609575042904501,6.937747889434426
2011M8,1755.806818181818,11.00649510223334,5.25155850817208,11.09212216220836
2011M9,1771.852272727273,0.9097004436042463,5.358366271462225,11.17577579976852
2011M10,1665.214285714286,-6.207166589226764,8.649712977603738,13.8807861059539
2011M11,1738.977272727273,4.334335084478216,5.377440164291238,14.11201856745831
2011M12,1652.305555555556,-5.112554713908132,5.796049797882018,15.8087633564935
2012M1,1656.119047619048,0.2305323052390284,4.736973418543496,15.29826998451784
2012M2,1742.619047619048,5.091223929172015,5.103789450890541,15.6600040469525
2012M3,1673.772727272727,-4.030898474435604,4.564340633273888,16.62207507224366
2012M4,1650.065789473684,-1.426503705951207,4.698878638961953,16.66631173997104
2012M5,1585.504545454545,-3.991247764345979,1.492333540353853,17.26358089896521
2012M6,1596.697368421053,0.7034669343598126,2.350710286838927,17.24578710699711
2012M7,1593.909090909091,-0.1747804536416815,2.495899547606362,17.03435025598162
2012M8,1626.034090909091,1.995443033496426,1.091664684430571,12.53628736922703
2012M9,1744.45,7.02953427017627,3.695810583240676,14.67314921461384
2012M10,1747.010869565217,0.1466933252362466,3.562149387105854,13.09288679354439
2012M11,1721.136363636364,-1.492150377123995,4.521769885456755,12.46402845771121
2012M12,1688.529411764706,-1.912676964408617,1.088091393316047,11.42355599001216
2013M1,1670.954545454545,-1.046293232217586,0.4332535777275389,11.48865295918147
2013M2,1627.5875,-2.629619014496267,0.7928374368281297,10.34835198965459
2013M3,1592.8625,-2.15661450223872,0.8127594072156684,9.82063019985502
2013M4,1485.083333333333,-7.006182467089644,2.673834648617971,11.82865583517495
2013M5,1413.5,-4.940198925145392,2.433616639240899,12.13522425837665
2013M6,1342.3625,-5.163777685261016,1.133779140578371,12.66620778972394
2013M7,1286.723913043478,-4.233173547730433,0.485780541512338,12.87043718571633
2013M8,1347.095238095238,4.585121296412889,5.380046148716506,13.91796325674213
2013M9,1348.797619047619,0.1262944240643112,4.409240713791254,10.57674278022017
2013M10,1316.184782608696,-2.447630766348869,3.558225904850639,10.27786222944852
2013M11,1275.821428571429,-3.114700649430625,1.711438098071148,10.25649806450738
2013M12,1225.402777777778,-4.032064072821708,0.7955047435591371,10.34384045596543
2014M1,1244.795454545455,1.570163474086821,3.004842230848321,11.09589964601364
2014M2,1300.975,4.414276047681525,4.297568910633131,13.03952651028147
2014M3,1336.083333333333,2.662846506066296,1.434714720708022,13.79152909069587
2014M4,1299,-2.814771073023751,3.771182883733252,12.5339505336029
2014M5,1287.525,-0.887296684549683,2.778577829719624,11.8197492992177
2014M6,1279.095238095238,-0.6568788082413213,1.184957730775901,10.81162237027285
2014M7,1310.967391304348,2.461234856471785,1.870311413687055,10.28362156425593
2014M8,1295.9875,-1.149237850342976,1.957914001306148,9.122275899704466
2014M9,1238.818181818182,-4.511510685252752,3.487108930825687,10.00928351366998
2014M10,1222.489130434783,-1.326879490184218,1.892014403450326,9.858494480145891
2014M11,1176.3,-3.851513208321239,1.68083550300208,10.08715306800273
2014M12,1202.289473684211,2.185371482701917,3.031876731223402,9.741251790088064
2015M1,1251.845238095238,4.03910194810501,4.125976671405546,10.50240687090781
2015M2,1227.1875,-1.989368750213622,3.087804819262745,9.502120681340795
2015M3,1178.629545454545,-4.037260441991148,4.198490776415917,9.44151350846045
2015M4,1197.91,1.622601029225621,2.865723234548815,9.575883292619874
2015M5,1199.052631578947,0.09533996487432735,2.928166216675319,9.602513099608906
2015M6,1181.504545454545,-1.474310648422671,1.548504189299102,9.64312884090163
2015M7,1130.036956521739,-4.453832775110228,2.31071157039928,9.679672135438693
2015M8,1117.475,-1.117866118526002,1.831815053444506,9.680035470170932
2015M9,1124.531818181818,0.6295111530253087,2.582711312899939,9.131343204868793
2015M10,1159.245454545455,3.040253583035515,2.087860381886181,9.873997731898482
2015M11,1085.702380952381,-6.554218998672258,4.99118493074544,11.17594705277111
2015M12,1068.252631578947,-1.62028742770319,4.797885426256803,10.75609005581209
2016M1,1097.375,2.689670527669096,4.625453345336094,10.13520223336219
2016M2,1199.911904761905,8.932717713646252,5.305928967622947,14.16900136584356
2016M3,1246.338095238095,3.796158665015789,3.331270854205989,14.0115355195821
2016M4,1242.261904761905,-0.3275893370959454,4.63937537316921,13.97150160823893
2016M5,1259.3975,1.369959731838173,2.072575358087605,14.00892992689948
2016M6,1276.404545454545,1.34137445694361,0.9719336487294049,13.87830410019123
2016M7,1337.326190476191,4.662506373010288,1.909258045513635,13.20309207814208
2016M8,1341.088636363637,0.2809459031148167,2.285916959451311,12.98395836933357
2016M9,1326.029545454545,-1.129252617359812,3.020242932310586,13.23230217241291
2016M10,1266.569047619048,-4.587746573017501,2.505128297965891,14.336697985086
2016M11,1235.979545454545,-2.444789751162479,1.745665218575682,12.53185534343025
2016M12,1151.402777777778,-7.08828041349514,2.324038832108132,14.80421800068482
2017M1,1192.616666666666,3.516876689907952,5.316214653830564,14.95246254993971
2017M2,1234.3575,3.440081911396643,6.10084239907447,12.45021420613062
2017M3,1231.093478260869,-0.2647810623605121,2.161513453100842,11.83021290034199
2017M4,1265.627777777778,2.766548492968128,1.973516987219589,12.16587331430416
2017M5,1245.004761904762,-1.642891136528011,2.255781612350137,12.21069616864621
2017M6,1260.256818181818,1.217616941547238,2.236994012132201,12.1954237524971
2017M7,1236.221428571428,-1.92560318281218,1.738882079384429,11.11698559981345
2017M8,1282.315909090909,3.660825477017462,2.800514413143254,11.91275232016382
2017M9,1314.978571428571,2.515262291539047,2.950756579381358,12.21418279856916
2017M10,1279.513636363637,-2.734033587225376,3.409830022309651,11.59092728363965
2017M11,1282.284090909091,0.2162899588837014,2.631374483543202,11.25808747873442
2017M12,1261.255882352941,-1.653497713996313,1.492652713667544,8.282290657889204
2018M1,1331.665909090909,5.432276507503805,3.672211366808732,9.153620919575772
2018M2,1331.525,-0.01058197446977914,3.708820048210558,8.75873243589828
2018M3,1324.657142857143,-0.5171236066138576,3.298399980741932,8.790478144839717
2018M4,1334.74,0.7582850484189778,0.6421848333766056,8.476922290472347
2018M5,1303.02619047619,-2.404711825446341,1.591341454312972,8.712391711451131
2018M6,1281.566666666667,-1.660611023743077,1.6537479370155,8.884104311713577
2018M7,1238.525,-3.416213238642433,0.8811886147842661,9.37369679680019
2018M8,1201.245454545455,-3.056225809404753,0.9273142865398962,8.919726777733214
2018M9,1198.4725,-0.2311068077317853,1.744314158394402,8.292845715257075
2018M10,1215.393478260869,1.402004550405032,2.255517975352105,8.257270392610398
2018M11,1220.945454545455,0.4557646574012085,0.8199812043375639,8.281106495916063
2018M12,1247.923529411765,2.185547220130843,0.8661655696917363,8.53736418774257
2019M1,1291.745454545455,3.451337578433131,1.503763615660958,7.276633239606915
2019M2,1320.065,2.168660846574968,0.7357275287352557,7.671645433287077
2019M3,1300.897619047619,-1.462647542119816,2.548820314618484,7.788861565493057
2019M4,1286.445,-1.117190221493997,2.004268720161586,7.775843178393338
2019M5,1283.947619047619,-0.1943190872643199,0.6557043236302419,7.431927741401514
2019M6,1359.0425,5.684099837349355,3.689287344193816,9.194402923273579
2019M7,1412.978260869565,3.891931082040064,3.012892252385384,8.699135245057178
2019M8,1498.797619047619,5.896348086842174,1.101105936173544,8.641555546009938
2019M9,1511.314285714286,0.8316460785511691,2.550628623970503,8.425784031958237
2019M10,1494.8,-1.09872415200084,3.612676092280731,8.952283666838982
2019M11,1470.016666666667,-1.671868003433911,1.311640566881447,9.516260383563722
2019M12,1476.044444444444,0.4092098542313778,1.074960766047748,9.551966764667775
2020M1,1560.672727272727,5.575112660023875,3.731312673065843,10.25963941788846
2020M2,1597.1025,2.307408627866967,2.613031445942339,10.26931629271568
2020M3,1591.927272727273,-0.3245646597637878,2.955541842770216,9.958920158161856
2020M4,1682.93,5.559091853071048,2.947262604092689,10.1475334831595
2020M5,1716.381578947368,1.968201975105621,2.96559951551871,9.806580069645893
2020M6,1732.218181818182,0.9184431533019722,2.433519538114076,9.215777799363066
2020M7,1843.313043478261,6.216174641768053,2.805150747124263,9.990794664139395
2020M8,1968.030952380952,6.54690066913258,3.15845090291036,10.26955157162811
2020M9,1922.213636363636,-2.35560688163259,5.047102450606684,11.20816103653146
2020M10,1900.275,-1.147884498477029,4.829129542368732,11.22310569160533
2020M11,1863.492857142857,-1.95460056443828,0.6151138420764745,11.32709759596154
2020M12,1855.955263157895,-0.4053076725242364,0.7748676896151738,11.47832039078373
2021M1,1866.985,0.5925300076208928,1.283475921860318,10.80366304816726
2021M2,1808.175,-3.20067809263814,1.966308025778082,11.71647026659885
2021M3,1718.228260869565,-5.102437028369154,2.89936097219475,13.20114049885403
2021M4,1761.6775,2.497280107719837,3.954725343417752,12.27837789806047
2021M5,1855.56,5.19200571783594,5.338426705145674,13.12687573648558
2021M6,1834.565909090909,-1.137864557514515,3.176556850683947,13.24151469870072
2021M7,1807.093181818182,-1.508831429960687,3.766211460794277,11.76033018599697
2021M8,1783.969047619048,-1.287889340046862,0.1866097813270973,9.216782658794218
2021M9,1777.252272727273,-0.3772179402612314,0.5998175966564933,9.067923122793138
2021M10,1776.854761904762,-0.0223690969515049,0.6527865380645481,9.07081823476799
2021M11,1820.234090909091,2.412030055045094,1.518339076763397,9.383864242297648
2021M12,1786.652631578947,-1.862128327210299,2.143962186123634,9.531284474866872
2022M1,1816.765,1.671361605831637,2.284096128127894,9.703114661095944
2022M2,1856.295,2.152511871675362,2.192198007014074,9.384993991114873
2022M3,1947.828260869565,4.813247386332334,1.692260092055938,8.442544570507193
2022M4,1933.9,-0.7176350176479958,2.766101854352341,8.451430102740327
2022M5,1849.833181818182,-4.444322635179262,4.657994265570217,8.453809497163064
2022M6,1837.064090909091,-0.6926768510051884,2.158844968907132,8.401480715486368
2022M7,1737.380476190476,-5.579018911538887,2.557300675257531,10.03249962276688
2022M8,1764.132608695652,1.528062434775408,3.6359003234201,10.13322282767748
2022M9,1683.208181818181,-4.695752533612898,3.873556451940883,11.13589817011853
2022M10,1666.626666666667,-0.9899980942521391,3.130737867058993,11.13711222203591
2022M11,1727.898636363636,3.610438567155672,4.161118520361119,11.54008935259124
2022M12,1797.408181818182,3.943971911193219,2.757393756848562,12.19798892419007
2023M1,1896.059545454545,5.34320809086586,0.9193835435033785,13.23867365995111
2023M2,1853.409,-2.275116307103592,4.055321335113488,13.32334768829669
2023M3,1913.648260869565,3.198485829307921,3.92850736199827,12.77167719290458
2023M4,1999.6685,4.396991242971905,3.557006108468307,13.52454165439399
2023M5,1989.826956521739,-0.4933738388171685,2.548918518015454,12.56223188100528
2023M6,1944.728636363636,-2.292522967604444,3.461748320196524,12.84169221468076
2023M7,1950.27,0.284537577152281,1.32182479991697,11.0383387995014
2023M8,1919.302173913043,-1.600615564082348,1.333777797104716,11.30389244479203
2023M9,1915.434761904762,-0.2017042307835744,0.9787054698361422,9.74901642864128
2023M10,1913.984545454546,-0.07574080575388546,0.8463709521110377,9.578935595226412
2023M11,1985.777727272728,3.682342103423561,2.20699153687264,9.599305591820679
2023M12,2034.704285714285,2.433985463288025,1.913997013178672,9.233215524624288
2024M1,2034.006086956522,-0.03432039642370841,1.89140636634176,7.975192445954864
2024M2,2024.44619047619,-0.4711113256144994,1.566466697475689,7.456521486017352
2024M3,2162.346190476191,6.589765453324288,3.956540588022406,9.237094659132172
2024M4,2333.550454545454,7.619707650321008,4.404129000492416,10.93011830714771
2024M5,2350.596521739131,0.7278226976126552,3.717553675957772,10.7803434662641
2024M6,2328.2625,-0.9546853737843145,4.543294093927702,10.35668738676499
2024M7,2393.962173913043,2.782752539598764,1.871808938887475,10.33813319579973
2024M8,2468.328636363637,3.059144951821251,2.241861904930752,9.744261677959239
2024M9,2569.049047619048,3.999455389232665,0.6378273419124462,9.567376172531844
2024M10,2689.128695652174,4.568142613218624,0.7620873549592615,9.3564831159547
2024M11,2652.199523809524,-1.38279314673054,3.283941759548649,10.18918870952067
2024M12,2640.605454545455,-0.438107500881487,3.198140282347499,10.57957996736329
2025M1,2707.467391304348,2.500542627383724,2.025191031332684,10.30290868007444
2025M2,2894.38,6.675726975914572,3.574783673730543,10.61681457842586
2025M3,2986.256190476191,3.12495669089656,2.252037110554829,9.870432639584287
2025M4,3222.011818181818,7.598546006360103,2.361940090382955,9.858919298090541
2025M5,3288.009545454546,2.027642759588134,2.951046769429677,9.660616697285867
2025M6,3351.858571428571,1.923260912663916,3.246914418582467,8.834821661791565
2025M7,3341.649130434783,-0.3050552674573788,1.317685385688345,9.449806870420796
2025M8,3367.256190476191,0.7633789171296412,1.114470789878107,9.652336850748993
2025M9,3666.523636363636,8.51457491730954,4.813322962293496,11.28975848326217
