Year,"Real GDP Growth (%)","GDP Deflator Growth (%)","GDP Deflator (Index)"
2020,-6.3,3,100
2021,10.6,3,103
2022,11,3,106.09
2023,7.8,3,109.2727
2024,9.4,3,112.550881
2025,7.2,3,115.92740743
2026,5.3,3,119.4052296529
2027,5,3,122.987386542487
2028,5,3,126.67700813876162
2029,5,3,130.47731838292447
2030,5,3,134.39163793441222
2031,5,3,138.4233870724446
2032,5,3,142.57608868461793
2033,5,3,146.85337134515646
2034,5,3,151.25897248551115
2035,5,3,155.7967416600765
2036,5,3,160.4706439098788
2037,5,3,165.28476322717515
2038,5,3,170.2433061239904
2039,5,3,175.3506053077101
2040,5,3,180.61112346694142
2041,5,3,186.02945717094966
2042,5,3,191.61034088607815
2043,5,3,197.3586511126605
