,Year,"Real GDP","Project Allocation (%)","Project Investment",Imports,"GDP impact",,,"Baseline GDP Growth","Projected Growth"
,,,,,,I-M,Multiplier,"% of GDP",,
,2020,,,,,,,,,
,2021,,,,,,,,,
,2022,,,,,,,,,
,2023,,,,,,,,,
,2024,,,,,,,,,
,2025,,,,,,,,,
,2026,,,,,,,,,
,2027,,,,,,,,,
,2028,,,,,,,,,
,2029,,,,,,,,,
,2030,,,,,,,,,
,2031,,,,,,,,,
,2032,,,,,,,,,
,2033,,,,,,,,,
,2034,,,,,,,,,
,2035,,,,,,,,,
,2036,,,,,,,,,
,2037,,,,,,,,,
,2038,,,,,,,,,
,2039,,,,,,,,,
,2040,,,,,,,,,
,2041,,,,,,,,,
,2042,,,,,,,,,
,,,,,,,,,,
,,,,,,,,,,
,,Assumptions,,,,,,,,
,,,,,,,,,,
,,"total investment",2.746,,,,,,,
,,"import content share",0.8,,,,,,,
,,"demand multiplier",6.5,,,,,,,
,,"Project allocation",,,,,,,,
,,,,,,,,,,
,,,,,,,,,,
,,,,,,,,,,
,,,,,,,,,,
,,,,,,,,,,
,,,,,,,,,,
,,,,,,,,,,
,,,,,,,,,,
,,,,,,,,,,
,,,,,,,,,,
,,,,,,,,,,
,,,,,,,,,,
,,,,,,,,,,
,,,,,,,,,,
,,,,,,,,,,
,,,,,,,,,,
Year,"Invest (USD bn)","Invest (GEL bn)",Deflator,"Real Invest (GEL)","Impact on GDP",,,,,
2024,0,0,112.550881,0,0,,,,,
2025,0,0,115.92740743,0,0,,,,,
2026,0.1,0,119.4052296529,0,0,,,,,
2027,0.2,0,122.987386542487,0,0,,,,,
2028,0.3,0,126.67700813876162,0,0,,,,,
2029,0.4,0,130.47731838292447,0,0,,,,,
2030,0.4,0,134.39163793441222,0,0,,,,,
2031,0.3,0,138.4233870724446,0,0,,,,,
2032,0.2,0,142.57608868461793,0,0,,,,,
2033,0.1,0,146.85337134515646,0,0,,,,,
2034,0,0,151.25897248551115,0,0,,,,,
2035,0,0,155.7967416600765,0,0,,,,,
2036,0,0,160.4706439098788,0,0,,,,,
2037,0,0,165.28476322717515,0,0,,,,,
2038,0,0,170.2433061239904,0,0,,,,,
