,"Gold, Fixing Committee of the London Bullion Market Association, London 3 PM fixed price, US$ per troy ounce","Monthly log return","3-month volatility","12-month volatility"
1990M1,389.9342830602246,,,
1990M2,377.2347139765763,-3.311064273579538,,
1990M3,392.9537707620138,4.082439608574089,,
1990M4,410.4605971281605,4.358796347656448,15.07096776267824,
1990M5,375.3169325055333,-8.95091144003533,26.34740723476478,
1990M6,375.3172608610164,8.748748353456426E-05,23.50604373866163,
1990M7,411.5842563101479,9.22420560006572,31.48141090156799,
1990M8,395.3486945830582,-4.02456066687744,23.52921398250944,
1990M9,370.6105122813009,-6.461646756240431,29.24090150275442,
1990M10,390.8512008717193,5.317524810166134,21.53893369961456,
1990M11,370.7316461437508,-5.284845200042449,22.47416269972615,
1990M12,370.6854049285948,-0.0124737393479135,18.36393395712032,
1991M1,384.8392454313207,3.747196502806474,15.71692072075758,19.25578419382022
1991M2,341.734395106844,-11.87918899171253,28.25377761764816,22.45097698848688
1991M3,345.5016433497394,1.096358679508207,28.96811012671916,21.93170497116909
1991M4,368.7542494151805,6.51330317898078,32.74116348963496,22.60912412905938
1991M5,359.7433775933115,-2.473949418508346,15.67552849993925,20.95832742385687
1991M6,386.2849466519055,7.118436364754162,18.60917840413897,22.25777918868896
1991M7,361.8395184895758,-6.53745064466246,24.29029259781966,20.8538033909049
1991M8,351.7539259732941,-2.826893724877659,24.4606244098818,20.70275288626268
1991M9,409.3129753784311,15.15482271922018,40.1911702398503,25.23972137509742
1991M10,375.4844739902693,-8.626296159784369,42.95385454217787,26.36060288152653
1991M11,381.3505640937585,1.550194502452861,41.33251713245662,25.84128136919801
1991M12,351.5050362757308,-8.149502870956177,19.89333673241326,27.17319636936423
1992M1,369.1123455094963,4.887701797571503,23.46025531190009,27.38812709779691
1992M2,382.2184517941973,3.489125141313906,24.79445035650141,24.48742411204703
1992M3,356.9801284515539,-6.831219086091489,22.17199261740455,25.68374336420186
1992M4,387.5139603669135,8.207175726804907,26.64292869967342,26.18374844774738
1992M5,367.9872262016239,-5.170364873993346,28.56117461829604,26.64294521341366
1992M6,374.1661250041345,1.665165713898636,23.17243905819922,25.63465803440147
1992M7,367.965867755412,-1.670970009415083,11.84061184235119,24.78357367061635
1992M8,417.0455636901788,12.52052980711606,25.70476213479858,27.39387895113147
1992M9,379.7300555052413,-9.373486124238346,38.4727268371795,24.83877384263281
1992M10,358.845781420882,-5.65679020531468,40.58513828953794,23.95712687575951
1992M11,396.4508982420638,9.96594774508956,35.54989372717876,26.08003458902002
1992M12,355.5831270005796,-10.87931422949122,37.57311924871304,27.16772947158126
1993M1,384.1772719000951,7.734503850106234,39.64791324006121,27.85590187202722
1993M2,340.8065975224045,-11.97889379403346,38.37450574001131,30.1447971040475
1993M3,353.4362790220314,3.638805802987494,36.03624092138173,29.73399350961492
1993M4,383.9372247173825,8.277585020047642,36.76290922309425,29.75548501075773
1993M5,394.7693315999082,2.782256176534279,10.24212760958934,29.33022260780054
1993M6,383.4273656237994,-2.915141945575261,19.3874248618608,29.50340822478453
1993M7,377.6870343522352,-1.508430300559608,10.2809701350365,29.49258685174694
1993M8,373.9779260882142,-0.9869126711160139,3.455108225490115,26.26171717864515
1993M9,350.4295601926515,-6.5037057733786,10.55080696632628,25.39508161219122
1993M10,365.6031158321058,4.238864527595757,18.60895322876191,25.20216126324829
1993M11,370.7872245808043,1.40800173722032,19.28790898685369,22.91739884498651
1993M12,401.1424445243783,7.868820804995805,11.21896160438205,21.3188606247268
1994M1,386.8723657913692,-3.622175300677879,19.95434065860044,20.41357778304088
1994M2,344.7391968927453,-11.53066543549875,33.79133836083752,20.12817185558561
1994M3,386.4816793878959,11.42962854582459,40.40485403896265,22.93617340471014
1994M4,372.2983543916737,-3.738890482380633,40.44677554856148,21.74792165665515
1994M5,366.4615599938808,-1.580192898412009,28.42531965621404,21.51928633706788
1994M6,392.2335257768174,6.796375966576989,19.27790031924986,22.55578527426716
1994M7,400.619990449919,2.115593182271548,14.54204030925009,22.54936119048446
1994M8,398.625602382324,-0.4990686780109832,12.80388196444448,22.51973285259929
1994M9,363.2156495355472,-9.302590275232031,20.72261386145879,23.62066987445962
1994M10,373.8157524829757,2.876630188037181,21.78213701361241,23.41112564609696
1994M11,386.6252686280713,3.36928902001131,24.86574546201478,23.60424461124323
1994M12,399.5109025424472,3.278512949552185,0.9082541204891224,22.42575024115345
1995M1,370.4165152430942,-7.561296593578132,21.77096291312423,23.4365025318769
1995M2,376.2868204667237,1.572358361314448,20.19089335543811,20.04172663549377
1995M3,357.8733005198794,-5.01726583827941,16.3290472723189,16.97684683839978
1995M4,356.0758675183866,-0.5035195443915405,11.67101724588372,16.63767160320405
1995M5,396.250516447884,10.690280937534,28.01435705309365,19.87489076250771
1995M6,407.1248005714165,2.707314522105244,19.96689146670537,18.89199945242379
1995M7,378.5597975683933,-7.274572770146494,31.18017945565553,20.20151421922393
1995M8,400.0706579578405,5.526713035397385,23.30064377510585,21.07261888268884
1995M9,387.2327205009527,-3.261531914465714,22.68085820613393,18.90871477589786
1995M10,367.0976049078975,-5.339809113531347,19.98168106181804,19.57155999591348
1995M11,387.2279121101683,5.338567374291946,19.61166328021891,20.05118111736772
1995M12,410.7607313293194,5.8997442892588,21.93947149043296,20.67840585944451
1996M1,379.283479217801,-7.972699098930769,27.20108160384653,20.85091129034382
1996M2,411.2928731162801,8.102165561558621,30.18929011660438,22.29330694874294
1996M3,327.6050979182051,-22.74966341158068,53.45269495803215,32.15930912535901
1996M4,396.4380500875045,19.07108737013015,75.11494914564425,37.78006167235851
1996M5,381.7409413647634,-3.777757238723313,72.539342700871,36.43414428809264
1996M6,374.0198529906826,-2.043333571431321,44.06578484753549,36.31434828637291
1996M7,381.8352155307101,2.06802637137649,10.40045114916645,35.66705301069136
1996M8,340.2486217079821,-11.53125518803759,24.16047996685534,36.87946678603475
1996M9,375.6065622432498,9.886562784077672,37.54445091503184,38.44636987428895
1996M10,387.1422514302349,3.024998170322023,37.8863697777489,38.14807215919181
1996M11,409.5578808948303,5.628603834548077,11.99917045627842,38.18975589948409
1996M12,369.634595634527,-10.25633002970207,29.5128299247343,39.08940168133982
1997M1,363.8301279421362,-1.582786106491994,27.55233684975521,38.33948940510197
1997M2,369.9648591283093,1.672094856953365,21.35939767646242,37.31932328918136
1997M3,398.3080423540415,7.38176558846427,15.71990948065632,29.37784547107084
1997M4,386.5750221931937,-2.989972591228366,17.99489736685161,22.58714124054087
1997M5,369.4047959246592,-4.543290507836075,22.45852676904958,22.73156700963751
1997M6,390.2653486622671,5.49338382617147,18.7144310275049,23.33297127758337
1997M7,381.9415509869608,-2.155929994251026,18.16294710844346,23.37682551811322
1997M8,399.3728998106578,4.462797741577648,14.37926746688387,19.99521730880922
1997M9,365.9589381224529,-8.737443024267924,22.86351796559756,19.97956124978702
1997M10,373.4467570680446,2.025430686891708,24.33214190974279,19.82705110518033
1997M11,372.1578369373568,-0.3457385925402822,19.58992585711189,18.74897258719025
1997M12,350.7297010373576,-5.930221284338748,14.14929602305794,16.76198324207563
1998M1,385.9224055412915,9.56204830581044,27.17944463052871,19.42478965239183
1998M2,385.2211054435978,-0.1818858049229821,27.12924730957663,19.39028357407871
1998M3,380.1022691328492,-1.337712348562507,20.74053853090185,17.83215368656817
1998M4,375.3082573324971,-1.269263795791039,2.246335281467253,17.64043866437715
1998M5,351.6925851589917,-6.499025145058225,10.39175045484983,18.25772954766801
1998M6,371.5870935446928,5.502581781769654,20.84451319281407,18.2609756789899
1998M7,373.1457096694646,0.4185711690548878,20.86810348360916,18.17352241045242
1998M8,363.9544546155676,-2.494025078287505,14.01970770626422,17.54960507000987
1998M9,376.7742857666798,3.461756152900904,10.3165422327168,15.64761060412691
1998M10,388.0810171362908,2.956782822391403,11.44007298127116,15.79043054055958
1998M11,417.7237180242106,7.360612745031722,8.348628483537823,17.24895631245225
1998M12,383.4915562566368,-8.550264934754495,28.45916002322969,18.5416607918871
1999M1,385.1510078144553,0.4317882494766193,27.63483008218721,15.85868595092901
1999M2,378.5110816846766,-1.739013512828571,16.23470391650376,15.95255006019243
1999M3,341.6245756940192,-10.25329481228323,19.56406738764604,18.89826496134229
1999M4,379.4697224910157,10.506240879568,36.14962139005043,22.04648389910307
1999M5,381.2046041988205,0.4561438857687726,35.96261528179925,20.84238993190203
1999M6,429.2648422497057,11.87378264704054,21.59801356391133,23.28418925054178
1999M7,376.1527807043776,-13.20786838284848,43.50073389139431,27.40688916065881
1999M8,386.0309468466722,2.592214690892102,43.92901882006557,27.36034226654863
1999M9,379.3057646058951,-1.757489283782489,28.27273355431805,27.23961399258171
1999M10,356.6264392476094,-6.165380132055871,15.16871078770487,27.70329423696424
1999M11,402.8564562903004,12.18914653608014,33.19116754901771,29.59310362246887
1999M12,395.0386606537355,-1.959667544704111,33.30962646056912,28.29455681408874
2000M1,373.7309584112914,-5.544745917192187,32.48176929829128,28.87722544443147
2000M2,322.7183763561578,-14.67561329417159,22.7121466310989,32.29944690752679
2000M3,392.083829328083,19.46956241837035,61.23693958719596,36.71450954353937
2000M4,307.9444681162316,-24.15561988605288,79.48484233508472,42.91476059654705
2000M5,367.6057128140081,17.70914628101499,85.54430714307169,47.13840669040633
2000M6,415.7136687742993,12.29857958569422,78.87764622900092,47.25987064627019
2000M7,320.2839102460794,-26.07889050948744,82.69820564966898,52.56004458910614
2000M8,333.0110681119169,3.896790503523968,69.88507312554877,52.6825621892323
2000M9,352.9895409526292,5.826270046355755,61.97101925245625,53.14374166524348
2000M10,334.8957303765141,-5.261919669647015,20.5208583894739,53.04810593847247
2000M11,303.480097068016,-9.850320044888072,27.91977242279978,51.85092133838064
2000M12,352.0568892441808,14.84767493907986,45.50692627631432,54.64160379959876
2001M1,368.1308885882169,4.464577073243202,42.95849059318376,54.64216018495909
2001M2,414.2077729190555,11.79291644436047,18.48484940111051,53.34889682992002
2001M3,372.4172729729859,-10.63527877101439,39.6165153711073,51.09007573926853
2001M4,446.4980321505262,18.14200658528747,52.37302814836286,47.0068269964963
2001M5,376.5024012299129,-17.05105680408813,64.92836161457187,48.05874723074055
2001M6,390.3381545138297,3.608900130950859,61.26331225944863,46.43015657299776
2001M7,424.4055165210901,8.367597875784428,46.80997822086562,37.70652457038634
2001M8,363.0740705069813,-15.60825406229559,43.97239351389526,41.66796106416813
2001M9,406.8237980381239,11.37732986159708,51.22736968645986,42.76533873614045
2001M10,439.2142826284729,7.660724626378301,50.6651806155247,42.59295263958627
2001M11,351.7755029631631,-22.19942128526081,63.7626800866597,47.88472723081016
2001M12,405.5390157559691,14.22238888813465,67.24926777378681,47.6944536212123
2002M1,457.7964838274527,12.12076415611741,70.83558726447701,48.86992408691228
2002M2,473.4546861533193,3.363148136245343,19.95173047999791,47.7057958428484
2002M3,412.8914786736576,-13.68714133342047,45.46330817500715,48.61472152979464
2002M4,410.3863016074717,-0.6085879780553787,30.90422678632062,44.81017826348199
2002M5,465.6582469685069,12.63530743200818,45.59211845287406,42.78260945430062
2002M6,458.9095401969956,-1.459887901328643,27.37882425075944,42.8452952357468
2002M7,457.5147855103763,-0.3043908208030661,27.10887293348171,42.16775488379333
2002M8,460.3934462849093,0.6272239668978109,3.621909873604527,38.29682272781243
2002M9,429.5992583526453,-6.922862509185255,14.26014581965494,37.76623152237774
2002M10,456.9676109148301,6.175969828491747,22.7759432315529,37.4852852411027
2002M11,458.7921741989604,0.3984812891113884,22.74031035171244,28.3725097939655
2002M12,428.569457459209,-6.814450867947193,22.54581087454916,26.38846658414739
2003M1,555.9732353343427,26.02673358815332,59.78924824222653,35.2634253405969
2003M2,514.2149876273536,-7.807871333038004,66.69798753895324,36.41144904005379
2003M3,464.2608950839206,-10.21947737763818,70.20518703435121,35.05791070392721
2003M4,519.6966082590149,11.27985275518011,40.80142768929052,36.45901475933854
2003M5,470.7595498931803,-9.889774176808409,42.67277832061367,36.22681145270614
2003M6,523.6125381122736,10.64045258425936,41.71455736020722,37.65449393051982
2003M7,534.7578673702221,2.106208037047758,35.7275000560528,37.63362798386426
2003M8,475.3795304494487,-11.77005636266396,39.18201002864573,39.85199201310779
2003M9,528.9012838773297,10.66883090497128,39.22685013810403,40.27022561108453
2003M10,512.3834278080949,-3.172857831248484,39.21754279575934,40.23014488622064
2003M11,524.6618047998347,2.368064647937293,24.13283611367103,40.2486930402541
2003M12,556.9037894796185,5.963862148463013,15.94435533803681,39.52324631120107
2004M1,542.6383565199139,-2.59494072102109,14.88719506930604,29.87139318591196
2004M2,527.3879150692753,-2.850672846699504,17.37898343745899,28.88969404478789
2004M3,523.3145671112343,-0.7753609483281559,3.919997179799502,26.62492215645944
2004M4,525.5256914510369,0.4216328649527206,5.73545086894922,24.14950937464355
2004M5,547.6869487175769,4.130478359403915,8.860653294654032,21.78068769141309
2004M6,560.2345592444993,2.265168957560156,6.423945733124289,19.31722788285043
2004M7,558.3007239799006,-0.3457802754031452,7.788880077058843,19.25911833947136
2004M8,574.8154974710807,2.915136626963592,5.978811405709571,14.06938073851631
2004M9,550.3900567563372,-4.342189437330211,12.59155644367708,11.2115397077572
2004M10,593.6060223147196,7.558861624095538,20.77825689605017,12.60183376262695
2004M11,542.0602950028613,-9.083859656553123,29.70180548249157,16.16854495354345
2004M12,631.6050749976886,15.28870768493048,43.14516729750189,21.54481409995472
2005M1,525.0266939106002,-18.48152106513408,60.37824821236818,29.03213757153797
2005M2,465.7136977433487,-11.98780440526722,62.07422682075097,31.26820533664874
2005M3,457.1643000775555,-1.852821773827557,29.03101338633957,31.27695610182118
2005M4,519.2988966097274,12.74367810313001,43.06789775832488,34.22999443131588
2005M5,491.061488586966,-5.591027479163808,33.5616870655462,34.29990705879557
2005M6,528.5600197636837,7.35870138214436,32.64521038855011,35.18107158382497
2005M7,518.9295049829418,-1.83883197220802,23.08112079203437,35.20629923189326
2005M8,497.0868434937251,-4.300329915908456,21.28786521660828,35.15764550003841
2005M9,466.1282512772638,-6.430393263853911,7.959720734804989,35.42157447204449
2005M10,439.4061110125654,-5.903674610981627,3.843258153380489,34.25244118604003
2005M11,482.1394019173192,9.280922034825888,30.90937839069824,35.31222415237188
2005M12,534.2559517729389,10.26417467319253,31.39866594371466,33.07405553578558
2006M1,608.5637497652082,13.02266378079429,6.719624870650763,30.1982560868453
2006M2,550.1704488515205,-10.08735351537729,43.72337729856325,29.33833256072548
2006M3,606.9272370340473,9.818077356558826,43.37207515849732,30.23910502194866
2006M4,615.4126951891535,1.388418105819502,34.61152026660682,28.03788316683841
2006M5,564.6457025519546,-8.609463251849235,31.95593965447183,29.00644803115989
2006M6,606.1490042378211,7.092737810263971,27.53383420911668,28.94563578225979
2006M7,602.32834873784,-0.6323111012824951,27.19817844320113,28.83505334089699
2006M8,554.281188086775,-8.313060870729409,26.68366281850903,29.93468380963897
2006M9,614.3114944139313,10.28300016904723,32.37132753978877,30.13038332514123
2006M10,622.4313810547294,1.313127162926166,32.21600856718072,28.82262658525199
2006M11,643.3220497270111,3.301206276699693,16.3191008492369,27.98703073024634
2006M12,642.1520820813961,-0.1820290178880744,6.053243541294327,26.7065029348802
2007M1,644.8932252817164,0.4259597279573809,6.445094436637916,23.58247893565126
2007M2,662.4869984033951,2.691617172306337,5.24608356712447,20.60858765262545
2007M3,720.6014106883464,8.408522335374057,14.25043957777936,20.03165799875432
2007M4,720.5514380364883,-0.006935093931541719,14.88523514907184,20.08339823473421
2007M5,720.6019074522419,0.007004031310366145,16.81699306399237,17.05938898705016
2007M6,854.1092596261889,16.9972278933615,33.99439542278257,22.32654199447212
2007M7,722.8356204277267,-16.68772856063685,58.34480430178854,29.63964765522425
2007M8,745.422625607224,3.076950155871896,58.63604605297714,27.63846326461689
2007M9,738.160070539728,-0.9790641397953536,36.16229845073685,26.43321240112889
2007M10,726.055650052232,-1.653403398025069,8.863659531673385,26.62558685422114
2007M11,687.3892302143862,-5.472596798022498,8.394379954746794,27.33628719572635
2007M12,730.3587688197307,6.06351806787203,20.3577533798069,27.86171871812379
2008M1,769.0869914184972,5.166820833851548,22.22985468571689,28.14360662377178
2008M2,790.5272557303997,2.749604926885076,5.937847922673207,28.14641735207894
2008M3,780.5854580868358,-1.265590973278773,11.25527898491135,27.19208396202356
2008M4,803.2749655754529,2.865285279224075,8.148535902123944,27.26609680156547
2008M5,892.5863426669404,10.54261732415795,20.75761783718514,28.87527936257673
2008M6,725.3093922963301,-20.7524939639924,56.49999848225114,31.71412618471895
2008M7,827.4504076149806,13.17508632620909,65.38187192077852,29.98388576660717
2008M8,735.4913651524139,-11.78103752135864,60.89952138638336,32.50478742649861
2008M9,781.1227253684226,6.019347638357875,44.51665812924875,33.04990241156359
2008M10,843.5580238786946,7.689641279293867,37.38317604590026,33.70866625438364
2008M11,802.5712007638185,-4.980811428191761,23.84675039283024,33.60510022890045
2008M12,756.8902088828278,-5.860236634364814,26.2645370026177,33.87210334914767
2009M1,871.3878516296013,14.08689639581162,39.04456393605562,36.35459583695325
2009M2,927.1839099573871,6.206476613102593,34.80214650483134,36.69462729620666
2009M3,870.7853347313145,-6.275645043316697,35.56789200550352,37.41597639845128
2009M4,908.658343583279,4.257367580616529,23.26141620805175,37.52103522941643
2009M5,901.8228735961526,-0.7551033836787496,18.25078630194533,36.06823075815916
2009M6,873.9359860957674,-3.141099952357289,13.08091484798492,28.46700382873727
2009M7,985.757763573013,12.04035180101108,28.28049258230848,27.98008499620109
2009M8,925.3567608927204,-6.323129792420285,33.99468333358011,25.59318729177995
2009M9,818.9942965336957,-12.21022307162289,43.81702192444279,28.70593871741153
2009M10,907.458172590777,10.25703543782313,40.35684455629501,29.52095145360002
2009M11,873.5285414092644,-3.810667046009621,39.32506832877279,29.30163971532226
2009M12,934.0973333918489,6.703984033189278,25.34096741542842,28.92138397389366
2010M1,1120.74792615673,18.21708884876444,38.16625471726223,31.0588080242069
2010M2,1188.52635585331,5.871792965568889,23.90190180345869,31.01227015080672
2010M3,1250.498727898046,5.0828270759642,25.51617643515757,29.731633598018
2010M4,1286.575519417012,2.844159840766715,5.44070960506162,29.70082743397532
2010M5,1079.970359294422,-17.50504568062849,43.11180330280675,36.00287040545162
2010M6,1166.549876415905,7.711697322535342,46.33933996457039,36.11150291944892
2010M7,1152.505468883904,-1.211232777420141,44.29426933997359,34.65704030048417
2010M8,1134.667076742629,-1.559895766339996,18.2045426118985,33.83121170907952
2010M9,1376.54542402811,19.32377612637296,41.42308313684997,34.37948585999843
2010M10,1240.498171096096,-10.40639948926139,52.88235475049516,36.62763201855929
2010M11,1073.911604566495,-14.42053619940835,63.85413455688023,40.03338359222841
2010M12,1291.786194705478,18.4718219865806,62.16063378330251,43.23300675895069
2011M1,1412.215619701263,8.913392489133098,58.61301953550944,40.50561172977403
2011M2,1303.246526055115,-8.030135352243654,46.49301996984158,41.40407549246007
2011M3,1048.063003404599,-21.79147772169019,53.27751372172197,46.72813742892083
2011M4,1151.576592713375,9.418825182218612,54.1834619583519,47.83988131774311
2011M5,1326.691114918662,14.15560051225706,67.6566697589901,46.32119366402529
2011M6,1129.233053438122,-16.11492702668734,56.40415551852651,49.00612979529378
2011M7,1244.381942814623,9.710028665735827,56.62148502192774,49.98468801216639
2011M8,1277.463405342934,2.623742198173714,46.22297084209816,49.95897218996048
2011M9,1107.306952842192,-14.29454983638277,42.72385400057595,47.76153827745135
2011M10,1194.04746439382,7.541786780645719,39.67975213465674,47.61108352462194
2011M11,875.8732659930927,-30.98826386397748,66.9338552238629,55.23657132111391
2011M12,1097.561235866571,22.56245322246958,95.68557387094937,56.98977168665287
2012M1,1174.743184860684,6.795889744220318,95.3300171852942,56.61152667902309
2012M2,1075.221681803515,-8.852270167978045,54.41202584447178,56.72030359852359
2012M3,1363.241130393164,23.73381926298098,56.45549733060007,57.3100558654675
2012M4,1056.985862203937,-25.44437171807999,86.66770478582045,62.84982258318399
2012M5,1155.995551330302,8.95405905122999,87.40924229711153,61.71224311492666
2012M6,1213.074057728609,4.819575954805522,65.0577054408282,59.69106186751004
2012M7,1344.127328906612,10.25872949226771,9.836717606846822,59.784897357209
2012M8,1056.413784882056,-24.0865026104811,63.94905374465362,64.59267292155053
2012M9,1316.316375215496,21.99572604302576,82.95690271337622,66.95324123294611
2012M10,1201.023306101959,-9.166326221889486,81.45252559008942,67.37577396408346
2012M11,1101.849134895205,-8.618414831500019,61.78348209251949,59.37249683075107
2012M12,1246.210347426327,12.31174241013749,42.41884301141302,56.28796313576663
2013M1,1219.905969557347,-2.133344263477128,37.1157150393239,56.00258770192709
2013M2,1139.97831228412,-6.776454372821486,34.48414873302517,55.6694049840709
2013M3,1206.980208499002,5.711230680091775,21.86495394523022,50.09788962678017
2013M4,1161.468640313824,-3.843627114967683,22.62030332197043,42.72047720866328
2013M5,1211.351734525125,4.205159848326955,17.79587190415823,41.98756006345192
2013M6,1266.213067452105,4.429373723860057,16.32640721786205,41.94444133885765
2013M7,1358.601681614535,7.042538624335876,5.464361074747439,41.23348286985668
2013M8,1076.218450117315,-23.30025338409002,58.2485343542588,40.73506989015494
2013M9,1413.303337465627,27.24762951703991,88.13647588411247,44.01360281699046
2013M10,1004.79122004775,-34.11499781754159,113.4673450500182,55.59529471705688
2013M11,1184.821490496442,16.48123436245195,113.5012423618286,57.70850473849644
2013M12,1258.831720648458,6.059196269926788,92.54797090581121,56.65389383265601
2014M1,1228.099186773503,-2.471648755625981,32.88178746174146,56.66934604098153
2014M2,1137.730048017941,-7.643250604035979,23.96989081586521,56.78985107645428
2014M3,1179.187774964272,3.579078375981112,19.45751434461129,56.59494908572682
2014M4,1150.699906534117,-2.445550354876358,19.45522587689592,56.51380929879057
2014M5,1141.063524305579,-0.8409628053829011,10.80810960285083,56.32159206795733
2014M6,1284.960209702102,11.87670090871755,27.18236754980904,57.51217336242462
2014M7,1235.701548596505,-3.908888831418526,28.99434372045917,57.11598474681527
2014M8,1130.709040473935,-8.87939589476279,37.54214534163153,52.5542169836898
2014M9,1289.959987543325,13.17662950906896,40.07715394197454,46.21755896276311
2014M10,1230.729952087661,-4.700375014404711,40.58373474349644,29.33786857064367
2014M11,1281.286211883896,4.025697609875574,30.96679475826287,24.77690057757506
2014M12,1262.962884192361,-1.440397052350912,15.27416057357737,24.11776339922029
2015M1,1117.100498907793,-12.27239677111027,28.73458853768912,27.03992206803003
2015M2,1143.981895980303,2.3778579435991,26.32646016186626,26.10988999722574
2015M3,1274.729360512326,10.82188221735314,40.47906202318912,28.10731645082692
2015M4,1261.037026543346,-1.0799470420502,21.20903114121527,27.97615427248142
2015M5,1197.909840603585,-5.135618079294074,28.73130080590943,28.56814609166385
2015M6,1211.732738330878,1.147311180182153,11.03488530347501,25.74324213230617
2015M7,1327.766489578843,9.144684903048805,24.79355721998329,27.12396027781881
2015M8,1140.842861116417,-15.17308583557701,42.93407315667979,30.09105775098862
2015M9,1254.709738117004,9.513692038749983,49.00871640389955,28.53379165458567
2015M10,1179.780734756611,-6.157565825607454,43.2736623344433,28.81858106887832
2015M11,1178.231879677278,-0.1313695518507785,27.38359281275951,28.42680641868294
2015M12,1309.877685198719,10.59188550866004,29.3886835575058,30.55141789768734
2016M1,1282.541634898803,-2.109000138192573,23.67326416205562,27.52830152292517
2016M2,1281.350963600064,-0.09287997360206598,23.64493392434989,27.5190431272429
2016M3,1330.547880715433,3.767583613851566,10.34428888062533,25.59382367571127
2016M4,1202.100384163276,-10.15204508922343,24.89361545315827,27.67294736019966
2016M5,1268.195297129496,5.352451706859015,29.55189641980477,27.70199025485597
2016M6,1168.973324340654,-8.1469000956288,29.21104333749143,28.98537774436676
2016M7,1232.416635248844,5.285112288664751,26.9316167497011,27.84817840579882
2016M8,1186.985694563232,-3.75599221068848,23.7251174628946,23.31048121228149
2016M9,1209.699596499272,1.895499763234519,15.82216199968236,21.18432066901432
2016M10,1259.515702543691,4.035522258717526,13.94465887280531,20.55490183123935
2016M11,1118.177931676653,-11.90267701787755,29.96650046116332,24.05074813706299
2016M12,1409.238727568546,23.13491352229578,60.76916477425947,32.21118692729073
2017M1,1099.39826185003,-24.82866536161185,85.96765467169648,41.09124392959808
2017M2,1078.581138721227,-1.911657849148598,83.10264580798838,41.07397718797322
2017M3,1315.811087350007,19.88068549998663,77.44703372548769,46.14786051230443
2017M4,1279.166269396294,-2.824475827736912,44.52558402147211,44.97218128628512
2017M5,1262.411981705216,-1.318435139969745,43.98170586456574,44.68368115176249
2017M6,1262.834550926428,0.03346756205352692,4.952502375203084,43.80437320422362
2017M7,1198.775322715308,-5.205836663672388,9.422296990854631,43.84794339636885
2017M8,1110.274562851417,-7.669313260209767,13.62731507724287,44.36277995906135
2017M9,1207.580455819373,8.401139574556,29.98259407068814,45.22374484555796
2017M10,1132.283828848789,-6.438205385155765,30.98326127920607,45.41292058422557
2017M11,1297.511973341775,13.62118834729006,36.0509180170584,45.82988921436016
2017M12,1185.294261849786,-9.045749802806636,42.96437244749699,39.98312107713572
2018M1,1117.450280320749,-5.894151136354287,42.53401308168752,31.48062986133386
2018M2,1167.861415834701,4.412467190721942,24.38370604068669,31.66661790934083
2018M3,1241.293145427562,6.097946889279561,22.48900345549734,24.79570987546787
2018M4,1143.627544719603,-8.194842828308335,27.05804670117111,25.90502595630232
2018M5,1117.777960443357,-2.286251639585597,24.87931159490005,25.9387771932321
2018M6,1224.368721149191,9.108263074071827,30.46781545382575,27.85519160149681
2018M7,1224.496657110872,0.01044859083992385,20.87486650877065,27.32777989021945
2018M8,1149.305682462887,-6.337186174099657,26.89329276820582,26.94025583730909
2018M9,1152.896169438168,0.3119179044518597,13.00722383166606,25.45625674748649
2018M10,1223.204993735764,5.919727343566442,21.25511894732091,25.24995397265548
2018M11,1055.191565850268,-14.77521286926238,37.07693601421612,25.29589085237129
2018M12,1059.253622562344,0.3842201000541439,37.11416976861366,24.04451848875194
2019M1,1128.155577874756,6.301953676301693,37.65833050521743,24.39206089694672
2019M2,1178.655284828815,4.379013231091506,10.45711650456829,24.38559995925843
2019M3,1231.0907565598,4.352637084190834,3.872526522370197,23.97446276441321
2019M4,1347.535621694955,9.037688848081695,9.343839064945653,23.79514897453681
2019M5,1285.765962320202,-4.692283845784419,24.17736357976823,24.31413887204295
2019M6,1184.006147003657,-8.245089221450616,31.61736845508746,24.32357544080686
2019M7,1198.098379209731,1.183188768791085,16.49460701825094,24.36705036940508
2019M8,1099.747063536219,-8.565540473855572,19.18503774887499,25.07281870344439
2019M9,1198.148686400761,8.56973930558369,29.77303020516005,26.62847413040442
2019M10,1171.134136107986,-2.28049777825942,30.02822737294801,26.00283321718425
2019M11,1232.271856033809,5.08868767370774,19.19115731084898,21.12069919317343
2019M12,1117.276905644768,-9.79651125655261,25.78233891735947,23.87285651082927
2020M1,1877.901977136176,51.92607935071496,111.5794658310494,56.87314170824851
2020M2,2029.910836950387,7.783668532883059,110.1571000481719,56.98360140043089
2020M3,1783.685977731471,-12.93098721912731,114.7526773524652,59.60325794161647
2020M4,1860.256758314841,4.20325230896736,38.35357890645663,59.27211066677997
2020M5,1903.521598756667,2.299112333765915,32.53194877784978,58.73244274704959
2020M6,1739.816929217125,-8.992574904304236,24.70861410804242,58.89683866089989
2020M7,1833.613872271563,5.25089185052488,26.0419487824501,58.88480140338604
2020M8,1801.888860117269,-1.745333166925342,24.6716850859736,57.73825202644272
2020M9,1814.651414782325,0.705790986660868,12.29740752953958,57.61169959304598
2020M10,1684.04853242168,-7.469265616745616,14.5329255675036,58.40386266198918
2020M11,1803.676526138841,6.862636119424042,24.9054893480515,58.49904336325501
2020M12,1874.699743686818,3.862141357182637,26.18423801458625,56.76393962688248
2021M1,2017.671541169256,7.349563425051223,6.542504061697095,24.05119495747178
2021M2,1943.890623912781,-3.725270311322153,19.61544650499368,23.03229503697419
2021M3,2122.977368626734,8.812808153721491,23.74853422929034,20.17272041886164
2021M4,1684.897865566792,-23.11145745129854,55.71689865456695,31.44866031270881
2021M5,1930.848095508102,13.62543860608316,69.16530457132002,34.56166791976545
2021M6,1827.501300860753,-5.500970965425902,63.64822557302102,33.72372266569762
2021M7,2128.470439982651,15.24539940002786,39.97138224809371,36.64350692577568
2021M8,1678.755257196727,-23.73510180028881,67.56293191493934,44.38075865087196
2021M9,1674.041723672884,-0.2811704171797661,67.98000796469648,44.36029554189771
2021M10,1710.091103183397,2.130574951840615,49.49619474048942,43.79070091742893
2021M11,1481.415641353529,-14.35485007751909,30.84328819388359,45.34354752052093
2021M12,1721.136746747886,14.99868267639807,50.97033097684853,48.10152017102261
2022M1,1686.130100766945,-2.054894985487145,51.06355435085264,47.29463289251649
2022M2,1822.559067971431,7.780557284026514,29.65339665521748,48.09574951023521
2022M3,1851.263396366574,1.562672817843081,17.23281784226704,47.09420940269357
2022M4,2081.425625882383,11.71847330313059,17.73750564793644,41.96923553766824
2022M5,1942.563575727908,-6.904452445322634,32.30002653718747,40.6382320923386
2022M6,1713.46445165064,-12.5491215469952,43.99072203339315,42.26712985525091
2022M7,1665.237799297746,-2.85493804362853,16.86641929716271,38.61168338044176
2022M8,1873.787875725976,11.7994048458161,42.46357725910034,32.74074444245097
2022M9,1601.965018946904,-15.67309715490634,47.61918383809511,36.72966951811668
2022M10,2074.718814878153,25.85946210537292,73.17618540249723,45.18208117116065
2022M11,1976.916018108193,-4.828756977162271,74.62332052457757,42.43037285925627
2022M12,1729.623652184294,-13.36342210725405,71.4568673438407,42.72476359405486
2023M1,1543.029820636368,-11.4155943158943,15.49328681168147,44.22480195803999
2023M2,2003.080856124812,26.09385237850458,77.0406273893099,51.29934120443215
2023M3,1782.819023212107,-11.64905909338452,75.25344461879652,52.76186308333327
2023M4,1985.672446796019,10.77617884542897,65.75788599785038,52.53536427021745
2023M5,1560.835851180845,-24.07361410907298,61.18445771471578,57.43416843458518
2023M6,1710.093746556934,9.132671174999318,68.11558659809972,57.1085588883213
2023M7,1800.786554957728,5.167535287309107,62.82395248623859,57.23690390052053
2023M8,1807.047089064711,0.3470526087660514,15.24115805661274,55.93463273110407
2023M9,1732.490179278113,-4.213428698102016,16.25038635233067,53.62546737401249
2023M10,1893.427489852125,8.882888984461326,23.0292001261684,47.22544795936622
2023M11,1639.856935592611,-14.37796697479104,40.39551448312012,49.05262777753062
2023M12,1778.643077246806,8.124175380358679,45.7818627157428,48.10824135412343
2024M1,1818.044344756785,2.191063007343961,40.40002444432756,46.40832347804449
2024M2,1877.165825108812,3.200171201135577,10.99690310356556,37.98341120690618
2024M3,1906.742231713333,1.563304843115308,2.860668150468369,36.01520699403737
2024M4,1631.30368622432,-15.60166453130752,36.07837391038199,37.48236750186104
2024M5,1569.882874389657,-3.837848836493171,30.40381536574585,28.70315851104529
2024M6,1991.651523284776,23.79631914711537,70.0604841229795,36.46283472238831
2024M7,1849.847101796939,-7.386121775150298,59.13682613844085,37.15351363788434
2024M8,1687.727019516517,-9.172032319734605,64.22532672996837,38.32023993059897
2024M9,2032.672796328378,18.59689106697977,53.84086810007368,42.51339414297449
2024M10,1817.351195143929,-11.19715217694715,57.66973607212496,43.35628149716513
2024M11,1976.894577609574,8.414716464019309,52.45926198597696,41.2463218227633
2024M12,1810.127772211516,-8.812978317230616,37.07028848174194,41.77880211561833
2025M1,2109.112188732298,15.28696601398739,43.00764113784315,44.44544935149587
2025M2,2063.301126366481,-2.19599065939018,43.13341202536653,44.51302833206607
2025M3,1762.655377728139,-15.74857793193497,53.89863419127462,47.45336272686444
2025M4,1945.735642643153,9.88187186060874,44.41772937465493,45.49922402306093
2025M5,1896.806392437772,-2.546850212067348,44.39997080443749,45.3530438780172
2025M6,2005.294733629852,5.561942339152733,21.85806213134619,38.79938893101651
2025M7,1655.261480912984,-19.1832058413262,43.69995889553568,42.85020597195449
2025M8,1902.907718999766,13.94241038990797,59.66340677371002,44.21049452398084
2025M9,1958.763673027438,2.893040039233409,58.42526282395818,39.97821316247202
