"Scenario 1: Base Case",Year,"Real GDP","Project Allocation (%)","Project Investment",Imports,"GDP impact",Multiplier,"% of","Baseline GDP Growth","Projected Growth"
,,"(bil GEL)",,"(bil GEL)","(bil GEL)",I-M,Effect,GDP,,
,2020,43.971698,0,0,0,0,0,0,-0.063,-0.063
,2021,51.759354,0,0,0,0,0,0,0.106,0.106
,2022,68.60881,0,0,0,0,0,0,0.11,0.11
,2023,84.516388,0,0,0,0,0,0,0.078,0.078
,2024,92.74615,0,0,0,0,0,0,0.094,0.094
,2025,102.708638,0,0,0,0,0,0,0.072,0.072
,2026,110.326042,0.05,0.89245,0.219249061087125,0.673200938912875,0.5385607511303,0.00488153786148061,0.053,0.0578815378614806
,2027,116.452368,0.1,1.7849,0.438498122174251,1.34640187782575,1.0771215022606,0.00924945985006161,0.05,0.0592494598500616
,2028,122.809358,0.15,2.67735,0.657747183261376,2.01960281673862,1.6156822533909,0.0131560190502006,0.05,0.0631560190502006
,2029,129.616692,0.2,3.5698,0.876996244348502,2.6928037556515,2.1542430045212,0.0166201047973142,0.05,0.0666201047973142
,2030,136.756292,0.2,3.5698,0.876996244348502,2.6928037556515,2.1542430045212,0.0157524233292403,0.05,0.0657524233292403
,2031,144.299445755106,0.15,2.67735,0.657747183261376,2.01960281673862,1.6156822533909,0.0111967322184516,0.05,0.0611967322184516
,2032,152.25866203824,0.1,1.7849,0.438498122174251,1.34640187782575,1.0771215022606,0.00707428718892907,0.05,0.0570742871889291
,2033,160.656889874815,0.05,0.89245,0.219249061087125,0.673200938912875,0.5385607511303,0.0033522418587211,0.05,0.0533522418587211
,2034,169.518344104232,0,0,0,0,0,0,0.05,0.05
,2035,178.868575199188,0,0,0,0,0,0,0.05,0.05
,2036,188.734542936045,0,0,0,0,0,0,0.05,0.05
,2037,199.144694128696,0,0,0,0,0,0,0.05,0.05
,2038,210.129044650033,0,0,0,0,0,0,0.05,0.05
,2039,221.719265977537,0,0,0,0,0,0,0.05,0.05
,2040,233.94877651251,0,0,0,0,0,0,0.05,0.05
,2041,246.852837936264,0,0,0,0,0,0,0.05,0.05
,2042,260.468656881088,0,0,0,0,0,0,0.05,0.05
,,,,,,,,,,
,,,,,,,,,,
,,Assumptions,,,,,,,,
,,,,,,,,,,
,,"total investment",6.5,"billion USD",,,,,,
,,"import content share",0.245670974381899,,,,,,,
,,"demand multiplier",0.8,,,,,,,
,,"Project allocation",Bell-shaped,,,,,,,
,,"Exchange rate (GEL/USD)",2.746,,,,,,,
,,,,,,,,,,
,,"Bell Allocation:",0.05,0.1,0.15,0.2,0.2,0.15,0.1,0.05
,,Year:,2026,2027,2028,2029,2030,2031,2032,2033
,,,,,,,,,,
,,,,,,,,,,
"Scenario 2: Higher Multiplier (1.0)",,,,,,,,,,
,Year,"Real GDP","Project Allocation (%)","Project Investment",Imports,"GDP impact",Multiplier,"% of","Baseline GDP Growth","Projected Growth"
,2020,43.971698,0,0,0,0,0,0,-0.063,-0.063
,2021,51.759354,0,0,0,0,0,0,0.106,0.106
,2022,68.60881,0,0,0,0,0,0,0.11,0.11
,2023,84.516388,0,0,0,0,0,0,0.078,0.078
,2024,92.74615,0,0,0,0,0,0,0.094,0.094
,2025,102.708638,0,0,0,0,0,0,0.072,0.072
,2026,110.326042,0.05,0.89245,0.219249061087125,0.673200938912875,0.673200938912875,0.00610192232685076,0.053,0.0591019223268508
,2027,116.452368,0.1,1.7849,0.438498122174251,1.34640187782575,1.34640187782575,0.011561824812577,0.05,0.061561824812577
,2028,122.809358,0.15,2.67735,0.657747183261376,2.01960281673862,2.01960281673862,0.0164450238127507,0.05,0.0664450238127507
,2029,129.616692,0.2,3.5698,0.876996244348502,2.6928037556515,2.6928037556515,0.0207751309966428,0.05,0.0707751309966428
,2030,136.756292,0.2,3.5698,0.876996244348502,2.6928037556515,2.6928037556515,0.0196905291615504,0.05,0.0696905291615504
,2031,144.299445755106,0.15,2.67735,0.657747183261376,2.01960281673862,2.01960281673862,0.0139959152730644,0.05,0.0639959152730645
,2032,152.25866203824,0.1,1.7849,0.438498122174251,1.34640187782575,1.34640187782575,0.00884285898616134,0.05,0.0588428589861613
,2033,160.656889874815,0.05,0.89245,0.219249061087125,0.673200938912875,0.673200938912875,0.00419030232340137,0.05,0.0541903023234014
,2034,169.518344104232,0,0,0,0,0,0,0.05,0.05
,2035,178.868575199188,0,0,0,0,0,0,0.05,0.05
,2036,188.734542936045,0,0,0,0,0,0,0.05,0.05
,2037,199.144694128696,0,0,0,0,0,0,0.05,0.05
,2038,210.129044650033,0,0,0,0,0,0,0.05,0.05
,2039,221.719265977537,0,0,0,0,0,0,0.05,0.05
,2040,233.94877651251,0,0,0,0,0,0,0.05,0.05
,2041,246.852837936264,0,0,0,0,0,0,0.05,0.05
,2042,260.468656881088,0,0,0,0,0,0,0.05,0.05
,,,,,,,,,,
,,,,,,,,,,
,,Assumptions,,,,,,,,
,,,,,,,,,,
,,"total investment",6.5,,,,,,,
,,"import content share",0.245670974381899,,,,,,,
,,"demand multiplier",1,,,,,,,
,,,,,,,,,,
,,,,,,,,,,
,,,,,,,,,,
"Scenario 3: Higher Import Content (0.5)",,,,,,,,,,
,Year,"Real GDP","Project Allocation (%)","Project Investment",Imports,"GDP impact",Multiplier,"% of","Baseline GDP Growth","Projected Growth"
,2020,43.971698,0,0,0,0,0,0,-0.063,-0.063
,2021,51.759354,0,0,0,0,0,0,0.106,0.106
,2022,68.60881,0,0,0,0,0,0,0.11,0.11
,2023,84.516388,0,0,0,0,0,0,0.078,0.078
,2024,92.74615,0,0,0,0,0,0,0.094,0.094
,2025,102.708638,0,0,0,0,0,0,0.072,0.072
,2026,110.326042,0.05,0.89245,0.446225,0.446225,0.35698,0.00323568210667795,0.053,0.0562356821066779
,2027,116.452368,0.1,1.7849,0.89245,0.89245,0.71396,0.00613091869458593,0.05,0.0561309186945859
,2028,122.809358,0.15,2.67735,1.338675,1.338675,1.07094,0.00872034523623192,0.05,0.0587203452362319
,2029,129.616692,0.2,3.5698,1.7849,1.7849,1.42792,0.0110164823524427,0.05,0.0610164823524427
,2030,136.756292,0.2,3.5698,1.7849,1.7849,1.42792,0.0104413477370387,0.05,0.0604413477370387
,2031,144.299445755106,0.15,2.67735,1.338675,1.338675,1.07094,0.00742165012759312,0.05,0.0574216501275931
,2032,152.25866203824,0.1,1.7849,0.89245,0.89245,0.71396,0.00468912566577453,0.05,0.0546891256657745
,2033,160.656889874815,0.05,0.89245,0.446225,0.446225,0.35698,0.00222200243187928,0.05,0.0522220024318793
,2034,169.518344104232,0,0,0,0,0,0,0.05,0.05
,2035,178.868575199188,0,0,0,0,0,0,0.05,0.05
,2036,188.734542936045,0,0,0,0,0,0,0.05,0.05
,2037,199.144694128696,0,0,0,0,0,0,0.05,0.05
,2038,210.129044650033,0,0,0,0,0,0,0.05,0.05
,2039,221.719265977537,0,0,0,0,0,0,0.05,0.05
,2040,233.94877651251,0,0,0,0,0,0,0.05,0.05
,2041,246.852837936264,0,0,0,0,0,0,0.05,0.05
,2042,260.468656881088,0,0,0,0,0,0,0.05,0.05
,,,,,,,,,,
,,,,,,,,,,
,,Assumptions,,,,,,,,
,,,,,,,,,,
,,"total investment",6.5,,,,,,,
,,"import content share",0.5,,,,,,,
,,"demand multiplier",0.8,,,,,,,
