Indicator,Units,Scale,2020,2021,2022,2023,2024,2025,2026,2027,2028,2029,2030,2031,2032,2033,2034,2035,2036,2037,2038,2039,2040,2041,2042,2043
"GDP, constant prices","National currency",Billions,46.598,51.558,57.208,61.484,66.128,70.08,73.584,77.263,81.126,85.183,89.44215000000001,93.91425750000002,98.60997037500002,103.54046889375002,108.71749233843752,114.1533669553594,119.86103530312738,125.85408706828376,132.14679142169794,138.75413099278285,145.691837542422,152.9764294195431,160.62525089052028,168.6565134350463
"GDP, constant prices (% change)","Percent change",,-6.291,10.644,10.96,7.474,7.554,5.976,5,5,5,5,5,5,5,5,5,5,5,5,5,5,5,5,5,5
"GDP, current prices","National currency",Billions,49.789,60.724,72.86,80.246,89.8,98.569,107.12,116.412,126.511,137.486,149.41304913086523,162.37452926142842,176.4604089551639,191.76822910747302,208.40399221992217,226.48289643880784,246.1301332710665,267.48175450149614,290.68561431445494,315.90239314397587,343.30671034217943,373.0883333709137,405.45349188994345,440.62630584139464
"GDP, current prices","U.S. dollars",Billions,16.013,18.849,24.985,30.536,33.191,35.908,38.602,41.502,44.235,47.409,,,,,,,,,,,,,,
"GDP deflator",Index,,106.847,117.779,127.359,130.515,135.797,140.652,145.575,150.67,155.943,161.401,167.04993018489068,172.89656925779175,178.94783690138988,185.21089498277198,191.69315602972208,198.4022920036829,205.34624337976544,212.5332285445529,219.9717535228219,227.67062204469227,235.63894596512085,243.88615604807072,252.42201312811918,261.25661966271497
"Implied PPP conversion rate","National currency per intl dollar",,0.797,0.866,0.874,0.864,0.878,0.893,0.908,0.923,0.938,0.953,,,,,,,,,,,,,,
Population,Persons,Millions,3.717,3.729,3.689,3.736,3.737,3.736,3.732,3.729,3.726,3.723,,,,,,,,,,,,,,
"GDP deflator (% change)","Percent change",,,10.23145245070054,8.133877855984517,2.4780345323063058,4.0470444010267,3.5751894371746085,3.500127975428713,3.4999141336081063,3.499701334041294,3.499996793700255,3.499935059194592,3.499935059194592,3.499935059194592,3.499935059194592,3.499935059194592,3.499935059194592,3.499935059194592,3.499935059194592,3.499935059194592,3.499935059194592,3.499935059194592,3.499935059194592,3.499935059194592,3.499935059194592
"Avg deflator growth (2026-2029)",Percent,,3.499935059194592,,,,,,,,,,,,,,,,,,,,,,,
