Date,Price,"Log Return","3-month Volatility","12-month Volatility"
1990/01/01,409.819061279297,,,
1990/02/01,417.181060791016,1.7804577763742158,,
1990/03/01,392.703338623047,-6.046586283977909,,
1990/04/01,374.292114257813,-4.801791654598456,4.205911315509111,
1990/05/01,369.197631835938,-1.3704458419804602,2.421774046313538,
1990/06/01,352.527618408203,-4.620311901862343,1.9308330841718906,
1990/07/01,362.498565673828,2.7891548247739797,3.7140298034876476,
1990/08/01,394.631805419922,8.493267448770908,6.5752447531850695,
1990/09/01,389.755004882813,-1.243484289288566,4.892228760325101,
1990/10/01,380.995208740234,-2.273154955719252,5.941105501529432,
1990/11/01,381.794097900391,0.20946529934300276,1.2473096059958966,
1990/12/01,376.682342529297,-1.3479213049392647,1.2546522542507472,
1991/01/01,383.702270507813,1.846467513241765,1.597359759375206,3.98062494934324
1991/02/01,364.391662597656,-5.163762932392457,3.50970317235949,4.1137671142654515
1991/03/01,362.760803222656,-0.4485612539770916,3.5740643253722166,3.811526779207119
1991/04/01,358.323333740234,-1.2307927112367436,2.5269635164677804,3.591915048953385
1991/05/01,356.964294433594,-0.3799984477498231,0.47265875461876444,3.578022021064593
1991/06/01,366.910003662109,2.748083516812701,2.0952407854445023,3.39308162176582
1991/07/01,367.792266845703,0.24016901623760306,1.6562578101755363,3.303973950333667
1991/08/01,356.669525146484,-3.070863333095449,2.9186958503922256,2.1110840324517413
1991/09/01,348.742858886719,-2.247479656967142,1.7238180403657188,2.1479775698102483
1991/10/01,358.814361572266,2.8470299446701657,3.2055537640765683,2.3547541782145034
1991/11/01,359.589996337891,0.21593272882150316,2.5477147022013735,2.3549320166782293
1991/12/01,361.532012939453,0.5386110176724812,1.4350140405737917,2.356100414333068
1992/01/01,354.700958251953,-1.9075530166859027,1.3289740072989529,2.2873118232743077
1992/02/01,353.779998779297,-0.2599815795328384,1.2473946354851135,1.793226064327614
1992/03/01,344.183319091797,-2.7500827797976206,1.26655385658696,1.9343529334047596
1992/04/01,338.691589355469,-1.6084492387724163,1.2464814584507413,1.951419565020439
1992/05/01,337.098937988281,-0.4713455579389469,1.1393693613312994,1.9512166407021725
1992/06/01,341.021911621094,1.1570260372668375,1.3899911471793889,1.7564716889412417
1992/07/01,352.254486083984,3.2407154036876538,1.8606787296862228,2.0734372475461007
1992/08/01,342.892852783203,-2.693587040127227,3.010673455729372,2.0310168832157265
1992/09/01,345.006500244141,0.6145242333143851,2.9736740954439194,1.9516472158183116
1992/10/01,344.892395019531,-0.03307882544350478,1.7531540091876139,1.7211360319022113
1992/11/01,335.050537109375,-2.8951092396597717,1.867624825289783,1.8601566952698863
1992/12/01,334.80712890625,-0.07267460721499384,1.6410831368467553,1.8346643667669646
1993/01/01,329.030548095703,-1.7404033608375418,1.4189668845483865,1.8247735633490334
1993/02/01,329.299987792969,0.08185545030102777,1.0104310886207164,1.8336541191508484
1993/03/01,330.096954345703,0.24172600443525374,1.1011374868386534,1.7138537999899859
1993/04/01,342.05712890625,3.559135434087044,1.9630860060824589,1.9946360549101234
1993/05/01,366.667999267578,6.947903777996453,3.353152162349913,2.796194259404825
1993/06/01,371.809997558594,1.3926160062247273,2.799963676763916,2.800513413762123
1993/07/01,392.399993896484,5.389874759676879,2.86550618539355,3.0352347270566686
1993/08/01,378.700012207031,-3.5537344995096856,4.480189866672999,3.1362737352322316
1993/09/01,354.399993896484,-6.631816563297374,6.2447817954578895,3.8069527527736273
1993/10/01,362.380004882813,2.2267196973435817,4.497441950605935,3.8487502517787933
1993/11/01,374.167510986328,3.2010188997118965,5.417680574739201,3.774125953301014
1993/12/01,383.302001953125,2.411960783408184,0.5173950628882297,3.7828496607534596
1994/01/01,387.077514648438,0.9801773908908428,1.1258147717168963,3.6753593534963964
1994/02/01,382.304992675781,-1.2406269029592245,1.840442528364405,3.7362936966985845
1994/03/01,383.877502441406,0.41047974435022405,1.1534499180607614,3.732495044369877
1994/04/01,377.321044921875,-1.7227094533012137,1.1187085485140495,3.7478390791245304
1994/05/01,381.589996337891,1.1250321079797834,1.481593355883709,3.222059241674551
1994/06/01,385.743194580078,1.082512485683544,1.6320084785874913,3.2140166080606805
1994/07/01,385.399993896484,-0.08901088964598271,0.6889817773724568,2.787047245988173
1994/08/01,380.761352539063,-1.2108932557730043,1.1467924076393914,2.602911516162833
1994/09/01,391.928100585938,2.8905598509222465,2.1196847024930063,1.664690671727898
1994/10/01,389.594451904297,-0.5972074919991341,2.2122028554296924,1.6501850059261831
1994/11/01,384.441253662109,-1.3315340216662692,2.2557272722070274,1.5147436459108425
1994/12/01,379.399993896484,-1.319994954464128,0.42067214433995553,1.4041482486172654
1995/01/01,378.549987792969,-0.22429091111262173,0.635962237683608,1.3635252983663293
1995/02/01,376.505249023438,-0.5416143530420139,0.5637874714945057,1.3288483128698882
1995/03/01,381.661895751953,1.3603138256796399,1.0189044063500965,1.3906503242731434
1995/04/01,391.04443359375,2.4286067404580214,1.5044818539425073,1.4512616717866726
1995/05/01,385.219055175781,-1.5009047467735128,2.0317841912713535,1.5118823725934203
1995/06/01,387.490478515625,0.5879129953211455,1.9660609329045065,1.4885966739904528
1995/07/01,386.240478515625,-0.32311001030559444,1.0472442343059345,1.4919378534644827
1995/08/01,383.697631835938,-0.6605351497739229,0.6458123324565371,1.4588128790444201
1995/09/01,383.217498779297,-0.12521153911383398,0.2706753583709371,1.1559349064060975
1995/10/01,383.069030761719,-0.03875000113200828,0.3368144238677002,1.1491534886186414
1995/11/01,385.676300048828,0.6783206816928489,0.4410838906586836,1.1054580528157267
1995/12/01,387.557678222656,0.4866268010381582,0.3712496222906972,1.025504957742187
1996/01/01,400.070587158203,3.177631469187074,1.5013775385938473,1.3295484160571978
1996/02/01,404.484222412109,1.0971731141304397,1.4108259927878415,1.3010872600334886
1996/03/01,396.326324462891,-2.0374806991887375,2.6252541599250563,1.4776877648288074
1996/04/01,393.144989013672,-0.8059450964540154,1.5792716355764458,1.3460803793500553
1996/05/01,391.94287109375,-0.30623804556854484,0.8910282639757391,1.262994920855143
1996/06/01,385.272491455078,-1.7165238214155043,0.7150485671865706,1.3608016330698183
1996/07/01,383.586364746094,-0.43860570726478987,0.77883479997298,1.3633316581318653
1996/08/01,387.471435546875,1.0077334481345976,1.3629960460698647,1.3811859555947226
1996/09/01,382.964996337891,-1.169853972823201,1.1081898118280726,1.4275460691061082
1996/10/01,381.072723388672,-0.49533596821009307,1.1147555176518642,1.434580503595062
1996/11/01,378.516662597656,-0.6730137324655949,0.3496174459073531,1.4257759727931494
1996/12/01,368.977661132813,-2.5523991351101816,1.1398221902414876,1.5643877707625269
1997/01/01,355.200012207031,-3.805505778784995,1.5766458158777985,1.3988108026174475
1997/02/01,346.713195800781,-2.418313236776596,0.7651316267106816,1.2851570973992044
1997/03/01,351.805267333984,1.457989159859678,2.728076318211239,1.480249479343198
1997/04/01,344.583343505859,-2.0741817524460444,2.145552691127017,1.5106425578382434
1997/05/01,343.702789306641,-0.2558687841136338,1.7663428535000827,1.5131125695365657
1997/06/01,340.476318359375,-0.9431725784368492,0.9181349127615427,1.5006282798769546
1997/07/01,324.088623046875,-4.932856725268024,2.5253442768221617,1.8578994601896988
1997/08/01,324.049987792969,-0.011921910932518072,2.6140774932450674,1.7581840878891095
1997/09/01,324.476196289063,0.13143912086078224,2.883378927852227,1.8187801801514467
1997/10/01,323.883331298828,-0.182881605112033,0.1573621731584344,1.8347797857179333
1997/11/01,305.346160888672,-5.893727559332503,3.3915383077035455,2.2339042313637383
1997/12/01,287.619995117188,-5.9805939286053,3.322518509226915,2.538669252468311
1998/01/01,289.5,0.6515149531424549,3.804221635949935,2.5881583363189216
1998/02/01,297.455261230469,2.7108534245473126,4.5417874647872045,2.867948823209733
1998/03/01,295.954559326172,-0.5057904509177286,1.6292650981164156,2.7513609515725324
1998/04/01,308.285003662109,4.08187649295606,2.3548952582364806,3.1652671643894337
1998/05/01,298.978942871094,-3.065154594847713,3.6211666209289586,3.214574117827492
1998/06/01,292.538635253906,-2.1776401443010176,3.895494915113717,3.2266748831490757
1998/07/01,292.752258300781,0.07299722538428495,1.61766536076834,3.0267041591087316
1998/08/01,284.109985351563,-2.996528098598439,1.5894407698982598,3.0740646757688106
1998/09/01,288.981811523438,1.7002314671548506,2.3850027047733406,3.1630860743074374
1998/10/01,295.714996337891,2.303239004938173,2.9014565267823498,3.297559234966128
1998/11/01,293.716674804688,-0.6780528726893038,1.5762802072907287,2.87590282727578
1998/12/01,291.678955078125,-0.6961883050896555,1.7265087286996597,2.2721438948746093
1999/01/01,286.9368286,-1.6391646374093602,0.5497376770646722,2.3188780260189374
1999/02/01,287.655,0.24997632692637747,0.944570930575052,2.1530844403813365
1999/03/01,286.2136364,-0.5023333005173668,0.9510703485385595,2.153051593496658
1999/04/01,282.6175,-1.264411907295319,0.7571993685507886,1.6669230531525878
1999/05/01,276.91,-2.0401849670023378,0.7689359955144096,1.5588342815370744
1999/06/01,261.3136364,-5.797118572203784,2.424245713074644,2.129375200867712
1999/07/01,256.6931818,-1.7839831365162735,2.246680718935052,2.116452273961598
1999/08/01,256.9052632,0.08258646969002602,3.004448632157971,2.0506365641362483
1999/09/01,264.3108696,2.84185555026446,2.3272312415523775,2.2001675965409953
1999/10/01,310.7815789,16.196440003065703,8.617953812256312,5.349988079962761
1999/11/01,293.1840909,-5.828963848000638,11.095392810733795,5.644130856907948
1999/12/01,282.9526316,-3.552120418000859,12.112721064455458,5.734941885334617
2000/01/01,284.065625,0.39257812829716865,3.1478100109106157,5.720274507688322
2000/02/01,299.715,5.362673770880918,4.4672148808050425,5.933812023275768
2000/03/01,286.924,-4.361465079087926,4.862469432424704,6.086362756104298
2000/04/01,279.6526316,-2.5669140771659777,5.174579743191156,6.1228682673439705
2000/05/01,276.7409091,-1.0466509288941095,1.6592973507290025,6.100746386278963
2000/06/01,285.7318182,3.197195003536874,2.9873729214937765,5.872708338930312
2000/07/01,281.5857143,-1.4616779775790738,2.5783577849580714,5.860818391813048
2000/08/01,274.425,-2.5758892954923374,3.062544329987617,5.938942960873435
2000/09/01,273.53,-0.32666945128724545,1.1246259469476312,5.898067823212559
2000/10/01,269.9285714,-1.325393143212556,1.1269560437483381,3.11184046373389
2000/11/01,266.2973684,-1.354376294519481,0.5851595781635083,2.750510118638201
2000/12/01,271.45,1.9164349668272462,1.880092897769349,2.7060232182740886
2001/01/01,265.4863636,-2.221448219377142,2.1822044394335864,2.7460941333301987
2001/02/01,262.0894737,-1.2877530023601067,2.170279727087365,2.0151307480187035
2001/03/01,263.0272727,0.3571777146449055,1.3055583434963876,1.7701513515385867
2001/04/01,260.3305556,-1.0305534076255287,0.8848489855144976,1.6779526398609752
2001/05/01,272.0931818,4.419239657159502,2.8321484583710896,2.204078493270006
2001/06/01,270.202381,-0.6973350297485309,3.0547944683464943,1.9385675507767985
2001/07/01,267.5261905,-0.9953767523830342,3.04374320690895,1.9213853682900113
2001/08/01,272.0921053,1.6923161448273067,1.4732591260137924,1.8820472291662595
2001/09/01,284.4723529,4.449543958559072,2.7225343546953105,2.284999204376188
2001/10/01,282.2671429,-0.7782133221999128,2.6151885607859593,2.254283132208025
2001/11/01,277.184375,-1.8171039283237056,3.3585615873513777,2.290178851657318
2001/12/01,275.8357143,-0.4877448034011166,0.6989112169320196,2.2438435449800522
2002/01/01,281,1.854921888456878,1.8591690129041947,2.1619739077372153
2002/02/01,295.2875,4.959478868613158,2.7324777219320757,2.434377114886844
2002/03/01,294.0475,-0.4208139105503844,2.7007652575840937,2.463065606917452
2002/04/01,302.6833333,2.894583547189837,2.714258750277431,2.439693654008476
2002/05/01,314.4931818,3.827524202796389,2.2327343212224755,2.3750747026969052
2002/06/01,321.1777778,2.103239833347626,0.8631106270390531,2.307595489796612
2002/07/01,313.2913043,-2.4861352361470366,3.263377994915286,2.4840186085076663
2002/08/01,310.2809524,-0.9655257282655794,2.337803059715889,2.5645967850165627
2002/09/01,319.1357143,2.8138263885850945,2.729021464500796,2.4087993163677983
2002/10/01,316.5565217,-0.8114639779053339,2.138923704710543,2.4109964149135017
2002/11/01,320.4357143,1.2179867624425231,1.8169619635182988,2.2473514342600778
2002/12/01,332.0361111,3.5562054540323187,2.1856529620794842,2.2729552943929368
2003/01/01,356.8590909090909,7.20972691527626,3.019835419813195,2.8030786927178766
2003/02/01,358.97,0.5897819008986772,3.3159101253838466,2.6627897239822365
2003/03/01,340.55,-5.267686184955395,6.242588165763915,3.294408522046711
2003/04/01,328.18,-3.6999719340323116,3.0323161750728715,3.531784444447751
2003/05/01,355.6825,8.047624063410376,7.277376206457853,4.046888525471298
2003/06/01,356.352380952381,0.1881596444046257,5.984629755242276,4.038281311761471
2003/07/01,351.0195652173913,-1.5078112152691394,5.098265088496822,3.9738142725363366
2003/08/01,359.7675,2.4616026204175965,1.9916955222869186,3.9468835094730896
2003/09/01,378.9454545454546,5.193428584326298,3.3696125926607867,4.090677931352157
2003/10/01,378.9195652173912,-0.006832173909165396,2.6012418631803667,4.057026683657616
2003/11/01,389.91,2.8591989680796446,2.6046584664742634,4.0743366575341
2003/12/01,406.9526315789473,4.278085108089609,2.1828073857127896,4.110446133236986
2004/01/01,413.7880952380953,1.6657201193313411,1.307802257938354,3.7280954760348872
2004/02/01,404.8775,-2.1769443318094854,3.246996714619923,3.8549164754524075
2004/03/01,406.6673913043479,0.44110787358210835,1.9629884779189866,3.326804439666243
2004/04/01,403.26,-0.8414115743612991,1.3091155558064134,3.009495956143302
2004/05/01,383.778947368421,-4.951478627156061,2.817134965432245,2.859333238329466
2004/06/01,392.3727272727272,2.2145493974357393,3.595912176552026,2.890306288126756
2004/07/01,398.0909090909091,1.446817109030156,3.934453770719943,2.8000500390494807
2004/08/01,400.5095238095238,0.6057152021711708,0.804695879637652,2.7659590704688375
2004/09/01,405.275,1.1828303002897236,0.4301556480676821,2.419874608079813
2004/10/01,420.4642857142857,3.6793693875356115,1.6336625162413065,2.5706768537594975
2004/11/01,439.375,4.399371966193639,1.6880586194361793,2.7136591333403124
2004/12/01,442.078947368421,0.6135217518898995,2.01040987874829,2.509137420991514
2005/01/01,424.03,-4.1684272637886455,4.293539369001168,2.845546987099545
2005/02/01,423.35,-0.1604947357655659,2.5667638854173616,2.750117960062537
2005/03/01,434.3214285714286,2.5585618717509395,3.3840108060734737,2.8219621148391334
2005/04/01,429.2333333333334,-1.1784207194167071,1.9319455232899887,2.8386766381190274
2005/05/01,421.8725,-1.7297535928318593,2.3330472329758725,2.391219934262347
2005/06/01,430.6568181818182,2.060839173077669,2.047981368136135,2.3832858091722935
2005/07/01,424.4785714285714,-1.4450002492600305,2.111105083396613,2.4544121461370425
2005/08/01,437.9295454545454,3.1196517389777747,2.3891435661706772,2.565772734416724
2005/09/01,456.0477272727272,4.053942679788576,2.942428721106034,2.738436135240008
2005/10/01,469.8976190476191,2.991737005258266,0.5798768024600938,2.683542286378835
2005/11/01,476.6659090909091,1.430100610307674,1.3198192004094407,2.4619325042655165
2005/12/01,510.0972222222222,6.77854940939068,2.7502897111194744,3.025752142033789
2006/01/01,549.8642857142856,7.507015517245586,3.318269182693239,3.022316020295893
2006/02/01,554.995,0.9287610165672178,3.606108691900467,2.9618575517905357
2006/03/01,557.0934782608696,0.37739456752776246,3.9667142600116128,3.008188934285996
2006/04/01,610.6527777777778,9.179546212151706,4.930472169406607,3.4443545621976606
2006/05/01,675.3928571428571,10.076601965843016,5.359682931475829,3.6688066965480775
2006/06/01,596.1454545454545,-12.48098436116186,12.772548653544444,6.000164484845336
2006/07/01,633.7095238095238,6.110599656913522,12.043123013542262,5.920441364744178
2006/08/01,632.5931818181818,-0.17631523261839532,9.456718753460462,6.007379025591591
2006/09/01,598.1857142857143,-5.592626804002499,5.857007760822534,6.489092438830993
2006/10/01,585.7795454545455,-2.0957748244197916,2.746170968517778,6.602208760756242
2006/11/01,627.8272727272728,6.932156870972962,6.462735883106066,6.760541545418611
2006/12/01,629.7911764705883,0.3123213309998437,4.674838684680558,6.627106222589803
2007/01/01,631.1659090909092,0.21804598756480661,3.8494673954408034,6.381619487574243
2007/02/01,664.745,5.183475007561563,2.8399680553862603,6.485609595147959
2007/03/01,654.8954545454545,-1.4927896955156261,3.4678272369665324,6.537398588931786
2007/04/01,679.3684210526316,3.668796249039747,3.500207888828489,6.1172933987481795
2007/05/01,666.8595238095237,-1.8584159252197998,3.091001089780953,5.417908028633868
2007/06/01,655.4904761904762,-1.7195640731321424,3.1518190836845172,3.8459281451375453
2007/07/01,665.2954545454545,1.4847460514806454,1.8913670194676575,3.4785200191167625
2007/08/01,665.4113636363637,0.017420680441208817,1.6040450509746869,3.476023699508079
2007/09/01,712.6525,6.8588482987172235,3.601831722988529,3.3745084256897084
2007/10/01,754.6043478260871,5.719964494796631,3.6656330542301,3.3802587557409085
2007/11/01,806.2477272727273,6.619747994321953,0.6005324887703944,3.340718475219833
2007/12/01,803.2029411764706,-0.3783638465414013,3.8072909932132544,3.379746694656596
2008/01/01,889.5954545454545,10.215940318048396,5.38741510835369,4.0576487833740655
2008/02/01,922.297619047619,3.610115476592794,5.350765831151426,4.000766380205351
2008/03/01,968.4342105263158,4.88125825943892,3.505033487163462,3.8077922364688885
2008/04/01,909.7045454545456,-6.256067982708038,6.09641172946538,4.687243558703847
2008/05/01,888.6625,-2.3402348080391646,5.649834030003103,4.729221715090336
2008/06/01,889.4880952380952,0.09285999730640866,3.2031907602432725,4.6134713838082115
2008/07/01,939.7717391304348,5.499089170314645,4.012527562532083,4.67482718934201
2008/08/01,839.025,-11.3396511662491,8.597216618360905,6.205663599867755
2008/09/01,829.9318181818181,-1.0896952753584699,8.485446878420394,6.054330354614765
2008/10/01,806.6195652173913,-2.8491412096046935,5.480967145261514,5.986673772433187
2008/11/01,760.8625,-5.839948032641487,2.4015785331851327,5.919399877732967
2008/12/01,816.0921052631579,7.007456446625518,6.722514964200728,6.30281114268786
2009/01/01,858.6904761904761,5.088130396309204,6.930157676063489,5.702253984938013
2009/02/01,943.1625,9.383006350865557,2.151472724282293,6.276256724338447
2009/03/01,924.2727272727273,-2.023140268626964,5.760733614167104,6.121300359706307
2009/04/01,890.2,-3.7561030895036476,7.138388447097154,5.943424941008886
2009/05/01,928.6447368421052,4.228009449890269,4.199723919171476,6.028298041974111
2009/06/01,945.6704545454544,1.816790056364676,4.095061457021274,6.04170449957323
2009/07/01,934.2282608695652,-1.2173352621352214,2.7286038690406005,5.845456526974064
2009/08/01,949.375,1.608307432708606,1.6947781610805246,4.643351640245313
2009/09/01,996.5909090909092,4.8536490532030845,3.0379090788929624,4.7131832480413305
2009/10/01,1043.159090909091,4.5668611518603495,1.7966417581688765,4.571573933628934
2009/11/01,1127.035714285714,7.7337227831507995,1.7514795927077922,4.068369077496368
2009/12/01,1134.723684210526,0.6798247009774473,3.5330709756980743,3.9488064526546554
2010/01/01,1117.9625,-1.4881339128812259,4.821828208388108,4.049386378698193
2010/02/01,1095.4125,-2.037682747204789,1.436830725569087,3.5141038074156077
2010/03/01,1113.336956521739,1.6230768017090422,1.9741156883885786,3.3598893632758102
2010/04/01,1148.6875,3.1258213567508486,2.655848147774966,2.931747279142498
2010/05/01,1205.434210526316,4.8219856477689085,1.6004287084628637,2.9751844432811314
2010/06/01,1232.920454545455,2.2545865629215953,1.3056008469269567,2.9730907012359578
2010/07/01,1192.965909090909,-3.2943141425953884,4.148416553088444,3.2393171724814755
2010/08/01,1215.809523809524,1.8967562745881108,3.1055207193827514,3.236913688645643
2010/09/01,1270.977272727273,4.437598096656903,3.940929588232344,3.2063701571412966
2010/10/01,1342.02380952381,5.439266957616952,1.8261343329176858,3.2782855679508005
2010/11/01,1369.886363636364,2.0549009935847082,1.7385108076792588,2.759898083849016
2010/12/01,1390.552631578947,1.4973454656463212,2.1332114363909374,2.7444620475996846
2011/01/01,1356.4,-2.486711353609055,2.4768871464660625,2.862335343584187
2011/02/01,1372.725,1.196368412265174,2.2184218297215037,2.6304113620590157
2011/03/01,1424.010869565217,3.667963069029461,3.097145835491625,2.6780210697482185
2011/04/01,1473.805555555556,3.437042280645582,1.36520596384431,2.690852999404814
2011/05/01,1510.4375,2.455147507231355,0.6439931862353908,2.554645197632394
2011/06/01,1528.659090909091,1.199159599994585,1.1217354011783758,2.558728767049202
2011/07/01,1572.809523809524,2.8472585752839903,0.8609575042904621,2.0027553057673666
2011/08/01,1755.806818181818,11.006495102233306,5.251558508172057,3.2020198581176005
2011/09/01,1771.852272727273,0.9097004436042684,5.358366271462195,3.2261685831996236
2011/10/01,1665.214285714286,-6.207166589226764,8.649712977603716,4.007037797418043
2011/11/01,1738.977272727273,4.334335084478217,5.3774401642912455,4.07378885936552
2011/12/01,1652.305555555556,-5.112554713908121,5.796049797882023,4.563596889713298
2012/01/01,1656.119047619048,0.2305323052390063,4.736973418543495,4.416230146848465
2012/02/01,1742.619047619048,5.091223929172014,5.103789450890539,4.520653776009319
2012/03/01,1673.772727272727,-4.030898474435627,4.564340633273904,4.798379758725019
2012/04/01,1650.065789473684,-1.4265037059512184,4.698878638961969,4.811149784735244
2012/05/01,1585.504545454546,-3.9912477643459328,1.4923335403538627,4.983566539597214
2012/06/01,1596.697368421053,0.7034669343597904,2.3507102868389036,4.9784299143058695
2012/07/01,1593.909090909091,-0.1747804536416926,2.495899547606335,4.91739335288067
2012/08/01,1626.034090909091,1.9954430334964266,1.0916646844305935,3.618914443630862
2012/09/01,1744.45,7.02953427017627,3.6958105832406827,4.235773324458421
2012/10/01,1747.010869565217,0.14669332523622444,3.5621493871058654,3.779590857361073
2012/11/01,1721.136363636364,-1.49215037712395,4.521769885456745,3.5980550926233574
2012/12/01,1688.529411764706,-1.9126769644086166,1.0880913933160492,3.2976965629681367
2013/01/01,1670.954545454545,-1.0462932322176308,0.4332535777275791,3.3164884393048037
2013/02/01,1627.5875,-2.629619014496233,0.7928374368281268,2.9873119034480347
2013/03/01,1592.8625,-2.1566145022387198,0.8127594072156655,2.8349717447490237
2013/04/01,1485.083333333333,-7.006182467089656,2.6738346486180005,3.4146388152948424
2013/05/01,1413.5,-4.940198925145381,2.4336166392409218,3.5031374961251154
2013/06/01,1342.3625,-5.1637776852610155,1.1337791405784237,3.656419238504424
2013/07/01,1286.723913043478,-4.233173547730469,0.48578054151240563,3.7153751868807485
2013/08/01,1347.095238095238,4.5851212964129315,5.380046148716545,4.017769916425702
2013/09/01,1348.797619047619,0.1262944240643112,4.409240713791298,3.053242645654783
2013/10/01,1316.184782608696,-2.4476307663488464,3.5582259048506564,2.966963262433006
2013/11/01,1275.821428571429,-3.1147006494306253,1.711438098071161,2.9607959592431157
2013/12/01,1225.402777777778,-4.032064072821708,0.7955047435591935,2.9860095358531007
2014/01/01,1244.795454545455,1.5701634740868429,3.0048422308483436,3.2031103237635397
2014/02/01,1300.975,4.414276047681483,4.297568910633119,3.7641870704081404
2014/03/01,1336.083333333333,2.6628465060662743,1.4347147207079967,3.9812715165249104
2014/04/01,1299,-2.8147710730237274,3.771182883733223,3.6182398572925445
2014/05/01,1287.525,-0.887296684549683,2.7785778297196106,3.4120677198286153
2014/06/01,1279.095238095238,-0.6568788082413213,1.1849577307759118,3.1210465429268073
2014/07/01,1310.967391304348,2.461234856471807,1.8703114136870782,2.968625839183701
2014/08/01,1295.9875,-1.1492378503429874,1.9579140013061755,2.633374223158197
2014/09/01,1238.818181818182,-4.511510685252729,3.487108930825695,2.8894312655063126
2014/10/01,1222.489130434783,-1.3268794901841956,1.8920144034503321,2.845902220958327
2014/11/01,1176.3,-3.8515132083212738,1.6808355030021114,2.911910269584164
2014/12/01,1202.289473684211,2.185371482701961,3.0318767312234485,2.812057171625632
2015/01/01,1251.845238095238,4.039101948104968,4.125976671405561,3.0317837170287922
2015/02/01,1227.1875,-1.989368750213622,3.087804819262738,2.743025966622207
2015/03/01,1178.629545454546,-4.037260441991113,4.198490776415886,2.7255301828335616
2015/04/01,1197.91,1.6226010292256,2.865723234548797,2.764319398361258
2015/05/01,1199.052631578947,0.09533996487428298,2.928166216675292,2.77200676147805
2015/06/01,1181.504545454546,-1.4743106484226147,1.5485041892990756,2.7837315160623937
2015/07/01,1130.036956521739,-4.453832775110263,2.310711570399297,2.79428065653142
2015/08/01,1117.475,-1.1178661185260024,1.8318150534445554,2.794385542234152
2015/09/01,1124.531818181818,0.6295111530252867,2.5827113128999586,2.635991728696926
2015/10/01,1159.245454545454,3.040253583035515,2.0878603818861903,2.8503776242446697
2015/11/01,1085.702380952381,-6.554218998672234,4.991184930745429,3.2262180196831944
2015/12/01,1068.252631578947,-1.6202874277031896,4.797885426256797,3.1050157445754714
2016/01/01,1097.375,2.689670527669139,4.625453345336109,2.925780868861476
2016/02/01,1199.911904761905,8.93271771364623,5.3059289676229335,4.090238376358973
2016/03/01,1246.338095238095,3.7961586650157897,3.331270854205959,4.044781901995361
2016/04/01,1242.261904761905,-0.3275893370959454,4.639375373169199,4.033225107250016
2016/05/01,1259.3975,1.3699597318381946,2.0725753580876054,4.044029732177008
2016/06/01,1276.404545454545,1.341374456943566,0.9719336487294051,4.006321304070446
2016/07/01,1337.326190476191,4.662506373010309,1.9092580455136552,3.8114043827253683
2016/08/01,1341.088636363637,0.28094590311483875,2.285916959451322,3.748145929840812
2016/09/01,1326.029545454545,-1.1292526173598458,3.0202429323106093,3.8198366106205293
2016/10/01,1266.569047619048,-4.587746573017478,2.505128297965888,4.138648220489879
2016/11/01,1235.979545454545,-2.4447897511625363,1.7456652185756583,3.617635027987455
2016/12/01,1151.402777777778,-7.088280413495081,2.324038832108084,4.273609623918636
2017/01/01,1192.616666666666,3.5168766899079307,5.316214653830529,4.316404139127734
2017/02/01,1234.3575,3.440081911396665,6.100842399074436,3.5940672616890024
2017/03/01,1231.093478260869,-0.2647810623605344,2.1615134531008517,3.4150883012915076
2017/04/01,1265.627777777778,2.7665484929681714,1.9735169872196159,3.511985116470192
2017/05/01,1245.004761904762,-1.6428911365280112,2.2557816123501646,3.524924359980308
2017/06/01,1260.256818181818,1.2176169415472164,2.236994012132218,3.5205155931928744
2017/07/01,1236.221428571428,-1.9256031828122022,1.7388820793844277,3.2091973143147388
2017/08/01,1282.315909090909,3.6608254770174415,2.800514413143254,3.438915379417954
2017/09/01,1314.978571428571,2.5152622915390905,2.9507565793813706,3.5259308633425954
2017/10/01,1279.513636363637,-2.7340335872253423,3.4098300223096327,3.346012493683361
2017/11/01,1282.284090909091,0.21628995888367925,2.6313744835432056,3.2499299182038266
2017/12/01,1261.255882352941,-1.6534977139963467,1.4926527136675252,2.3908913704195336
2018/01/01,1331.665909090909,5.4322765075038255,3.67221136680876,2.6424227509884415
2018/02/01,1331.525,-0.010581974469756936,3.7088200482105793,2.5284282648128977
2018/03/01,1324.657142857143,-0.5171236066138576,3.2983999807419373,2.5375924616143744
2018/04/01,1334.74,0.7582850484189337,0.642184833376586,2.447076683151878
2018/05/01,1303.02619047619,-2.4047118254463413,1.591341454312956,2.515050849945891
2018/06/01,1281.566666666667,-1.6606110237430427,1.6537479370154748,2.5646200079382764
2018/07/01,1238.525,-3.4162132386424444,0.8811886147843047,2.705953184467263
2018/08/01,1201.245454545454,-3.056225809404787,0.9273142865399429,2.5749033281111005
2018/09/01,1198.4725,-0.23110680773176304,1.7443141583944344,2.393938353025857
2018/10/01,1215.393478260869,1.4020045504050105,2.2555179753521184,2.3836686419725757
2018/11/01,1220.945454545455,0.455764657401297,0.8199812043375397,2.3905495323025576
2018/12/01,1247.923529411765,2.1855472201308217,0.8661655696916778,2.4645247559815266
2019/01/01,1291.745454545454,3.451337578433066,1.5037636156608774,2.1005830798406064
2019/02/01,1320.065,2.168660846575012,0.7357275287352024,2.2146132780178243
2019/03/01,1300.897619047619,-1.4626475421198155,2.5488203146184643,2.248450660759069
2019/04/01,1286.445,-1.1171902214939968,2.0042687201616136,2.244692576110852
2019/05/01,1283.947619047619,-0.1943190872643421,0.6557043236302437,2.1454127410480033
2019/06/01,1359.0425,5.684099837349376,3.689287344193833,2.6541955013949456
2019/07/01,1412.978260869565,3.891931082040064,3.012892252385403,2.511224037725364
2019/08/01,1498.797619047619,5.896348086842152,1.101105936173525,2.494602210352964
2019/09/01,1511.314285714286,0.8316460785511912,2.5506286239704763,2.4323143394923634
2019/10/01,1494.8,-1.0987241520008402,3.612676092280714,2.5843016924556825
2019/11/01,1470.016666666667,-1.6718680034338882,1.3116405668814535,2.747107747064539
2019/12/01,1476.044444444444,0.40920985423133366,1.0749607660477187,2.7574152914356467
2020/01/01,1560.672727272727,5.575112660023874,3.7313126730658386,2.9617027898532
2020/02/01,1597.1025,2.307408627867011,2.613031445942351,2.9644962629964047
2020/03/01,1591.927272727273,-0.3245646597637767,2.9555418427702063,2.8748926170763696
2020/04/01,1682.93,5.559091853071047,2.9472626040926797,2.9293405940564408
2020/05/01,1716.381578947368,1.9682019751056001,2.965599515518703,2.8309158215198362
2020/06/01,1732.218181818182,0.9184431533020163,2.433519538114058,2.660365896627016
2020/07/01,1843.313043478261,6.216174641768031,2.8051507471242347,2.8840939943795707
2020/08/01,1968.030952380952,6.546900669132599,3.15845090291033,2.9645641821681146
2020/09/01,1922.213636363636,-2.3556068816326126,5.047102450606695,3.2355173957810583
2020/10/01,1900.275,-1.147884498477007,4.829129542368746,3.239831546095978
2020/11/01,1863.492857142857,-1.9546005644383135,0.6151138420765268,3.2698514230827835
2020/12/01,1855.955263157895,-0.40530767252419186,0.7748676896152301,3.3135056837318784
2021/01/01,1866.985,0.5925300076208706,1.2834759218603369,3.1187488845466937
2021/02/01,1808.175,-3.20067809263814,1.966308025778086,3.3822536311865474
2021/03/01,1718.228260869566,-5.10243702836913,2.8993609721947347,3.81084101031172
2021/04/01,1761.6775,2.4972801077197944,3.954725343417723,3.54446239232858
2021/05/01,1855.56,5.192005717835961,5.338426705145662,3.789402620039357
2021/06/01,1834.565909090909,-1.137864557514515,3.176556850683953,3.822496037886623
2021/07/01,1807.093181818182,-1.5088314299606755,3.766211460794286,3.394914899322119
2021/08/01,1783.969047619048,-1.287889340046851,0.1866097813271718,2.6606559745585563
2021/09/01,1777.252272727273,-0.377217940261276,0.5998175966564836,2.617683927967722
2021/10/01,1776.854761904762,-0.0223690969515049,0.6527865380645504,2.6185196748067296
2021/11/01,1820.234090909091,2.412030055045095,1.5183390767634137,2.7088882731647206
2021/12/01,1786.652631578947,-1.8621283272103106,2.1439621861236415,2.7514448286436415
2022/01/01,1816.765,1.6713616058316807,2.2840961281279095,2.801047930780774
2022/02/01,1856.295,2.1525118716753404,2.1921980070140843,2.7092144035565946
2022/03/01,1947.828260869565,4.813247386332312,1.6922600920559063,2.437152690213871
2022/04/01,1933.9,-0.7176350176479622,2.7661018543523106,2.4397177224272184
2022/05/01,1849.833181818182,-4.444322635179251,4.657994265570201,2.440404594432451
2022/06/01,1837.064090909091,-0.6926768510051995,2.1588449689071445,2.425298576338749
2022/07/01,1737.380476190476,-5.57901891153891,2.557300675257547,2.8961331789246385
2022/08/01,1764.132608695652,1.528062434775386,3.635900323420109,2.9252094636590273
2022/09/01,1683.208181818181,-4.695752533612888,3.873556451940884,3.2146569030930956
2022/10/01,1666.626666666667,-0.9899980942520943,3.1307378670589863,3.21500736969375
2022/11/01,1727.898636363636,3.6104385671556285,4.161118520361093,3.3313368470954376
2022/12/01,1797.408181818182,3.9439719111932408,2.7573937568485265,3.5212560944766
2023/01/01,1896.059545454545,5.343208090865859,0.9193835435033549,3.821675900643185
2023/02/01,1853.409,-2.2751163071035805,4.055321335113482,3.84611918717253
2023/03/01,1913.648260869565,3.1984858293079004,3.928507361998257,3.686865632663228
2023/04/01,1999.6685,4.396991242971905,3.5570061084682942,3.9041988824153324
2023/05/01,1989.826956521739,-0.4933738388171685,2.5489185180154452,3.626403979060446
2023/06/01,1944.728636363636,-2.2925229676044436,3.461748320196525,3.7070772284981253
2023/07/01,1950.27,0.2845375771523031,1.3218247999169923,3.186493938649202
2023/08/01,1919.302173913044,-1.6006155640823143,1.3337777971047389,3.263152672945618
2023/09/01,1915.434761904762,-0.2017042307835967,0.978705469836143,2.814298629705054
2023/10/01,1913.984545454546,-0.07574080575388546,0.8463709521110306,2.7652005222270213
2023/11/01,1985.777727272728,3.6823421034235824,2.206991536872658,2.771080833735573
2023/12/01,2034.704285714285,2.433985463287982,1.9139970131786708,2.665399734313827
2024/01/01,2034.006086956522,-0.0343203964236973,1.8914063663417533,2.3022397527555487
2024/02/01,2024.44619047619,-0.47111132561449937,1.5664666974756642,2.152512343585168
2024/03/01,2162.346190476191,6.589765453324309,3.956540588022412,2.666519543990008
2024/04/01,2333.550454545454,7.6197076503209855,4.4041290004924045,3.1552533734530908
2024/05/01,2350.596521739131,0.7278226976126552,3.7175536759577565,3.1120171011020976
2024/06/01,2328.2625,-0.9546853737843145,4.543294093927685,2.9897181253307794
2024/07/01,2393.962173913043,2.7827525395987642,1.8718089388874721,2.9843619917565887
2024/08/01,2468.328636363637,3.0591449518212728,2.241861904930754,2.812926051411962
2024/09/01,2569.049047619048,3.9994553892326437,0.6378273419123892,2.7618636043248346
2024/10/01,2689.128695652173,4.568142613218603,0.7620873549591971,2.700984022832315
2024/11/01,2652.199523809524,-1.3827931467305061,3.283941759548612,2.941365422132819
2024/12/01,2640.605454545455,-0.43810750088150935,3.1981402823474774,3.0540616710351784
2025/01/01,2707.467391304348,2.5005426273837243,2.0251910313326733,2.9741935499385512
2025/02/01,2894.38,6.675726975914571,3.574783673730547,3.0648103773952524
2025/03/01,2986.256190476191,3.1249566908965822,2.2520371105548094,2.8493484707410213
2025/04/01,3222.011818181818,7.598546006360103,2.3619400903829226,2.846024855335682
2025/05/01,3288.009545454546,2.0276427595881126,2.9510467694296696,2.7887798253578917
2025/06/01,3351.858571428571,1.923260912663916,3.2469144185824628,2.5503933323388455
2025/07/01,3341.649130434783,-0.3050552674573565,1.3176853856883155,2.7279242702137054
2025/08/01,3367.256190476191,0.7633789171296412,1.1144707898780863,2.7863896395444323
2025/09/01,3666.523636363636,8.514574917309519,4.813322962293472,3.2590725496986317
